##TITLE= Parameter file, TopSpin 3.6.0
##JCAMPDX= 5.0
##DATATYPE= Parameter Values
##NPOINTS= 3	$$ modification sequence number
##ORIGIN= Bruker BioSpin GmbH
##OWNER= root
$$ 2018-12-05 08:56:06.797 +0000  root@arran
$$ C:\Bruker\TopSpin3.6.0\exp\stan\nmr\par\user/topshim3d1h/clevels
$$ process C:\Bruker\TopSpin3.6.0\prog\mod\edparproc.exe
##$LEVELS= (0..255)
-7394416.50523698 -4108009.1695761 -2282227.31643117 -1267904.06468398
-704391.147046656 -391328.41502592 -217404.6750144 -120780.375008 120780.375008
217404.6750144 391328.41502592 704391.147046656 1267904.06468398 2282227.31643117
4108009.1695761 7394416.50523698 0 0 0 0 0 0 0 0 0 0 0 0 0 0 0 0 0 0 0
0 0 0 0 0 0 0 0 0 0 0 0 0 0 0 0 0 0 0 0 0 0 0 0 0 0 0 0 0 0 0 0 0 0 0 0
0 0 0 0 0 0 0 0 0 0 0 0 0 0 0 0 0 0 0 0 0 0 0 0 0 0 0 0 0 0 0 0 0 0 0 0
0 0 0 0 0 0 0 0 0 0 0 0 0 0 0 0 0 0 0 0 0 0 0 0 0 0 0 0 0 0 0 0 0 0 0 0
0 0 0 0 0 0 0 0 0 0 0 0 0 0 0 0 0 0 0 0 0 0 0 0 0 0 0 0 0 0 0 0 0 0 0 0
0 0 0 0 0 0 0 0 0 0 0 0 0 0 0 0 0 0 0 0 0 0 0 0 0 0 0 0 0 0 0 0 0 0 0 0
0 0 0 0 0 0 0 0 0 0 0 0 0 0 0 0 0 0 0 0 0 0 0 0 0 0 0 0 0 0 0 0 0 0 0 0
0 0 0 0 0
##$LEVSIGN= 3
##$MAXLEV= 8
##$METHOD= 0
##$NEGBASE= -120780.375008
##$NEGINCR= 1.8
##$POSBASE= 120780.375008
##$POSINCR= 1.8
##END=
