##TITLE= Parameter file, TopSpin 3.6.4
##JCAMPDX= 5.0
##DATATYPE= Parameter Values
##NPOINTS= 3	$$ modification sequence number
##ORIGIN= Bruker BioSpin GmbH
##OWNER= ak2359
$$ 2023-01-13 14:42:12.259 +0000  ak2359@auchentoshan
$$ C:\Bruker\TopSpin3.6.4\exp\stan\nmr\par\user/23Na_T1.std/clevels
$$ process C:\Bruker\TopSpin3.6.4\prog\mod\edparproc.exe
##$LEVELS= (0..255)
-205195.827062234 -113997.681701241 -63332.0453895783 -35184.4696608768
-19546.927589376 -10859.40421632 -6033.0023424 -3351.667968 3351.667968
6033.0023424 10859.40421632 19546.927589376 35184.4696608768 63332.0453895783
113997.681701241 205195.827062234 0 0 0 0 0 0 0 0 0 0 0 0 0 0 0 0 0 0 0
0 0 0 0 0 0 0 0 0 0 0 0 0 0 0 0 0 0 0 0 0 0 0 0 0 0 0 0 0 0 0 0 0 0 0 0
0 0 0 0 0 0 0 0 0 0 0 0 0 0 0 0 0 0 0 0 0 0 0 0 0 0 0 0 0 0 0 0 0 0 0 0
0 0 0 0 0 0 0 0 0 0 0 0 0 0 0 0 0 0 0 0 0 0 0 0 0 0 0 0 0 0 0 0 0 0 0 0
0 0 0 0 0 0 0 0 0 0 0 0 0 0 0 0 0 0 0 0 0 0 0 0 0 0 0 0 0 0 0 0 0 0 0 0
0 0 0 0 0 0 0 0 0 0 0 0 0 0 0 0 0 0 0 0 0 0 0 0 0 0 0 0 0 0 0 0 0 0 0 0
0 0 0 0 0 0 0 0 0 0 0 0 0 0 0 0 0 0 0 0 0 0 0 0 0 0 0 0 0 0 0 0 0 0 0 0
0 0 0 0 0
##$LEVSIGN= 3
##$MAXLEV= 8
##$METHOD= 0
##$NEGBASE= -3351.667968
##$NEGINCR= 1.8
##$POSBASE= 3351.667968
##$POSINCR= 1.8
##END=
