##TITLE= Parameter file, TopSpin 3.6.4
##JCAMPDX= 5.0
##DATATYPE= Parameter Values
##NPOINTS= 3	$$ modification sequence number
##ORIGIN= Bruker BioSpin GmbH
##OWNER= cnf26
$$ 2024-02-26 17:58:33.527 +0000  cnf26@glengrant
$$ C:\Bruker\TopSpin3.6.4\exp\stan\nmr\par\user/DOSY_OAS/clevels
$$ process C:\Bruker\TopSpin3.6.4\prog\mod\edparproc.exe
##$LEVELS= (0..255)
-191947.720576555 -106637.622542531 -59243.1236347392 -32912.846463744
-18284.91470208 -10158.2859456 -5643.492192 -3135.27344 3135.27344 5643.492192
10158.2859456 18284.91470208 32912.846463744 59243.1236347392 106637.622542531
191947.720576555 0 0 0 0 0 0 0 0 0 0 0 0 0 0 0 0 0 0 0 0 0 0 0 0 0 0 0
0 0 0 0 0 0 0 0 0 0 0 0 0 0 0 0 0 0 0 0 0 0 0 0 0 0 0 0 0 0 0 0 0 0 0 0
0 0 0 0 0 0 0 0 0 0 0 0 0 0 0 0 0 0 0 0 0 0 0 0 0 0 0 0 0 0 0 0 0 0 0 0
0 0 0 0 0 0 0 0 0 0 0 0 0 0 0 0 0 0 0 0 0 0 0 0 0 0 0 0 0 0 0 0 0 0 0 0
0 0 0 0 0 0 0 0 0 0 0 0 0 0 0 0 0 0 0 0 0 0 0 0 0 0 0 0 0 0 0 0 0 0 0 0
0 0 0 0 0 0 0 0 0 0 0 0 0 0 0 0 0 0 0 0 0 0 0 0 0 0 0 0 0 0 0 0 0 0 0 0
0 0 0 0 0 0 0 0 0 0 0 0 0 0 0 0 0 0 0 0 0 0 0 0 0 0 0 0 0 0 0 0 0
##$LEVSIGN= 3
##$MAXLEV= 8
##$METHOD= 0
##$NEGBASE= -3135.27344
##$NEGINCR= 1.8
##$POSBASE= 3135.27344
##$POSINCR= 1.8
##END=
