##TITLE= Parameter file, TOPSPIN		Version 3.2
##JCAMPDX= 5.0
##DATATYPE= Parameter Values
##NPOINTS= 1	$$ modification sequence number
##ORIGIN= Bruker BioSpin GmbH
##OWNER= nmrsu
$$ 2020-08-13 16:43:39.701 +0100  nmrsu@lagavulin
$$ C:/Bruker/TopSpin3.2/exp/stan/nmr/par/user/janus-qc-q-std/clevels
$$ process C:\Bruker\TopSpin3.2\prog\mod\edparproc.exe
##$LEVELS= (0..255)
-551212.234626138 -426777.266905445 -330433.223549215 -255838.639243445
-198083.620729467 -153366.672514071 -118744.478475395 -91938.1697291491
-71183.3271043193 -55113.8452349894 -42672.0140818207 -33038.8993552403
-25580.4394072586 -19805.7106331734 -15334.6143684181 -11872.8583984375
11872.8583984375 15334.6143684181 19805.7106331734 25580.4394072586 33038.8993552403
42672.0140818207 55113.8452349894 71183.3271043193 91938.1697291491 118744.478475395
153366.672514071 198083.620729467 255838.639243445 330433.223549215 426777.266905445
551212.234626138 0 0 0 0 0 0 0 0 0 0 0 0 0 0 0 0 0 0 0 0 0 0 0 0 0 0 0
0 0 0 0 0 0 0 0 0 0 0 0 0 0 0 0 0 0 0 0 0 0 0 0 0 0 0 0 0 0 0 0 0 0 0 0
0 0 0 0 0 0 0 0 0 0 0 0 0 0 0 0 0 0 0 0 0 0 0 0 0 0 0 0 0 0 0 0 0 0 0 0
0 0 0 0 0 0 0 0 0 0 0 0 0 0 0 0 0 0 0 0 0 0 0 0 0 0 0 0 0 0 0 0 0 0 0 0
0 0 0 0 0 0 0 0 0 0 0 0 0 0 0 0 0 0 0 0 0 0 0 0 0 0 0 0 0 0 0 0 0 0 0 0
0 0 0 0 0 0 0 0 0 0 0 0 0 0 0 0 0 0 0 0 0 0 0 0 0 0 0 0 0 0 0 0 0 0 0 0
0 0 0 0 0 0 0 0 0 0 0 0 0 0 0 0 0
##$LEVSIGN= 0
##$MAXLEV= 16
##$METHOD= 0
##$NEGBASE= -11872.8583984375
##$NEGINCR= 1.29156887531281
##$POSBASE= 11872.8583984375
##$POSINCR= 1.29156887531281
##END=
