##TITLE= Parameter file, TOPSPIN		Version 3.2
##JCAMPDX= 5.0
##DATATYPE= Parameter Values
##NPOINTS= 1	$$ modification sequence number
##ORIGIN= Bruker BioSpin GmbH
##OWNER= djh35
$$ 2018-05-22 09:48:50.536 +0100  djh35@glengrant
$$ C:/Bruker/TopSpin3.2/exp/stan/nmr/par/user/djh-tocsy/clevels
$$ process C:\Bruker\TopSpin3.2\prog\mod\edparproc.exe
##$LEVELS= (0..255)
-79892034.7559768 -61956075.8795652 -48046784.0144386 -37260162.4837818
-28895164.0946586 -22408128.4782552 -17377448.3596309 -13476168.3370691
-10450735.3030558 -8104519.4481661 -6285034.84022763 -4874029.01498541
-3779797.47810901 -2931223.62045726 -2273156.68706807 -1762827.40351152
-1367068.30296829 -1060158.09673586 -822149.988873436 -637575.288332679
-494438.063363006 -383435.498482807 -297353.283233814 -230596.737651544
-178827.201224218 -138680.053427342 -107546.03934385 -83401.6882219392
-64677.8034849806 -50157.4770586161 -38896.9997329889 -30164.52734375 30164.52734375
38896.9997329889 50157.4770586161 64677.8034849806 83401.6882219392 107546.03934385
138680.053427342 178827.201224218 230596.737651544 297353.283233814 383435.498482807
494438.063363006 637575.288332679 822149.988873436 1060158.09673586 1367068.30296829
1762827.40351152 2273156.68706807 2931223.62045726 3779797.47810901 4874029.01498541
6285034.84022763 8104519.4481661 10450735.3030558 13476168.3370691 17377448.3596309
22408128.4782552 28895164.0946586 37260162.4837818 48046784.0144386 61956075.8795652
79892034.7559768 0 0 0 0 0 0 0 0 0 0 0 0 0 0 0 0 0 0 0 0 0 0 0 0 0 0 0
0 0 0 0 0 0 0 0 0 0 0 0 0 0 0 0 0 0 0 0 0 0 0 0 0 0 0 0 0 0 0 0 0 0 0 0
0 0 0 0 0 0 0 0 0 0 0 0 0 0 0 0 0 0 0 0 0 0 0 0 0 0 0 0 0 0 0 0 0 0 0 0
0 0 0 0 0 0 0 0 0 0 0 0 0 0 0 0 0 0 0 0 0 0 0 0 0 0 0 0 0 0 0 0 0 0 0 0
0 0 0 0 0 0 0 0 0 0 0 0 0 0 0 0 0 0 0 0 0 0 0 0 0 0 0 0 0 0 0 0 0 0 0 0
0 0 0 0 0 0 0 0 0 0 0 0 0 0 0 0 0 0 0 0 0
##$LEVSIGN= 0
##$MAXLEV= 32
##$METHOD= 0
##$NEGBASE= -30164.52734375
##$NEGINCR= 1.28949475288391
##$POSBASE= 30164.52734375
##$POSINCR= 1.28949475288391
##END=
