##TITLE= Parameter file, TopSpin 3.6.0
##JCAMPDX= 5.0
##DATATYPE= Parameter Values
##NPOINTS= 1	$$ modification sequence number
##ORIGIN= Bruker BioSpin GmbH
##OWNER= root
$$ 2019-08-16 15:59:18.530 +0100  root@arran
$$ C:/Bruker/TopSpin3.6.0/exp/stan/nmr/par/user/temp2/clevels
$$ process C:\Bruker\TopSpin3.6.0\prog\mod\edparproc.exe
##$LEVELS= (0..255)
-1463065.71440194 -1239844.79432011 -1050680.84015013 -890377.757696634
-754532.224350457 -639412.735394525 -541857.104296199 -459185.601448964
-389127.345394714 -329757.924586768 -279446.53624245 -236811.190256492
-200680.747683491 -170062.751034633 -144116.162727685 -122128.262850005
-103495.071645386 -87704.7589552544 -74323.5848925777 -62983.9855566157
-53374.4765181817 -45231.0967369498 -38330.1578860525 -32482.0999171021
-27526.2840857884 -23326.5804090639 -19767.6283469534 -16751.6679946556
-14195.8547417964 -12029.9836359267 -10194.5609414112 -8639.169921875 8639.169921875
10194.5609414112 12029.9836359267 14195.8547417964 16751.6679946556 19767.6283469534
23326.5804090639 27526.2840857884 32482.0999171021 38330.1578860525 45231.0967369498
53374.4765181817 62983.9855566157 74323.5848925777 87704.7589552544 103495.071645386
122128.262850005 144116.162727685 170062.751034633 200680.747683491 236811.190256492
279446.53624245 329757.924586768 389127.345394714 459185.601448964 541857.104296199
639412.735394525 754532.224350457 890377.757696634 1050680.84015013 1239844.79432011
1463065.71440194 0 0 0 0 0 0 0 0 0 0 0 0 0 0 0 0 0 0 0 0 0 0 0 0 0 0 0
0 0 0 0 0 0 0 0 0 0 0 0 0 0 0 0 0 0 0 0 0 0 0 0 0 0 0 0 0 0 0 0 0 0 0 0
0 0 0 0 0 0 0 0 0 0 0 0 0 0 0 0 0 0 0 0 0 0 0 0 0 0 0 0 0 0 0 0 0 0 0 0
0 0 0 0 0 0 0 0 0 0 0 0 0 0 0 0 0 0 0 0 0 0 0 0 0 0 0 0 0 0 0 0 0 0 0 0
0 0 0 0 0 0 0 0 0 0 0 0 0 0 0 0 0 0 0 0 0 0 0 0 0 0 0 0 0 0 0 0 0 0 0 0
0 0 0 0 0 0 0 0 0 0 0 0 0 0 0 0 0 0 0 0 0
##$LEVSIGN= 0
##$MAXLEV= 32
##$METHOD= 0
##$NEGBASE= -8639.169921875
##$NEGINCR= 1.18003940582275
##$POSBASE= 8639.169921875
##$POSINCR= 1.18003940582275
##END=
