##TITLE= Parameter file, TopSpin 3.6.5
##JCAMPDX= 5.0
##DATATYPE= Parameter Values
##NPOINTS= 1	$$ modification sequence number
##ORIGIN= Bruker BioSpin GmbH
##OWNER= chemist
$$ 2023-08-09 08:28:34.744 +0100  chemist@arran
$$ C:/Bruker/TopSpin3.6.5/exp/stan/nmr/par/user/HOBShsqc_temp/clevels
$$ process C:\Bruker\TopSpin3.6.5\prog\mod\edparproc.exe
##$LEVELS= (0..255)
-400123.579644462 -339480.414466369 -288028.393399516 -244374.49663985
-207336.831980817 -175912.63608492 -149251.125517383 -126630.462506697
-107438.211799564 -91154.7594961799 -77339.2449448804 -65617.6248141477
-55672.5461868538 -47234.7544993598 -40075.8037027169 -34001.8712797685
-28848.5106649918 -24476.1989932988 -20766.5596368745 -17619.1572584425
-14948.7786097462 -12683.1254551705 -10760.8571583713 -9129.92993660439
-7746.18781947676 -6572.16716352225 -5576.08235584942 -4730.96524564838
-4013.93500439491 -3405.57864683672 -2889.42544089316 -2451.5009765625
2451.5009765625 2889.42544089316 3405.57864683672 4013.93500439491 4730.96524564838
5576.08235584942 6572.16716352225 7746.18781947676 9129.92993660439 10760.8571583713
12683.1254551705 14948.7786097462 17619.1572584425 20766.5596368745 24476.1989932988
28848.5106649918 34001.8712797685 40075.8037027169 47234.7544993598 55672.5461868538
65617.6248141477 77339.2449448804 91154.7594961799 107438.211799564 126630.462506697
149251.125517383 175912.63608492 207336.831980817 244374.49663985 288028.393399516
339480.414466369 400123.579644462 0 0 0 0 0 0 0 0 0 0 0 0 0 0 0 0 0 0 0
0 0 0 0 0 0 0 0 0 0 0 0 0 0 0 0 0 0 0 0 0 0 0 0 0 0 0 0 0 0 0 0 0 0 0 0
0 0 0 0 0 0 0 0 0 0 0 0 0 0 0 0 0 0 0 0 0 0 0 0 0 0 0 0 0 0 0 0 0 0 0 0
0 0 0 0 0 0 0 0 0 0 0 0 0 0 0 0 0 0 0 0 0 0 0 0 0 0 0 0 0 0 0 0 0 0 0 0
0 0 0 0 0 0 0 0 0 0 0 0 0 0 0 0 0 0 0 0 0 0 0 0 0 0 0 0 0 0 0 0 0 0 0 0
0 0 0 0 0 0 0 0 0 0 0 0 0 0 0 0 0 0 0 0 0 0 0 0 0 0 0 0 0
##$LEVSIGN= 0
##$MAXLEV= 32
##$METHOD= 0
##$NEGBASE= -2451.5009765625
##$NEGINCR= 1.17863523960114
##$POSBASE= 2451.5009765625
##$POSINCR= 1.17863523960114
##END=
