##TITLE= Parameter file, TOPSPIN		Version 3.2
##JCAMPDX= 5.0
##DATATYPE= Parameter Values
##NPOINTS= 2	$$ modification sequence number
##ORIGIN= Bruker BioSpin GmbH
##OWNER= Administrator
$$ 2018-11-12 13:53:48.842 +0000  Administrator@glengrant
$$ C:\Bruker\TopSpin3.2\exp\stan\nmr\par\user/hsqc-nus-auto.er/clevels
$$ process C:\Bruker\TopSpin3.2\prog\mod\edparproc.exe
##$LEVELS= (0..255)
-117412.992131953 -104918.133147916 -93752.9524064327 -83775.9481721907
-74860.6770453879 -66894.1514833746 -59775.4078548821 -53414.2268790947
-47729.9902330717 -42650.6588367517 -38111.8598668508 -34056.0709289408
-30431.8910483254 -27193.3892406287 -24299.5224062171 -21713.615171148
-19402.8950824185 -17338.0772668191 -15492.9932895725 -13844.2595091039
-12370.9807248424 -11054.4853622387 -9878.08883887059 -8826.8821126612
-7887.54273237803 -7048.16599576551 -6298.11407549587 -5627.88120083868
-5028.97318643117 -4493.79978135907 -4015.57847423595 -3588.24853515625
3588.24853515625 4015.57847423595 4493.79978135907 5028.97318643117 5627.88120083868
6298.11407549587 7048.16599576551 7887.54273237803 8826.8821126612 9878.08883887059
11054.4853622387 12370.9807248424 13844.2595091039 15492.9932895725 17338.0772668191
19402.8950824185 21713.615171148 24299.5224062171 27193.3892406287 30431.8910483254
34056.0709289408 38111.8598668508 42650.6588367517 47729.9902330717 53414.2268790947
59775.4078548821 66894.1514833746 74860.6770453879 83775.9481721907 93752.9524064327
104918.133147916 117412.992131953 0 0 0 0 0 0 0 0 0 0 0 0 0 0 0 0 0 0 0
0 0 0 0 0 0 0 0 0 0 0 0 0 0 0 0 0 0 0 0 0 0 0 0 0 0 0 0 0 0 0 0 0 0 0 0
0 0 0 0 0 0 0 0 0 0 0 0 0 0 0 0 0 0 0 0 0 0 0 0 0 0 0 0 0 0 0 0 0 0 0 0
0 0 0 0 0 0 0 0 0 0 0 0 0 0 0 0 0 0 0 0 0 0 0 0 0 0 0 0 0 0 0 0 0 0 0 0
0 0 0 0 0 0 0 0 0 0 0 0 0 0 0 0 0 0 0 0 0 0 0 0 0 0 0 0 0 0 0 0 0 0 0 0
0 0 0 0 0 0 0 0 0 0 0 0 0 0 0 0 0 0 0 0 0 0 0 0 0 0 0 0 0
##$LEVSIGN= 0
##$MAXLEV= 32
##$METHOD= 0
##$NEGBASE= -3588.24853515625
##$NEGINCR= 1.11909151077271
##$POSBASE= 3588.24853515625
##$POSINCR= 1.11909151077271
##END=
