##TITLE= Parameter file, TOPSPIN		Version 3.2
##JCAMPDX= 5.0
##DATATYPE= Parameter Values
##NPOINTS= 1	$$ modification sequence number
##ORIGIN= Bruker BioSpin GmbH
##OWNER= Jason Deacon
$$ 2019-02-05 13:03:25.678 +0000  Jason Deacon@florence
$$ C:/Bruker/TopSpin3.2/exp/stan/nmr/par/user/hsqc-ed-nus.std/clevels
$$ process C:\Bruker\TopSpin3.2\prog\mod\edparproc.exe
##$LEVELS= (0..255)
-241900.272398496 -216507.774627382 -193780.751089359 -173439.404461954
-155233.308009245 -138938.322523928 -124353.836900864 -111300.298370188
-99617.001984173 -89160.1121437134 -79800.8918070287 -71424.1175799834
-63926.6611758589 -57216.2197806185 -51210.1796929183 -45834.5992488886
-41023.2985102518 -36717.0445087295 -32862.8220161069 -29413.1808622438
-26325.6517657261 -23562.2234853183 -21088.8748553183 -18875.1559435974
-16893.8131758734 -15120.4538110384 -13533.2456368263 -12112.6481887054
-10841.1721829764 -9703.16420240242 -8684.61398359004 -7772.98193359375
7772.98193359375 8684.61398359004 9703.16420240242 10841.1721829764 12112.6481887054
13533.2456368263 15120.4538110384 16893.8131758734 18875.1559435974 21088.8748553183
23562.2234853183 26325.6517657261 29413.1808622438 32862.8220161069 36717.0445087295
41023.2985102518 45834.5992488886 51210.1796929183 57216.2197806185 63926.6611758589
71424.1175799834 79800.8918070287 89160.1121437134 99617.001984173 111300.298370188
124353.836900864 138938.322523928 155233.308009245 173439.404461954 193780.751089359
216507.774627382 241900.272398496 0 0 0 0 0 0 0 0 0 0 0 0 0 0 0 0 0 0 0
0 0 0 0 0 0 0 0 0 0 0 0 0 0 0 0 0 0 0 0 0 0 0 0 0 0 0 0 0 0 0 0 0 0 0 0
0 0 0 0 0 0 0 0 0 0 0 0 0 0 0 0 0 0 0 0 0 0 0 0 0 0 0 0 0 0 0 0 0 0 0 0
0 0 0 0 0 0 0 0 0 0 0 0 0 0 0 0 0 0 0 0 0 0 0 0 0 0 0 0 0 0 0 0 0 0 0 0
0 0 0 0 0 0 0 0 0 0 0 0 0 0 0 0 0 0 0 0 0 0 0 0 0 0 0 0 0 0 0 0 0 0 0 0
0 0 0 0 0 0 0 0 0 0 0 0 0 0 0 0 0 0 0 0 0 0 0 0 0 0 0 0 0
##$LEVSIGN= 0
##$MAXLEV= 32
##$METHOD= 0
##$NEGBASE= -7772.98193359375
##$NEGINCR= 1.1172821521759
##$POSBASE= 7772.98193359375
##$POSINCR= 1.1172821521759
##END=
