##TITLE= Parameter file, TOPSPIN		Version 3.2
##JCAMPDX= 5.0
##DATATYPE= Parameter Values
##NPOINTS= 1	$$ modification sequence number
##ORIGIN= Bruker BioSpin GmbH
##OWNER= djh35
$$ 2017-06-15 11:24:52.241 +0100  djh35@glengrant
$$ C:\Bruker\TopSpin3.2\exp\stan\nmr\par\user/slice-select-2d/clevels
$$ process C:\Bruker\TopSpin3.2\prog\mod\edparproc.exe
##$LEVELS= (0..255)
-9763.82985662359 -9183.94434415977 -8638.49892462089 -8125.44815976926
-7642.86809238622 -7188.94903136938 -6761.98876533158 -6360.38617925222
-5982.63525024342 -5627.31939991466 -5293.10618215735 -4978.7422864281
-4683.04883779308 -4404.91697610824 -4143.3036977574 -3897.22794435441
-3665.76692374198 -3448.05264949077 -3243.26868592183 -3050.6470864459
-2869.46551373856 -2699.04453095149 -2538.74505380199 -2387.96595398592
-2246.14180492684 -2112.74076140776 -1987.26256513409 -1869.23666874864
-1758.22047126358 -1653.79765829215 -1555.57664085609 -1463.18908691406
1463.18908691406 1555.57664085609 1653.79765829215 1758.22047126358 1869.23666874864
1987.26256513409 2112.74076140776 2246.14180492684 2387.96595398592 2538.74505380199
2699.04453095149 2869.46551373856 3050.6470864459 3243.26868592183 3448.05264949077
3665.76692374198 3897.22794435441 4143.3036977574 4404.91697610824 4683.04883779308
4978.7422864281 5293.10618215735 5627.31939991466 5982.63525024342 6360.38617925222
6761.98876533158 7188.94903136938 7642.86809238622 8125.44815976926 8638.49892462089
9183.94434415977 9763.82985662359 0 0 0 0 0 0 0 0 0 0 0 0 0 0 0 0 0 0 0
0 0 0 0 0 0 0 0 0 0 0 0 0 0 0 0 0 0 0 0 0 0 0 0 0 0 0 0 0 0 0 0 0 0 0 0
0 0 0 0 0 0 0 0 0 0 0 0 0 0 0 0 0 0 0 0 0 0 0 0 0 0 0 0 0 0 0 0 0 0 0 0
0 0 0 0 0 0 0 0 0 0 0 0 0 0 0 0 0 0 0 0 0 0 0 0 0 0 0 0 0 0 0 0 0 0 0 0
0 0 0 0 0 0 0 0 0 0 0 0 0 0 0 0 0 0 0 0 0 0 0 0 0 0 0 0 0 0 0 0 0 0 0 0
0 0 0 0 0 0 0 0 0 0 0 0 0 0 0 0 0 0 0 0 0 0 0 0 0 0 0 0 0
##$LEVSIGN= 0
##$MAXLEV= 32
##$METHOD= 0
##$NEGBASE= -1463.18908691406
##$NEGINCR= 1.06314122676849
##$POSBASE= 1463.18908691406
##$POSINCR= 1.06314122676849
##END=
