##TITLE= Parameter file, TopSpin 3.6.5
##JCAMPDX= 5.0
##DATATYPE= Parameter Values
##NPOINTS= 1	$$ modification sequence number
##ORIGIN= Bruker BioSpin GmbH
##OWNER= nmrsu
$$ 2023-02-13 13:01:00.959 +0000  nmrsu@arran
$$ C:/Bruker/TopSpin3.6.5/exp/stan/nmr/par/user/aqdot-1h-30s/acqu
$$ process C:\Bruker\TopSpin3.6.5\prog\mod\edparproc.exe
##$ACQT0= 0
##$AMP= (0..31)
100 100 100 100 100 100 100 100 100 100 100 100 100 100 100 100 100 100
100 100 100 100 100 100 100 100 100 100 100 100 100 100
##$AMPCOIL= (0..19)
-1 0 0 0 0 0 0 0 0 0 0 0 0 0 0 0 0 0 0 0
##$ANAVPT= 1
##$AQSEQ= 0
##$AQ_mod= 3
##$AUNM= <findwaterTS3djh>
##$AUTOPOS= <32 >
##$BF1= 700.2
##$BF2= 700.2
##$BF3= 700.2
##$BF4= 700.2
##$BF5= 700.2
##$BF6= 700.2
##$BF7= 700.2
##$BF8= 700.2
##$BWFAC= (0..63)
0 0 0 0 0 0 0 0 0 0 0 0 0 0 0 0 0 0 0 0 0 0 0 0 0 0 0 0 0 0 0 0 0 0 0 0
0 0 0 0 0 0 0 0 0 0 0 0 0 0 0 0 0 0 0 0 0 0 0 0 0 0 0 0
##$BYTORDA= 0
##$CAGPARS= (0..11)
0 0 0 0 0 0 0 0 0 0 0 0
##$CHEMSTR= <none>
##$CNST= (0..63)
1 1 1 1 1 1 1 1 1 1 1 1 1 1 1 1 1 1 1 1 1 1 1 1 1 1 1 1 1 1 1 1 1 1 1 1
1 1 1 1 1 1 1 1 1 1 1 1 1 1 1 1 1 1 1 1 1 1 1 1 1 1 1 1
##$CPDPRG= (0..8)
<> <> <> <> <> <> <> <> <>
##$D= (0..63)
0 30 0 0 0 0 0 0 0 0 0 0 0 0 0 0 0.0002 0 0 0 0 0 0 0 0 0 0 0 0 0 0 0 0
0 0 0 0 0 0 0 0 0 0 0 0 0 0 0 0 0 0 0 0 0 0 0 0 0 0 0 0 0 0 0
##$DATE= 0
##$DATE_START= 0
##$DE= 32
##$DECBNUC= <off>
##$DECIM= 1418.66666666667
##$DECNUC= <off>
##$DECSTAT= 4
##$DIGMOD= 3
##$DIGTYP= 12
##$DQDMODE= 0
##$DR= 22
##$DS= 2
##$DSPFIRM= 4
##$DSPFVS= 0
##$DTYPA= 0
##$EXP= <aqdot-1h-30s>
##$FCUCHAN= (0..9)
0 2 0 0 0 0 0 0 0 0
##$FL1= 90
##$FL2= 90
##$FL3= 90
##$FL4= 90
##$FN_INDIRECT= (0..7)
0 0 0 0 0 0 0 0
##$FOV= 20
##$FQ1LIST= <>
##$FQ2LIST= <>
##$FQ3LIST= <>
##$FQ4LIST= <>
##$FQ5LIST= <>
##$FQ6LIST= <>
##$FQ7LIST= <>
##$FQ8LIST= <>
##$FRQLO3= 0
##$FRQLO3N= 0
##$FS= (0..7)
83 83 83 83 83 83 83 83
##$FTLPGN= 0
##$FW= 4032000
##$FnILOOP= 0
##$FnMODE= 0
##$FnTYPE= 0
##$GPNAM= (0..31)
<> <> <> <> <> <> <> <> <> <> <> <> <> <> <> <> <> <> <> <> <> <> <> <>
<> <> <> <> <> <> <> <>
##$GPX= (0..31)
0 0 0 0 0 0 0 0 0 0 0 0 0 0 0 0 0 0 0 0 0 0 0 0 0 0 0 0 0 0 0 0
##$GPY= (0..31)
0 0 0 0 0 0 0 0 0 0 0 0 0 0 0 0 0 0 0 0 0 0 0 0 0 0 0 0 0 0 0 0
##$GPZ= (0..31)
0 0 0 0 0 0 0 0 0 0 0 0 0 0 0 0 0 0 0 0 0 0 0 0 0 0 0 0 0 0 0 0
##$GRDPROG= <>
##$GRPDLY= -1
##$HDDUTY= 20
##$HDRATE= 1
##$HGAIN= (0..3)
0 0 0 0
##$HL1= 1
##$HL2= 35
##$HL3= 16
##$HL4= 17
##$HOLDER= 32
##$HPMOD= (0..7)
0 0 0 0 0 0 0 0
##$HPPRGN= 0
##$IN= (0..63)
0 0 0 0 0 0 0 0 0 0 0 0 0 0 0 0 0 0 0 0 0 0 0 0 0 0 0 0 0 0 0 0 0 0 0 0
0 0 0 0 0 0 0 0 0 0 0 0 0 0 0 0 0 0 0 0 0 0 0 0 0 0 0 0
##$INF= (0..7)
0 0 0 0 0 0 0 0
##$INP= (0..63)
0 0 0 0 0 0 0 0 0 0 0 0 0 0 0 0 0 0 0 0 0 0 0 0 0 0 0 0 0 0 0 0 0 0 0 0
0 0 0 0 0 0 0 0 0 0 0 0 0 0 0 0 0 0 0 0 0 0 0 0 0 0 0 0
##$INSTRUM= <>
##$INTEGFAC= (0..63)
0 0 0 0 0 0 0 0 0 0 0 0 0 0 0 0 0 0 0 0 0 0 0 0 0 0 0 0 0 0 0 0 0 0 0 0
0 0 0 0 0 0 0 0 0 0 0 0 0 0 0 0 0 0 0 0 0 0 0 0 0 0 0 0
##$L= (0..31)
1 1 1 1 1 1 1 1 1 1 1 1 1 1 1 1 1 1 1 1 1 1 1 1 1 1 1 1 1 1 1 1
##$LFILTER= 10
##$LGAIN= -10
##$LINPSTP= 0
##$LOCKED= no
##$LOCKFLD= 0
##$LOCKGN= 0
##$LOCKPOW= -20
##$LOCKPPM= 0
##$LOCNUC= <2H>
##$LOCPHAS= 0
##$LOCSHFT= no
##$LOCSW= 0
##$LTIME= 0.1
##$MASR= 0
##$MASRLST= <masrlst>
##$MULEXPNO= (0..15)
0 0 0 0 0 0 0 0 0 0 0 0 0 0 0 0
##$NBL= 1
##$NC= 0
##$NLOGCH= 2
##$NOVFLW= 0
##$NS= 16
##$NUC1= <1H>
##$NUC2= <off>
##$NUC3= <off>
##$NUC4= <off>
##$NUC5= <off>
##$NUC6= <off>
##$NUC7= <off>
##$NUC8= <off>
##$NUCLEUS= <off>
##$NUSLIST= <automatic>
##$NusAMOUNT= 25
##$NusFPNZ= no
##$NusJSP= 0
##$NusSEED= 54321
##$NusSPTYPE= 0
##$NusT2= 1
##$NusTD= 0
##$O1= 3290.94
##$O2= 5725.607
##$O3= 5725.607
##$O4= 5725.607
##$O5= 5725.607
##$O6= 5725.607
##$O7= 5725.607
##$O8= 5725.607
##$OVERFLW= 0
##$P= (0..63)
23.79 10 47.58 10 20 16.5 25 50 20000 26 52 80000 80000 1000 500 0 1000
2500 100000 600 2000 0 0 0 2000 154 100000 23.79 0 1000 0 1900 20000 0
0 0 40000 0 0 192 2000 0 0 3600 171 0 80000 46600 10000 0 80000 0 0 0 0
0 0 0 0 0 0 0 0 1500
##$PACOIL= (0..15)
-1 3 0 4 1 2 0 0 0 0 0 0 0 0 0 0
##$PAPS= 0
##$PARMODE= 0
##$PCPD= (0..9)
0 80 63 0 0 0 0 0 0 0
##$PEXSEL= (0..9)
1 1 1 1 1 1 1 1 1 1
##$PHCOR= (0..31)
0 0 0 0 0 0 0 0 0 0 0 0 0 0 0 0 0 0 0 0 0 0 0 0 0 0 0 0 0 0 0 0
##$PHLIST= <>
##$PHP= 1
##$PH_ref= 0
##$PL= (0..63)
120 120 120 120 120 120 120 120 120 120 120 120 120 120 120 120 120 120
120 120 120 120 120 120 120 120 120 120 120 120 120 120 120 120 120 120
120 120 120 120 120 120 120 120 120 120 120 120 120 120 120 120 120 120
120 120 120 120 120 120 120 120 120 120
##$PLSTEP= 0.1
##$PLSTRT= -6
##$PLW= (0..63)
0 0 0 0 0 0 0 0 0 0.00017202 6.8809 0.67196 0 0 0 0 0 0 7.6 0.67196 0 0
0 0 0 0 0 0.72534 0 6.8809 0 0 6.8809e-006 0 0 0 0 0 0 0 0 0 0 0 0 0 0
0 0 0 0 0 0 0 0 0 0 0 0 0 0 0 0 0
##$PLWMAX= (0..7)
0 0 0 0 0 0 0 0
##$PQPHASE= 0
##$PQSCALE= 1
##$PR= 1
##$PRECHAN= (0..15)
-1 4 1 3 5 0 -1 -1 -1 -1 -1 -1 -1 -1 -1 -1
##$PRGAIN= 0
##$PROBHD= <>
##$PROBINPUTS= (0..15)
<> <> <> <> <> <> <> <> <> <> <> <> <> <> <> <>
##$PULPROG= <zg30>
##$PW= 0
##$PYNM= <>
##$ProjAngle= 0
##$QNP= 0
##$RD= 0
##$RECCHAN= (0..15)
0 2 0 0 0 0 0 0 0 0 0 0 0 0 0 0
##$RECPH= 0
##$RECPRE= (0..15)
-1 1 -1 -1 -1 -1 -1 -1 -1 -1 -1 -1 -1 -1 -1 -1
##$RECPRFX= (0..15)
1 0 0 0 0 0 0 0 0 0 0 0 0 0 0 0
##$RECSEL= (0..15)
0 0 1 0 0 0 0 0 0 0 0 0 0 0 0 0
##$RG= 16
##$RO= 20
##$RSEL= (0..15)
0 0 2 0 0 0 0 0 0 0 0 0 0 0 0 0
##$S= (0..7)
83 4 83 83 83 83 83 83
##$SELREC= (0..9)
0 0 0 0 0 0 0 0 0 0
##$SFO1= 700.20329094
##$SFO2= 700.205725607
##$SFO3= 700.205725607
##$SFO4= 700.205725607
##$SFO5= 700.205725607
##$SFO6= 700.205725607
##$SFO7= 700.205725607
##$SFO8= 700.205725607
##$SOLVENT= <CDCl3>
##$SOLVOLD= <off>
##$SP= (0..63)
120 120 120 120 120 120 120 120 120 120 120 120 120 120 120 120 120 120
120 120 120 120 120 120 120 120 120 120 120 120 120 120 120 120 120 120
120 120 120 120 120 120 120 120 120 120 120 120 120 120 120 120 120 120
120 120 120 120 120 120 120 120 120 120
##$SPECTR= 0
##$SPINCNT= 0
##$SPNAM= (0..63)
<> <Gaus1_270.1000> <Gaus1_180r.1000> <Crp60,0.5,20.1> <Bip720,100,10.1>
<Sinc1.1000> <Squa100.1000> <Crp60comp.4> <Squa100.1000> <> <Sinc1.1000>
<Sinc1.1000> <> <> <Crp32,1.5,20.2> <> <> <> <Crp60_xfilt.2> <Sinc1.1000>
<Sinc1.1000> <Sinc1.1000> <Sinc1.1000> <> <> <> <Q3.1000> <> <> <Crp60,20,20.10>
<Bip720,50,20.1> <Crp32,1.5,20.2> <Q3.1000> <> <Rsnob.1000> <Gaus1_180r.1000>
<Gaus1_180r.1000> <> <> <> <Gaus1_180r.1000> <Squa100.1000> <> <> <> <>
<> <> <> <> <> <> <> <> <> <> <> <> <> <> <> <> <> <>
##$SPOAL= (0..63)
0.5 1 0.5 0.5 0.5 0.5 0.5 0.5 0.5 0.5 0.5 0.5 0.5 0.5 0.5 0.5 0.5 0.5 0.5
1 1 1 1 0.5 0.5 0.5 0.5 0.5 0.5 0.5 0.5 0.5 0.5 0.5 0.5 0.5 0.5 0.5 0.5
0.5 0.5 0.5 0.5 0.5 0.5 0.5 0.5 0.5 0.5 0.5 0.5 0.5 0.5 0.5 0.5 0.5 0.5
0.5 0.5 0.5 0.5 0.5 0.5 0.5
##$SPOFFS= (0..63)
0 0 0 0 0 0 0 0 0 0 0 0 0 0 0 0 0 0 0 0 0 0 0 0 0 0 0 0 0 0 0 0 0 0 0 0
0 0 0 0 0 0 0 0 0 0 0 0 0 0 0 0 0 0 0 0 0 0 0 0 0 0 0 0
##$SPPEX= (0..63)
0 0 0 0 0 0 0 0 0 0 0 0 0 0 0 0 0 0 0 0 0 0 0 0 0 0 0 0 0 0 0 0 0 0 0 0
0 0 0 0 0 0 0 0 0 0 0 0 0 0 0 0 0 0 0 0 0 0 0 0 0 0 0 0
##$SPW= (0..63)
0 3.5701e-005 1.5867e-005 0 0 0.012401 0.00017202 0 4.3006e-007 0 0.012401
0.012401 0 0 0 0 0 0 0 2.532782e-005 3.937127e-005 1.838359e-005 9.91412e-005
0 0 0 0 0 0 0.16427 9.4127 0 0 0 0.00017347 1.5867e-005 0.0010155 0 0 0
1.5867e-005 4.3006e-007 0 0 0 0 0 0 0 0 0 0 0 0 0 0 0 0 0 0 0 0 0 0
##$SUBNAM= (0..9)
<> <> <> <> <> <> <> <> <> <>
##$SW= 20.1337876346975
##$SWIBOX= (0..19)
0 0 2 0 0 0 0 0 0 0 0 0 0 0 0 0 0 0 0 0
##$SW_h= 14097.7443609023
##$SWfinal= 0
##$SigLockShift= 0
##$TD= 91648
##$TD0= 1
##$TD_INDIRECT= (0..7)
0 0 0 0 0 0 0 0
##$TDav= 0
##$TE= 298
##$TE1= 298
##$TE2= 300
##$TE3= 300
##$TE4= 300
##$TEG= 300
##$TE_MAGNET= 300
##$TE_PIDX= 0
##$TE_RAW= 300
##$TE_STAB= (0..9)
0 0 0 0 0 0 0 0 0 0
##$TL= (0..7)
120 120 120 120 120 120 120 120
##$TOTROT= (0..63)
0 0 0 0 0 0 0 0 0 0 0 0 0 0 0 0 0 0 0 0 0 0 0 0 0 0 0 0 0 0 0 0 0 0 0 0
0 0 0 0 0 0 0 0 0 0 0 0 0 0 0 0 0 0 0 0 0 0 0 0 0 0 0 0
##$TUBE_TYPE= <>
##$USERA1= <>
##$USERA10= <user>
##$USERA2= <>
##$USERA3= <>
##$USERA4= <>
##$USERA5= <>
##$USERA6= <userUSERA5 DEF user acq. parameter 5$80002 255>
##$UUID= <>
##$V9= 5
##$VALIDCODE= 0
##$VALIST= <>
##$VCLIST= <>
##$VDLIST= <>
##$VPLIST= <>
##$VTLIST= <>
##$WBST= 1024
##$WBSW= 20
##$XGAIN= (0..3)
0 0 0 0
##$XL= 0
##$YL= 0
##$YMAX_a= 0
##$YMIN_a= 0
##$ZGOPTNS= <>
##$ZL1= 120
##$ZL2= 120
##$ZL3= 120
##$ZL4= 120
##$scaledByNS= no
##$scaledByRG= no
##END=
