##TITLE= Parameter file, TOPSPIN		Version 3.2
##JCAMPDX= 5.0
##DATATYPE= Parameter Values
##NPOINTS= 1	$$ modification sequence number
##ORIGIN= Bruker BioSpin GmbH
##OWNER= wgw22
$$ 2019-07-17 11:02:47.468 +0100  wgw22@glengrant
$$ C:/Bruker/TopSpin3.2/exp/stan/nmr/par/user/hmbc-basic-nus.djh/clevels
$$ process C:\Bruker\TopSpin3.2\prog\mod\edparproc.exe
##$LEVELS= (0..255)
-9508172.40551359 -7790290.7659526 -6382786.05285852 -5229581.15692149
-4284730.65685483 -3510590.28455713 -2876317.12072969 -2356640.76648193
-1930856.53254937 -1582000.53326506 -1296173.81978479 -1061988.62501521
-870114.657807977 -712907.370096783 -584103.38657974 -478570.962406523
-392105.526728426 -321262.166258168 -263218.374732 -215661.600005768 -176697.108491771
-144772.496116683 -118615.838203323 -97185.0140743386 -79626.1873936223
-65239.7880396912 -53452.6401775798 -43795.1260696239 -35882.4757969344
-29399.4374458628 -24087.7169965804 -19735.6875 19735.6875 24087.7169965804
29399.4374458628 35882.4757969344 43795.1260696239 53452.6401775798 65239.7880396912
79626.1873936223 97185.0140743386 118615.838203323 144772.496116683 176697.108491771
215661.600005768 263218.374732 321262.166258168 392105.526728426 478570.962406523
584103.38657974 712907.370096783 870114.657807977 1061988.62501521 1296173.81978479
1582000.53326506 1930856.53254937 2356640.76648193 2876317.12072969 3510590.28455713
4284730.65685483 5229581.15692149 6382786.05285852 7790290.7659526 9508172.40551359
0 0 0 0 0 0 0 0 0 0 0 0 0 0 0 0 0 0 0 0 0 0 0 0 0 0 0 0 0 0 0 0 0 0 0 0
0 0 0 0 0 0 0 0 0 0 0 0 0 0 0 0 0 0 0 0 0 0 0 0 0 0 0 0 0 0 0 0 0 0 0 0
0 0 0 0 0 0 0 0 0 0 0 0 0 0 0 0 0 0 0 0 0 0 0 0 0 0 0 0 0 0 0 0 0 0 0 0
0 0 0 0 0 0 0 0 0 0 0 0 0 0 0 0 0 0 0 0 0 0 0 0 0 0 0 0 0 0 0 0 0 0 0 0
0 0 0 0 0 0 0 0 0 0 0 0 0 0 0 0 0 0 0 0 0 0 0 0 0 0 0 0 0 0 0 0 0 0 0 0
0 0 0 0 0 0 0 0 0 0 0 0
##$LEVSIGN= 0
##$MAXLEV= 32
##$METHOD= 0
##$NEGBASE= -19735.6875
##$NEGINCR= 1.22051572799683
##$POSBASE= 19735.6875
##$POSINCR= 1.22051572799683
##END=
