##TITLE= Parameter file, TopSpin 3.6.5
##JCAMPDX= 5.0
##DATATYPE= Parameter Values
##NPOINTS= 1	$$ modification sequence number
##ORIGIN= Bruker BioSpin GmbH
##OWNER= chemist
$$ 2023-08-17 09:14:13.733 +0100  chemist@arran
$$ C:/Bruker/TopSpin3.6.5/exp/stan/nmr/par/user/15n-hmbc.txo/clevels
$$ process C:\Bruker\TopSpin3.6.5\prog\mod\edparproc.exe
##$LEVELS= (0..255)
5510.62744140625 6306.18402232532 7216.5932729582 8258.43620847937 9450.68760700243
10815.0615916176 12376.4071033114 14163.1604674003 16207.8632959366 18547.7551584916
21225.4518154531 24289.7213663004 27796.372448617 31809.2706643475 36401.5017451698
41656.7026413706 47670.5847769545 54552.6772135807 62428.3214710598 71440.9543354871
81754.7202311239 93557.4607343851 107064.135677071 122520.738146384 140208.774684479
160450.392284084 183614.245556675 210122.210930184 240457.070159955 275171.303090471
314897.149807817 360358.125441898 0 0 0 0 0 0 0 0 0 0 0 0 0 0 0 0 0 0 0
0 0 0 0 0 0 0 0 0 0 0 0 0 0 0 0 0 0 0 0 0 0 0 0 0 0 0 0 0 0 0 0 0 0 0 0
0 0 0 0 0 0 0 0 0 0 0 0 0 0 0 0 0 0 0 0 0 0 0 0 0 0 0 0 0 0 0 0 0 0 0 0
0 0 0 0 0 0 0 0 0 0 0 0 0 0 0 0 0 0 0 0 0 0 0 0 0 0 0 0 0 0 0 0 0 0 0 0
0 0 0 0 0 0 0 0 0 0 0 0 0 0 0 0 0 0 0 0 0 0 0 0 0 0 0 0 0 0 0 0 0 0 0 0
0 0 0 0 0 0 0 0 0 0 0 0 0 0 0 0 0 0 0 0 0 0 0 0 0 0 0 0 0 0 0 0 0 0 0 0
0 0 0 0 0 0 0 0 0 0 0 0 0 0 0 0 0 0 0 0 0 0 0 0 0
##$LEVSIGN= 1
##$MAXLEV= 32
##$METHOD= 0
##$NEGBASE= -5510.62744140625
##$NEGINCR= 1.14436769485474
##$POSBASE= 5510.62744140625
##$POSINCR= 1.14436769485474
##END=
