##TITLE= Parameter file, TopSpin 3.6.5
##JCAMPDX= 5.0
##DATATYPE= Parameter Values
##NPOINTS= 1	$$ modification sequence number
##ORIGIN= Bruker BioSpin GmbH
##OWNER= chemist
$$ 2023-03-13 17:41:52.086 +0000  chemist@arran
$$ C:/Bruker/TopSpin3.6.5/exp/stan/nmr/par/user/HSQC_BB.txo/clevels
$$ process C:\Bruker\TopSpin3.6.5\prog\mod\edparproc.exe
##$LEVELS= (0..255)
-645382.633211433 -555441.528799823 -478034.69761854 -411415.352073189
-354080.138460102 -304735.211800316 -262267.038515202 -225717.268067488
-194261.106512997 -167188.703933679 -143889.135734709 -123836.616322443
-106578.634056613 -91725.7397262627 -78942.7581128588 -67941.2243178783
-58472.8741705867 -50324.0418184451 -43310.8380743583 -37275.000713789
-32080.3230781988 -27609.5803915278 -23761.8844279744 -20450.4068356529
-17600.4197399159 -15147.6094099588 -13036.6249343647 -11219.8291545307
-9656.22366913566 -8310.5236509527 -7152.36159802275 -6155.60205078125
6155.60205078125 7152.36159802275 8310.5236509527 9656.22366913566 11219.8291545307
13036.6249343647 15147.6094099588 17600.4197399159 20450.4068356529 23761.8844279744
27609.5803915278 32080.3230781988 37275.000713789 43310.8380743583 50324.0418184451
58472.8741705867 67941.2243178783 78942.7581128588 91725.7397262627 106578.634056613
123836.616322443 143889.135734709 167188.703933679 194261.106512997 225717.268067488
262267.038515202 304735.211800316 354080.138460102 411415.352073189 478034.69761854
555441.528799823 645382.633211433 0 0 0 0 0 0 0 0 0 0 0 0 0 0 0 0 0 0 0
0 0 0 0 0 0 0 0 0 0 0 0 0 0 0 0 0 0 0 0 0 0 0 0 0 0 0 0 0 0 0 0 0 0 0 0
0 0 0 0 0 0 0 0 0 0 0 0 0 0 0 0 0 0 0 0 0 0 0 0 0 0 0 0 0 0 0 0 0 0 0 0
0 0 0 0 0 0 0 0 0 0 0 0 0 0 0 0 0 0 0 0 0 0 0 0 0 0 0 0 0 0 0 0 0 0 0 0
0 0 0 0 0 0 0 0 0 0 0 0 0 0 0 0 0 0 0 0 0 0 0 0 0 0 0 0 0 0 0 0 0 0 0 0
0 0 0 0 0 0 0 0 0 0 0 0 0 0 0 0 0 0 0 0 0 0 0 0 0 0 0 0 0
##$LEVSIGN= 0
##$MAXLEV= 32
##$METHOD= 0
##$NEGBASE= -6155.60205078125
##$NEGINCR= 1.16192722320557
##$POSBASE= 6155.60205078125
##$POSINCR= 1.16192722320557
##END=
