##TITLE= Parameter file, TopSpin 3.6.5
##JCAMPDX= 5.0
##DATATYPE= Parameter Values
##NPOINTS= 1	$$ modification sequence number
##ORIGIN= Bruker BioSpin GmbH
##OWNER= chemist
$$ 2023-07-04 18:47:04.790 +0100  chemist@arran
$$ C:/Bruker/TopSpin3.6.5/exp/stan/nmr/par/user/janus-cosy.txo/clevels
$$ process C:\Bruker\TopSpin3.6.5\prog\mod\edparproc.exe
##$LEVELS= (0..255)
203753.53125 246332.188097131 297808.565674712 360042.032973207 435280.513889151
526241.684080545 636211.13564126 769161.055383044 929893.703482027 1124214.87505617
1359143.61024812 1643165.72771375 1986540.33935396 2401670.41785332 2903550.80222914
3510309.82371886 4243864.11597723 5130710.2618648 6202881.87175925 7499106.66384331
9066205.34105857 10960782.7933085 13251272.7125217 16020409.4737488 19368216.5686664
23415619.5361581 28308813.8919886 34224545.8307756 41376496.4435456 50023000.0540505
60476375.4664847 73114207.1769262 0 0 0 0 0 0 0 0 0 0 0 0 0 0 0 0 0 0 0
0 0 0 0 0 0 0 0 0 0 0 0 0 0 0 0 0 0 0 0 0 0 0 0 0 0 0 0 0 0 0 0 0 0 0 0
0 0 0 0 0 0 0 0 0 0 0 0 0 0 0 0 0 0 0 0 0 0 0 0 0 0 0 0 0 0 0 0 0 0 0 0
0 0 0 0 0 0 0 0 0 0 0 0 0 0 0 0 0 0 0 0 0 0 0 0 0 0 0 0 0 0 0 0 0 0 0 0
0 0 0 0 0 0 0 0 0 0 0 0 0 0 0 0 0 0 0 0 0 0 0 0 0 0 0 0 0 0 0 0 0 0 0 0
0 0 0 0 0 0 0 0 0 0 0 0 0 0 0 0 0 0 0 0 0 0 0 0 0 0 0 0 0 0 0 0 0 0 0 0
0 0 0 0 0 0 0 0 0 0 0 0 0 0 0 0 0 0 0 0 0 0 0 0 0
##$LEVSIGN= 1
##$MAXLEV= 32
##$METHOD= 0
##$NEGBASE= -203753.53125
##$NEGINCR= 1.20897138118744
##$POSBASE= 203753.53125
##$POSINCR= 1.20897138118744
##END=
