##TITLE= Parameter file, TopSpin 3.6.2
##JCAMPDX= 5.0
##DATATYPE= Parameter Values
##NPOINTS= 1	$$ modification sequence number
##ORIGIN= Bruker BioSpin GmbH
##OWNER= nmrsu
$$ 2021-03-18 08:22:51.267 +0000  nmrsu@CZC919C2VF
$$ C:/Bruker/TopSpin3.6.2/exp/stan/nmr/par/user/janus-cosy-q.bbf/clevels
$$ process C:\Bruker\TopSpin3.6.2\prog\mod\edparproc.exe
##$LEVELS= (0..255)
16322.310546875 19303.7201749992 22829.709772065 26999.7515272592 31931.4870759217
37764.0463042905 44661.97236232 52819.863613662 62467.8634775127 73878.1530370299
87372.6295782084 103331.987679557 122206.459040478 144528.514031155 170927.883289171
202149.323139229 239073.62601873 282742.468637294 334387.798865141 395466.590387991
467701.945596936 553131.706272706 654165.943427196 773654.948156261 914969.6416033
1082096.67249046 1279750.8850273 1513508.33004487 1789963.57175119 2116915.72791099
2503588.49185553 2960890.34339444 0 0 0 0 0 0 0 0 0 0 0 0 0 0 0 0 0 0 0
0 0 0 0 0 0 0 0 0 0 0 0 0 0 0 0 0 0 0 0 0 0 0 0 0 0 0 0 0 0 0 0 0 0 0 0
0 0 0 0 0 0 0 0 0 0 0 0 0 0 0 0 0 0 0 0 0 0 0 0 0 0 0 0 0 0 0 0 0 0 0 0
0 0 0 0 0 0 0 0 0 0 0 0 0 0 0 0 0 0 0 0 0 0 0 0 0 0 0 0 0 0 0 0 0 0 0 0
0 0 0 0 0 0 0 0 0 0 0 0 0 0 0 0 0 0 0 0 0 0 0 0 0 0 0 0 0 0 0 0 0 0 0 0
0 0 0 0 0 0 0 0 0 0 0 0 0 0 0 0 0 0 0 0 0 0 0 0 0 0 0 0 0 0 0 0 0 0 0 0
0 0 0 0 0 0 0 0 0 0 0 0 0 0 0 0 0 0 0 0 0 0 0 0 0
##$LEVSIGN= 1
##$MAXLEV= 32
##$METHOD= 0
##$NEGBASE= -16322.310546875
##$NEGINCR= 1.18265855312347
##$POSBASE= 16322.310546875
##$POSINCR= 1.18265855312347
##END=
