##TITLE= Parameter file, TopSpin 3.6.0
##JCAMPDX= 5.0
##DATATYPE= Parameter Values
##NPOINTS= 1	$$ modification sequence number
##ORIGIN= Bruker BioSpin GmbH
##OWNER= root
$$ 2020-07-29 14:59:02.214 +0100  root@arran
$$ C:/Bruker/TopSpin3.6.0/exp/stan/nmr/par/user/janus-hsqc-nus.dul/clevels
$$ process C:\Bruker\TopSpin3.6.0\prog\mod\edparproc.exe
##$LEVELS= (0..255)
-377953.063914539 -331963.9202271 -291570.71301706 -256092.53147486 -224931.317684726
-197561.78512513 -173522.56388119 -152408.423303276 -133863.441008715 -117575.003076017
-103268.534292537 -90702.8696230095 -79666.1888755323 -69972.4460354003
-61458.2330758482 -53980.0253787666 -47411.762331276 -41642.7223141252
-36575.6562604591 -32125.1483222434 -28216.1760099935 -24782.845533998
-21767.2810286012 -19118.6489351317 -16792.3010974375 -14749.0221251379
-12954.3683373449 -11378.0871433899 -9993.60707301832 -8777.58985946091
-7709.53702481731 -6771.4443359375 6771.4443359375 7709.53702481731 8777.58985946091
9993.60707301832 11378.0871433899 12954.3683373449 14749.0221251379 16792.3010974375
19118.6489351317 21767.2810286012 24782.845533998 28216.1760099935 32125.1483222434
36575.6562604591 41642.7223141252 47411.762331276 53980.0253787666 61458.2330758482
69972.4460354003 79666.1888755323 90702.8696230095 103268.534292537 117575.003076017
133863.441008715 152408.423303276 173522.56388119 197561.78512513 224931.317684726
256092.53147486 291570.71301706 331963.9202271 377953.063914539 0 0 0 0
0 0 0 0 0 0 0 0 0 0 0 0 0 0 0 0 0 0 0 0 0 0 0 0 0 0 0 0 0 0 0 0 0 0 0 0
0 0 0 0 0 0 0 0 0 0 0 0 0 0 0 0 0 0 0 0 0 0 0 0 0 0 0 0 0 0 0 0 0 0 0 0
0 0 0 0 0 0 0 0 0 0 0 0 0 0 0 0 0 0 0 0 0 0 0 0 0 0 0 0 0 0 0 0 0 0 0 0
0 0 0 0 0 0 0 0 0 0 0 0 0 0 0 0 0 0 0 0 0 0 0 0 0 0 0 0 0 0 0 0 0 0 0 0
0 0 0 0 0 0 0 0 0 0 0 0 0 0 0 0 0 0 0 0 0 0 0 0 0 0 0 0 0 0 0 0 0 0 0 0
0 0 0 0 0 0 0 0
##$LEVSIGN= 0
##$MAXLEV= 32
##$METHOD= 0
##$NEGBASE= -6771.4443359375
##$NEGINCR= 1.13853657245636
##$POSBASE= 6771.4443359375
##$POSINCR= 1.13853657245636
##END=
