##TITLE= Parameter file, TopSpin 3.6.2
##JCAMPDX= 5.0
##DATATYPE= Parameter Values
##NPOINTS= 1	$$ modification sequence number
##ORIGIN= Bruker BioSpin GmbH
##OWNER= nmrsu
$$ 2021-03-18 08:27:48.364 +0000  nmrsu@CZC919C2VF
$$ C:/Bruker/TopSpin3.6.2/exp/stan/nmr/par/user/janus-hmbc.bbf/clevels
$$ process C:\Bruker\TopSpin3.6.2\prog\mod\edparproc.exe
##$LEVELS= (0..255)
16181.33984375 17590.9452705621 19123.345687065 20789.2381359961 22600.2515118203
24569.0277371515 26709.3100106965 29036.0387427444 31565.4558478865 34315.2181229903
37304.5205018715 40554.230047053 44087.0316139512 47927.5862043094 52102.7031142786
56641.5270788363 61575.7417189231 66939.7907114729 72771.1182262339 79110.4303077673
86001.9790272227 93493.8713874326 101638.405137665 110492.433842211 120117.763751205
130581.585244061 141956.941857243 154323.240170476 167766.804110674 182381.477542965
198269.27935524 215541.115609098 0 0 0 0 0 0 0 0 0 0 0 0 0 0 0 0 0 0 0
0 0 0 0 0 0 0 0 0 0 0 0 0 0 0 0 0 0 0 0 0 0 0 0 0 0 0 0 0 0 0 0 0 0 0 0
0 0 0 0 0 0 0 0 0 0 0 0 0 0 0 0 0 0 0 0 0 0 0 0 0 0 0 0 0 0 0 0 0 0 0 0
0 0 0 0 0 0 0 0 0 0 0 0 0 0 0 0 0 0 0 0 0 0 0 0 0 0 0 0 0 0 0 0 0 0 0 0
0 0 0 0 0 0 0 0 0 0 0 0 0 0 0 0 0 0 0 0 0 0 0 0 0 0 0 0 0 0 0 0 0 0 0 0
0 0 0 0 0 0 0 0 0 0 0 0 0 0 0 0 0 0 0 0 0 0 0 0 0 0 0 0 0 0 0 0 0 0 0 0
0 0 0 0 0 0 0 0 0 0 0 0 0 0 0 0 0 0 0 0 0 0 0 0 0
##$LEVSIGN= 1
##$MAXLEV= 32
##$METHOD= 0
##$NEGBASE= -16181.33984375
##$NEGINCR= 1.08711302280426
##$POSBASE= 16181.33984375
##$POSINCR= 1.08711302280426
##END=
