##TITLE= Parameter file, TOPSPIN		Version 3.2
##JCAMPDX= 5.0
##DATATYPE= Parameter Values
##NPOINTS= 2	$$ modification sequence number
##ORIGIN= Bruker BioSpin GmbH
##OWNER= Administrator
$$ 2018-03-14 08:43:28.044 +0000  Giulia Iadevaia@glengrant
$$ C:\Bruker\TopSpin3.2\exp\stan\nmr\par\user/19f-hoesy-nus-djh/clevels
$$ process C:\Bruker\TopSpin3.2\prog\mod\edparproc.exe
##$LEVELS= (0..255)
20867.9609375 25553.4040206242 31290.8606162784 38316.5372925311 46919.675623308
57454.4600361256 70354.5993059451 86151.1820037613 105494.540994679 129181.027129634
158185.794382564 193702.946171286 237194.69565449 290451.563895552 355666.094204141
435523.117416982 533310.284268301 653053.415380529 799682.241127791 979233.354751755
1199098.73414976 1468330.06378143 1798011.38538699 2201715.41925362 0 0
0 0 0 0 0 0 0 0 0 0 0 0 0 0 0 0 0 0 0 0 0 0 0 0 0 0 0 0 0 0 0 0 0 0 0 0
0 0 0 0 0 0 0 0 0 0 0 0 0 0 0 0 0 0 0 0 0 0 0 0 0 0 0 0 0 0 0 0 0 0 0 0
0 0 0 0 0 0 0 0 0 0 0 0 0 0 0 0 0 0 0 0 0 0 0 0 0 0 0 0 0 0 0 0 0 0 0 0
0 0 0 0 0 0 0 0 0 0 0 0 0 0 0 0 0 0 0 0 0 0 0 0 0 0 0 0 0 0 0 0 0 0 0 0
0 0 0 0 0 0 0 0 0 0 0 0 0 0 0 0 0 0 0 0 0 0 0 0 0 0 0 0 0 0 0 0 0 0 0 0
0 0 0 0 0 0 0 0 0 0 0 0 0 0 0 0 0 0 0 0 0 0 0 0 0 0 0 0 0 0 0 0 0 0 0 0
0 0 0 0 0 0 0 0 0 0 0 0 0 0
##$LEVSIGN= 1
##$MAXLEV= 24
##$METHOD= 0
##$NEGBASE= -20867.9609375
##$NEGINCR= 1.22452807426453
##$POSBASE= 20867.9609375
##$POSINCR= 1.22452807426453
##END=
