##TITLE= Parameter file, TopSpin 3.6.5
##JCAMPDX= 5.0
##DATATYPE= Parameter Values
##NPOINTS= 1	$$ modification sequence number
##ORIGIN= Bruker BioSpin GmbH
##OWNER= nmrsu
$$ 2022-10-24 18:30:11.788 +0100  nmrsu@arran
$$ C:/Bruker/TopSpin3.6.5/exp/stan/nmr/par/user/CarbonEXSY.txo/clevels
$$ process C:\Bruker\TopSpin3.6.5\prog\mod\edparproc.exe
##$LEVELS= (0..255)
438.67 -438.67 481.2 -481.2 527.85 -527.85 579.03 -579.03 635.18 -635.18
696.76 -696.76 764.32 -764.32 838.42 -838.42 919.71 -919.71 1008.88 -1008.88
1106.7 -1106.7 1214 -1214 1331.71 -1331.71 1460.83 -1460.83 1602.46 -1602.46
1757.83 -1757.83 1928.26 -1928.26 2115.22 -2115.22 2320.3 -2320.3 2545.27
-2545.27 2792.05 -2792.05 3062.76 -3062.76 3359.71 -3359.71 3685.45 -3685.45
4042.78 -4042.78 4434.75 -4434.75 4864.73 -4864.73 5336.39 -5336.39 5853.79
-5853.79 6421.35 -6421.35 7043.94 -7043.94 7726.89 -7726.89 0 0 0 0 0 0
0 0 0 0 0 0 0 0 0 0 0 0 0 0 0 0 0 0 0 0 0 0 0 0 0 0 0 0 0 0 0 0 0 0 0 0
0 0 0 0 0 0 0 0 0 0 0 0 0 0 0 0 0 0 0 0 0 0 0 0 0 0 0 0 0 0 0 0 0 0 0 0
0 0 0 0 0 0 0 0 0 0 0 0 0 0 0 0 0 0 0 0 0 0 0 0 0 0 0 0 0 0 0 0 0 0 0 0
0 0 0 0 0 0 0 0 0 0 0 0 0 0 0 0 0 0 0 0 0 0 0 0 0 0 0 0 0 0 0 0 0 0 0 0
0 0 0 0 0 0 0 0 0 0 0 0 0 0 0 0 0 0 0 0 0 0 0 0 0 0 0 0 0 0 0 0 0 0 0 0
0 0 0 0 0 0
##$LEVSIGN= 3
##$MAXLEV= 32
##$METHOD= 0
##$NEGBASE= -438.67
##$NEGINCR= 1.8
##$POSBASE= 438.67
##$POSINCR= 1.8
##END=
