##TITLE= Parameter file, TopSpin 3.6.5
##JCAMPDX= 5.0
##DATATYPE= Parameter Values
##NPOINTS= 1	$$ modification sequence number
##ORIGIN= Bruker BioSpin GmbH
##OWNER= ptg20
$$ 2024-11-04 17:33:48.563 +0000  ptg20@DESKTOP-3IJF6FR
$$ C:\Bruker\cam-ts3\par\reference/j-NOAH-BSC.ref/clevels
$$ process C:\Bruker\TopSpin3.6.5\prog\mod\edparproc.exe
##$LEVELS= (0..255)
-21533598.9608836 -18269943.2677499 -15500930.7832444 -13151592.8443563
-11158323.1202276 -9467155.52472678 -8032303.13046688 -6814918.52660466
-5782042.05816117 -4905709.47133558 -4162194.80506602 -3531368.03076968
-2996150.04890295 -2542050.28683588 -2156774.37889618 -1829891.30685254
-1552550.98894871 -1317244.67145078 -1117601.6355124 -948216.715368709
-804503.95806051 -682572.462649905 -579121.037379553 -491348.822707468
-416879.460411982 -353696.755709645 -300090.090492577 -254608.109794962
-216019.427589085 -183279.288053689 -155501.279696773 -131933.33651673
131933.33651673 155501.279696773 183279.288053689 216019.427589085 254608.109794962
300090.090492577 353696.755709645 416879.460411982 491348.822707468 579121.037379553
682572.462649905 804503.95806051 948216.715368709 1117601.6355124 1317244.67145078
1552550.98894871 1829891.30685254 2156774.37889618 2542050.28683588 2996150.04890295
3531368.03076968 4162194.80506602 4905709.47133558 5782042.05816117 6814918.52660466
8032303.13046688 9467155.52472678 11158323.1202276 13151592.8443563 15500930.7832444
18269943.2677499 21533598.9608836 0 0 0 0 0 0 0 0 0 0 0 0 0 0 0 0 0 0 0
0 0 0 0 0 0 0 0 0 0 0 0 0 0 0 0 0 0 0 0 0 0 0 0 0 0 0 0 0 0 0 0 0 0 0 0
0 0 0 0 0 0 0 0 0 0 0 0 0 0 0 0 0 0 0 0 0 0 0 0 0 0 0 0 0 0 0 0 0 0 0 0
0 0 0 0 0 0 0 0 0 0 0 0 0 0 0 0 0 0 0 0 0 0 0 0 0 0 0 0 0 0 0 0 0 0 0 0
0 0 0 0 0 0 0 0 0 0 0 0 0 0 0 0 0 0 0 0 0 0 0 0 0 0 0 0 0 0 0 0 0 0 0 0
0 0 0 0 0 0 0 0 0 0 0 0 0 0 0 0 0 0 0 0 0 0 0 0 0 0 0 0 0
##$LEVSIGN= 0
##$MAXLEV= 32
##$METHOD= 0
##$NEGBASE= -2451.5009765625
##$NEGINCR= 1.17863523960114
##$POSBASE= 2451.5009765625
##$POSINCR= 1.17863523960114
##END=
