##TITLE= Parameter file, TopSpin 3.8.0
##JCAMPDX= 5.0
##DATATYPE= Parameter Values
##NPOINTS= 1	$$ modification sequence number
##ORIGIN= Bruker BioSpin GmbH
##OWNER= ptg20
$$ 2025-09-10 16:31:35.250 +0100  ptg20@auchentoshan
$$ C:\Bruker\cam-ts3\par\reference/HSQC_nongradient.ref/clevels
$$ process C:\Bruker\TopSpin3.8.0\prog\mod\edparproc.exe
##$LEVELS= (0..255)
8245.64 -8245.64 9196.97 -9196.97 10258.07 -10258.07 11441.59 -11441.59
12761.65 -12761.65 14234.02 -14234.02 15876.26 -15876.26 17707.97 -17707.97
19751.01 -19751.01 22029.77 -22029.77 24571.44 -24571.44 27406.35 -27406.35
30568.34 -30568.34 34095.14 -34095.14 38028.84 -38028.84 42416.39 -42416.39
47310.15 -47310.15 52768.52 -52768.52 58856.65 -58856.65 65647.19 -65647.19
73221.18 -73221.18 81669.02 -81669.02 91091.52 -91091.52 101601.14 -101601.14
0 0 0 0 0 0 0 0 0 0 0 0 0 0 0 0 0 0 0 0 0 0 0 0 0 0 0 0 0 0 0 0 0 0 0 0
0 0 0 0 0 0 0 0 0 0 0 0 0 0 0 0 0 0 0 0 0 0 0 0 0 0 0 0 0 0 0 0 0 0 0 0
0 0 0 0 0 0 0 0 0 0 0 0 0 0 0 0 0 0 0 0 0 0 0 0 0 0 0 0 0 0 0 0 0 0 0 0
0 0 0 0 0 0 0 0 0 0 0 0 0 0 0 0 0 0 0 0 0 0 0 0 0 0 0 0 0 0 0 0 0 0 0 0
0 0 0 0 0 0 0 0 0 0 0 0 0 0 0 0 0 0 0 0 0 0 0 0 0 0 0 0 0 0 0 0 0 0 0 0
0 0 0 0 0 0 0 0 0 0 0 0 0 0 0 0 0 0 0 0 0 0 0 0 0 0 0 0
##$LEVSIGN= 3
##$MAXLEV= 24
##$METHOD= 0
##$NEGBASE= -8245.64
##$NEGINCR= 1.8
##$POSBASE= 8245.64
##$POSINCR= 1.8
##END=
