##TITLE= Parameter file, TopSpin 3.6.4
##JCAMPDX= 5.0
##DATATYPE= Parameter Values
##NPOINTS= 7	$$ modification sequence number
##ORIGIN= Bruker BioSpin GmbH
##OWNER= Simon Williams
$$ 2023-10-27 11:03:00.741 +0100  ak2425@glengrant
$$ C:\Bruker\TopSpin3.6.4\exp\stan\nmr\par\user/temperature-slide/clevels
$$ process C:\Bruker\TopSpin3.6.4\prog\mod\edparproc.exe
##$LEVELS= (0..255)
-301419.122440735 -282784.82505771 -265302.535006361 -248901.033025507
-233513.50276272 -219077.258578219 -205533.490176441 -192827.023024968
-180906.093584809 -169722.138436364 -159229.596442025 -149385.723139451
-140150.416609401 -131486.05410875 -123357.338803155 -115731.155974995
-108576.438120811 -101864.038388672 -95566.6118398844 -89658.5040513259
-84115.6466045888 -78915.4590361854 -74036.7568493745 -69459.6652128702
-65165.5379948583 -61136.8818024836 -57357.2847173572 -53811.3494367705
-50484.630548244 -47363.5756818823 -44435.4703008006 -41688.3859047119
-39111.1314356645 -36693.2076879697 -34424.7645365928 -32296.5608097651
-30299.9266423478 -28426.7281565803 -26669.3343263322 -25020.5858898692
-23473.7661844903 -22022.5737842225 -20661.0968291049 -19383.788941485
-18185.4466312142 -17061.1880976973 -16006.4333424387 -15016.8855110691
-14088.5133888421 -13217.5349782933 -12400.4020921591 -11633.7858987893
-10914.563361171 -10239.8045143168 -9606.76052918826 -9012.85251453136
-8455.66101100242 -7932.91613478757 -7442.48833056192 -6982.37969611835
-6550.71584332397 -6145.73826224766 -5765.79715735151 -5409.3447265625
5409.3447265625 5765.79715735151 6145.73826224766 6550.71584332397 6982.37969611835
7442.48833056192 7932.91613478757 8455.66101100242 9012.85251453136 9606.76052918826
10239.8045143168 10914.563361171 11633.7858987893 12400.4020921591 13217.5349782933
14088.5133888421 15016.8855110691 16006.4333424387 17061.1880976973 18185.4466312142
19383.788941485 20661.0968291049 22022.5737842225 23473.7661844903 25020.5858898692
26669.3343263322 28426.7281565803 30299.9266423478 32296.5608097651 34424.7645365928
36693.2076879697 39111.1314356645 41688.3859047119 44435.4703008006 47363.5756818823
50484.630548244 53811.3494367705 57357.2847173572 61136.8818024836 65165.5379948583
69459.6652128702 74036.7568493745 78915.4590361854 84115.6466045888 89658.5040513259
95566.6118398844 101864.038388672 108576.438120811 115731.155974995 123357.338803155
131486.05410875 140150.416609401 149385.723139451 159229.596442025 169722.138436364
180906.093584809 192827.023024968 205533.490176441 219077.258578219 233513.50276272
248901.033025507 265302.535006361 282784.82505771 301419.122440735 0 0
0 0 0 0 0 0 0 0 0 0 0 0 0 0 0 0 0 0 0 0 0 0 0 0 0 0 0 0 0 0 0 0 0 0 0 0
0 0 0 0 0 0 0 0 0 0 0 0 0 0 0 0 0 0 0 0 0 0 0 0 0 0 0 0 0 0 0 0 0 0 0 0
0 0 0 0 0 0 0 0 0 0 0 0 0 0 0 0 0 0 0 0 0 0 0 0 0 0 0 0 0 0 0 0 0 0 0 0
0 0 0 0 0 0 0 0 0 0 0 0 0 0 0 0 0 0
##$LEVSIGN= 0
##$MAXLEV= 64
##$METHOD= 0
##$NEGBASE= -5409.3447265625
##$NEGINCR= 1.06589567661285
##$POSBASE= 5409.3447265625
##$POSINCR= 1.06589567661285
##END=
