##TITLE= Parameter file, TOPSPIN		Version 3.2
##JCAMPDX= 5.0
##DATATYPE= Parameter Values
##NPOINTS= 2	$$ modification sequence number
##ORIGIN= Bruker BioSpin GmbH
##OWNER= root
$$ 2016-11-25 08:27:23.017 +0000  root@florence
$$ C:\Bruker\TopSpin3.2\exp\stan\nmr\par\user/31P-hmbc.111/clevels
$$ process C:\Bruker\TopSpin3.2\prog\mod\edparproc.exe
##$LEVELS= (0..255)
29960 -29960 42490.9 -42490.9 60262.92 -60262.92 85468.17 -85468.17 121215.62
-121215.62 171914.61 -171914.61 243818.69 -243818.69 345796.98 -345796.98
490428.16 -490428.16 695552 -695552 986469.82 -986469.82 1399065.35 -1399065.35
1984230.87 -1984230.87 2814144.55 -2814144.55 3991173.44 -3991173.44 5660500.07
-5660500.07 8028030.24 -8028030.24 11385790.79 -11385790.79 16147950.11
-16147950.11 22901904.45 -22901904.45 32480731.23 -32480731.23 46065946.34
-46065946.34 65333240.09 -65333240.09 92659168 -92659168 0 0 0 0 0 0 0
0 0 0 0 0 0 0 0 0 0 0 0 0 0 0 0 0 0 0 0 0 0 0 0 0 0 0 0 0 0 0 0 0 0 0 0
0 0 0 0 0 0 0 0 0 0 0 0 0 0 0 0 0 0 0 0 0 0 0 0 0 0 0 0 0 0 0 0 0 0 0 0
0 0 0 0 0 0 0 0 0 0 0 0 0 0 0 0 0 0 0 0 0 0 0 0 0 0 0 0 0 0 0 0 0 0 0 0
0 0 0 0 0 0 0 0 0 0 0 0 0 0 0 0 0 0 0 0 0 0 0 0 0 0 0 0 0 0 0 0 0 0 0 0
0 0 0 0 0 0 0 0 0 0 0 0 0 0 0 0 0 0 0 0 0 0 0 0 0 0 0 0 0 0 0 0 0 0 0 0
0 0 0 0 0 0 0 0 0 0 0 0 0 0 0 0 0 0 0 0 0
##$LEVSIGN= 3
##$MAXLEV= 24
##$METHOD= 0
##$NEGBASE= -29960
##$NEGINCR= 1.8
##$POSBASE= 29960
##$POSINCR= 1.8
##END=
