##TITLE= Parameter file, TOPSPIN		Version 3.2
##JCAMPDX= 5.0
##DATATYPE= Parameter Values
##NPOINTS= 3	$$ modification sequence number
##ORIGIN= Bruker BioSpin GmbH
##OWNER= Dawei Zhang
$$ 2016-12-01 09:00:30.442 +0000  Dawei Zhang@glengrant
$$ C:\Bruker\TopSpin3.2\exp\stan\nmr\par\user/1H-31P-hsqc.std/clevels
$$ process C:\Bruker\TopSpin3.2\prog\mod\edparproc.exe
##$LEVELS= (0..255)
-557741.729035095 -468906.864404657 -394221.26055763 -331431.280011143
-278642.235617747 -234261.218396302 -196949.031516543 -165579.78004573
-139206.89707829 -117034.581087218 -98393.7826195296 -82722.0157345155
-69546.3849950944 -58469.3158518838 -49156.5578344366 -41327.0985460395
-34744.6841169495 -29210.6902458144 -24558.1287130098 -20646.6085124837
-17358.0995543012 -14593.3711076495 -12268.997514351 -10314.8408203125
10314.8408203125 12268.997514351 14593.3711076495 17358.0995543012 20646.6085124837
24558.1287130098 29210.6902458144 34744.6841169495 41327.0985460395 49156.5578344366
58469.3158518838 69546.3849950944 82722.0157345155 98393.7826195296 117034.581087218
139206.89707829 165579.78004573 196949.031516543 234261.218396302 278642.235617747
331431.280011143 394221.26055763 468906.864404657 557741.729035095 0 0
0 0 0 0 0 0 0 0 0 0 0 0 0 0 0 0 0 0 0 0 0 0 0 0 0 0 0 0 0 0 0 0 0 0 0 0
0 0 0 0 0 0 0 0 0 0 0 0 0 0 0 0 0 0 0 0 0 0 0 0 0 0 0 0 0 0 0 0 0 0 0 0
0 0 0 0 0 0 0 0 0 0 0 0 0 0 0 0 0 0 0 0 0 0 0 0 0 0 0 0 0 0 0 0 0 0 0 0
0 0 0 0 0 0 0 0 0 0 0 0 0 0 0 0 0 0 0 0 0 0 0 0 0 0 0 0 0 0 0 0 0 0 0 0
0 0 0 0 0 0 0 0 0 0 0 0 0 0 0 0 0 0 0 0 0 0 0 0 0 0 0 0 0 0 0 0 0 0 0 0
0 0 0 0 0 0 0 0 0 0 0 0 0 0 0 0 0 0 0 0 0 0 0 0 0 0
##$LEVSIGN= 0
##$MAXLEV= 24
##$METHOD= 0
##$NEGBASE= -10314.8408203125
##$NEGINCR= 1.18945097923279
##$POSBASE= 10314.8408203125
##$POSINCR= 1.18945097923279
##END=
