##TITLE= Parameter file, TopSpin 3.6.0
##JCAMPDX= 5.0
##DATATYPE= Parameter Values
##NPOINTS= 1	$$ modification sequence number
##ORIGIN= Bruker BioSpin GmbH
##OWNER= root
$$ 2020-07-29 15:00:35.626 +0100  root@arran
$$ C:/Bruker/TopSpin3.6.0/exp/stan/nmr/par/user/janus-cosy.dul/clevels
$$ process C:\Bruker\TopSpin3.6.0\prog\mod\edparproc.exe
##$LEVELS= (0..255)
20843.314453125 24236.8585370423 28182.9127064063 32771.4322961035 38107.0184592372
44311.3026837494 51525.7195372341 59914.7308481941 69669.574823064 81012.6255649
94202.4623745229 109539.764395295 127374.164977474 148112.222016113 172226.685956529
200267.276743319 232873.215387238 270787.795822965 314875.329241828 366140.847167165
425753.012429025 495070.760323091 575674.277273006 669401.023194179 778387.618734803
905118.55226711 1052482.81696683 1223839.76909528 1423095.70880756 1654792.92924401
1924213.26389248 2237498.4927155 0 0 0 0 0 0 0 0 0 0 0 0 0 0 0 0 0 0 0
0 0 0 0 0 0 0 0 0 0 0 0 0 0 0 0 0 0 0 0 0 0 0 0 0 0 0 0 0 0 0 0 0 0 0 0
0 0 0 0 0 0 0 0 0 0 0 0 0 0 0 0 0 0 0 0 0 0 0 0 0 0 0 0 0 0 0 0 0 0 0 0
0 0 0 0 0 0 0 0 0 0 0 0 0 0 0 0 0 0 0 0 0 0 0 0 0 0 0 0 0 0 0 0 0 0 0 0
0 0 0 0 0 0 0 0 0 0 0 0 0 0 0 0 0 0 0 0 0 0 0 0 0 0 0 0 0 0 0 0 0 0 0 0
0 0 0 0 0 0 0 0 0 0 0 0 0 0 0 0 0 0 0 0 0 0 0 0 0 0 0 0 0 0 0 0 0 0 0 0
0 0 0 0 0 0 0 0 0 0 0 0 0 0 0 0 0 0 0 0 0 0 0 0 0
##$LEVSIGN= 1
##$MAXLEV= 32
##$METHOD= 0
##$NEGBASE= -20843.314453125
##$NEGINCR= 1.1628121137619
##$POSBASE= 20843.314453125
##$POSINCR= 1.1628121137619
##END=
