##TITLE= Parameter file, TopSpin 3.6.5
##JCAMPDX= 5.0
##DATATYPE= Parameter Values
##NPOINTS= 1	$$ modification sequence number
##ORIGIN= Bruker BioSpin GmbH
##OWNER= nmrsu
$$ 2023-02-25 19:02:36.135 +0000  nmrsu@arran
$$ C:/Bruker/TopSpin3.6.5/exp/stan/nmr/par/user/noesy.txo/clevels
$$ process C:\Bruker\TopSpin3.6.5\prog\mod\edparproc.exe
##$LEVELS= (0..255)
9922.5 -9922.5 13256.66 -13256.66 17711.18 -17711.18 23662.51 -23662.51
31613.61 -31613.61 42236.45 -42236.45 56428.78 -56428.78 75390.04 -75390.04
100722.68 -100722.68 134567.61 -134567.61 179785.15 -179785.15 240196.73
-240196.73 320907.86 -320907.86 428739.63 -428739.63 572805.14 -572805.14
765279.67 -765279.67 1022429.68 -1022429.68 1365987.48 -1365987.48 1824987.91
-1824987.91 2438222.1 -2438222.1 3257515.83 -3257515.83 4352109.42 -4352109.42
5814509.4 -5814509.4 7768306.43 -7768306.43 10378620.22 -10378620.22 13866054.14
-13866054.14 18525338.96 -18525338.96 24750241.13 -24750241.13 33066840.9
-33066840.9 44177992.5 -44177992.5 59022723.93 -59022723.93 78855596.24
-78855596.24 0 0 0 0 0 0 0 0 0 0 0 0 0 0 0 0 0 0 0 0 0 0 0 0 0 0 0 0 0
0 0 0 0 0 0 0 0 0 0 0 0 0 0 0 0 0 0 0 0 0 0 0 0 0 0 0 0 0 0 0 0 0 0 0 0
0 0 0 0 0 0 0 0 0 0 0 0 0 0 0 0 0 0 0 0 0 0 0 0 0 0 0 0 0 0 0 0 0 0 0 0
0 0 0 0 0 0 0 0 0 0 0 0 0 0 0 0 0 0 0 0 0 0 0 0 0 0 0 0 0 0 0 0 0 0 0 0
0 0 0 0 0 0 0 0 0 0 0 0 0 0 0 0 0 0 0 0 0 0 0 0 0 0 0 0 0 0 0 0 0 0 0 0
0 0 0 0 0 0 0 0 0 0 0 0 0 0 0 0 0 0 0
##$LEVSIGN= 3
##$MAXLEV= 32
##$METHOD= 0
##$NEGBASE= -9922.5
##$NEGINCR= 1.8
##$POSBASE= 9922.5
##$POSINCR= 1.8
##END=
