##TITLE= Parameter file, TopSpin 3.6.5
##JCAMPDX= 5.0
##DATATYPE= Parameter Values
##NPOINTS= 3	$$ modification sequence number
##ORIGIN= Bruker BioSpin GmbH
##OWNER= chemist
$$ 2023-07-12 19:43:16.015 +0100  chemist@arran
$$ C:\Bruker\TopSpin3.6.5\exp\stan\nmr\par\user/janus-hmbc-impact.txo/clevels
$$ process C:\Bruker\TopSpin3.6.5\prog\mod\edparproc.exe
##$LEVELS= (0..255)
3120.32153320313 3463.3185128803 3844.01895574734 4266.56736225392 4735.56381126412
5256.11403887632 5833.88502208737 6475.16667241325 7186.9403110947 7976.95467134401
8853.81025503255 9827.05296216907 10907.2780124675 12106.2452903477 13437.0073690742
14914.0516077688 16553.4578682394 18373.0735686095 20392.7079794744 22634.347877789
25122.396906209 27883.941243672 30949.0444794457 34351.0749007938 38127.0687572801
42318.1334563935 46969.8950798883 52132.9950927313 57863.6416520863 64224.2215181665
71283.9792285316 79119.7709296701 0 0 0 0 0 0 0 0 0 0 0 0 0 0 0 0 0 0 0
0 0 0 0 0 0 0 0 0 0 0 0 0 0 0 0 0 0 0 0 0 0 0 0 0 0 0 0 0 0 0 0 0 0 0 0
0 0 0 0 0 0 0 0 0 0 0 0 0 0 0 0 0 0 0 0 0 0 0 0 0 0 0 0 0 0 0 0 0 0 0 0
0 0 0 0 0 0 0 0 0 0 0 0 0 0 0 0 0 0 0 0 0 0 0 0 0 0 0 0 0 0 0 0 0 0 0 0
0 0 0 0 0 0 0 0 0 0 0 0 0 0 0 0 0 0 0 0 0 0 0 0 0 0 0 0 0 0 0 0 0 0 0 0
0 0 0 0 0 0 0 0 0 0 0 0 0 0 0 0 0 0 0 0 0 0 0 0 0 0 0 0 0 0 0 0 0 0 0 0
0 0 0 0 0 0 0 0 0 0 0 0 0 0 0 0 0 0 0 0 0 0 0 0 0
##$LEVSIGN= 1
##$MAXLEV= 32
##$METHOD= 0
##$NEGBASE= -3120.32153320313
##$NEGINCR= 1.10992360115051
##$POSBASE= 3120.32153320313
##$POSINCR= 1.10992360115051
##END=
