##TITLE= Parameter file, TopSpin 3.6.5
##JCAMPDX= 5.0
##DATATYPE= Parameter Values
##NPOINTS= 6	$$ modification sequence number
##ORIGIN= Bruker BioSpin GmbH
##OWNER= nmrsu
$$ 2024-03-01 11:49:17.964 +0000  chemist@arran
$$ C:/Bruker/TopSpin3.6.5/exp/stan/nmr/par/user/levs/clevels
$$ process C:\Bruker\TopSpin3.6.5\prog\mod\edparproc.exe
##$LEVELS= (0..255)
-3270002.68 -2947277.91 -2656403.66 -2394236.52 -2157943.31 -1944970.47
-1753016.45 -1580006.86 -1424072.02 -1283526.78 -1156852.3 -1042679.64
-939774.97 -847026.22 -763431.08 -688086.15 -620177.2 -558970.36 -503804.17
-454082.47 -409267.93 -368876.25 -332470.93 -299658.54 -270084.49 -243429.17
-219404.53 -197750.95 -178234.41 -160644.01 -144789.65 -130500 130500 144789.65
160644.01 178234.41 197750.95 219404.53 243429.17 270084.49 299658.54 332470.93
368876.25 409267.93 454082.47 503804.17 558970.36 620177.2 688086.15 763431.08
847026.22 939774.97 1042679.64 1156852.3 1283526.78 1424072.02 1580006.86
1753016.45 1944970.47 2157943.31 2394236.52 2656403.66 2947277.91 3270002.68
0 0 0 0 0 0 0 0 0 0 0 0 0 0 0 0 0 0 0 0 0 0 0 0 0 0 0 0 0 0 0 0 0 0 0 0
0 0 0 0 0 0 0 0 0 0 0 0 0 0 0 0 0 0 0 0 0 0 0 0 0 0 0 0 0 0 0 0 0 0 0 0
0 0 0 0 0 0 0 0 0 0 0 0 0 0 0 0 0 0 0 0 0 0 0 0 0 0 0 0 0 0 0 0 0 0 0 0
0 0 0 0 0 0 0 0 0 0 0 0 0 0 0 0 0 0 0 0 0 0 0 0 0 0 0 0 0 0 0 0 0 0 0 0
0 0 0 0 0 0 0 0 0 0 0 0 0 0 0 0 0 0 0 0 0 0 0 0 0 0 0 0 0 0 0 0 0 0 0 0
0 0 0 0 0 0 0 0 0 0 0 0
##$LEVSIGN= 3
##$MAXLEV= 32
##$METHOD= 0
##$NEGBASE= -130500
##$NEGINCR= 1.8
##$POSBASE= 130500
##$POSINCR= 1.8
##END=
