##TITLE= Parameter file, TopSpin 3.6.5
##JCAMPDX= 5.0
##DATATYPE= Parameter Values
##NPOINTS= 1	$$ modification sequence number
##ORIGIN= Bruker BioSpin GmbH
##OWNER= chemist
$$ 2023-03-24 15:37:59.373 +0000  chemist@arran
$$ C:/Bruker/TopSpin3.6.5/exp/stan/nmr/par/user/CLIP-COSYpresat.txo/clevels
$$ process C:\Bruker\TopSpin3.6.5\prog\mod\edparproc.exe
##$LEVELS= (0..255)
11156 -11156 15403.39 -15403.39 21267.89 -21267.89 29365.16 -29365.16 40545.28
-40545.28 55981.99 -55981.99 77295.87 -77295.87 106724.53 -106724.53 147357.5
-147357.5 203460.55 -203460.55 280923.57 -280923.57 387878.9 -387878.9
535555.05 -535555.05 739455.58 -739455.58 1020986.64 -1020986.64 1409704.32
-1409704.32 1946417.49 -1946417.49 2687472.11 -2687472.11 3710666.6 -3710666.6
5123419.35 -5123419.35 7074045.88 -7074045.88 9767329.54 -9767329.54 13486020.3
-13486020.3 18620518.82 -18620518.82 25709862.02 -25709862.02 35498312.98
-35498312.98 49013496.22 -49013496.22 67674281.09 -67674281.09 93439739.56
-93439739.56 129014816.09 -129014816.09 178134301.84 -178134301.84 245954925.6
-245954925.6 0 0 0 0 0 0 0 0 0 0 0 0 0 0 0 0 0 0 0 0 0 0 0 0 0 0 0 0 0
0 0 0 0 0 0 0 0 0 0 0 0 0 0 0 0 0 0 0 0 0 0 0 0 0 0 0 0 0 0 0 0 0 0 0 0
0 0 0 0 0 0 0 0 0 0 0 0 0 0 0 0 0 0 0 0 0 0 0 0 0 0 0 0 0 0 0 0 0 0 0 0
0 0 0 0 0 0 0 0 0 0 0 0 0 0 0 0 0 0 0 0 0 0 0 0 0 0 0 0 0 0 0 0 0 0 0 0
0 0 0 0 0 0 0 0 0 0 0 0 0 0 0 0 0 0 0 0 0 0 0 0 0 0 0 0 0 0 0 0 0 0 0 0
0 0 0 0 0 0 0 0 0 0 0 0 0 0 0 0 0 0 0
##$LEVSIGN= 3
##$MAXLEV= 32
##$METHOD= 0
##$NEGBASE= -11156
##$NEGINCR= 1.8
##$POSBASE= 11156
##$POSINCR= 1.8
##END=
