##TITLE= Parameter file, TOPSPIN		Version 3.2
##JCAMPDX= 5.0
##DATATYPE= Parameter Values
##NPOINTS= 2	$$ modification sequence number
##ORIGIN= Bruker BioSpin GmbH
##OWNER= root
$$ 2013-11-04 12:16:30.963 +0000  Peter Grice@florence
$$ C:\Bruker\TopSpin3.2\exp\stan\nmr\par\user/hsqc.std/clevels
$$ process C:\Bruker\TopSpin3.2\prog\mod\edparproc.exe
##$LEVELS= (0..255)
10150.3 -10150.3 10928.26 -10928.26 11765.85 -11765.85 12667.63 -12667.63
13638.52 -13638.52 14683.83 -14683.83 15809.26 -15809.26 17020.94 -17020.94
18325.5 -18325.5 19730.03 -19730.03 21242.22 -21242.22 22870.31 -22870.31
24623.18 -24623.18 26510.39 -26510.39 28542.25 -28542.25 30729.84 -30729.84
33085.1 -33085.1 35620.87 -35620.87 38350.99 -38350.99 41290.36 -41290.36
44455.02 -44455.02 47862.22 -47862.22 51530.57 -51530.57 55480.08 -55480.08
0 0 0 0 0 0 0 0 0 0 0 0 0 0 0 0 0 0 0 0 0 0 0 0 0 0 0 0 0 0 0 0 0 0 0 0
0 0 0 0 0 0 0 0 0 0 0 0 0 0 0 0 0 0 0 0 0 0 0 0 0 0 0 0 0 0 0 0 0 0 0 0
0 0 0 0 0 0 0 0 0 0 0 0 0 0 0 0 0 0 0 0 0 0 0 0 0 0 0 0 0 0 0 0 0 0 0 0
0 0 0 0 0 0 0 0 0 0 0 0 0 0 0 0 0 0 0 0 0 0 0 0 0 0 0 0 0 0 0 0 0 0 0 0
0 0 0 0 0 0 0 0 0 0 0 0 0 0 0 0 0 0 0 0 0 0 0 0 0 0 0 0 0 0 0 0 0 0 0 0
0 0 0 0 0 0 0 0 0 0 0 0 0 0 0 0 0 0 0 0 0 0 0 0 0 0 0 0
##$LEVSIGN= 3
##$MAXLEV= 24
##$METHOD= 0
##$NEGBASE= -10150.3
##$NEGINCR= 1.8
##$POSBASE= 10150.3
##$POSINCR= 1.8
##END=
