##TITLE= Parameter file, TopSpin 3.6.4
##JCAMPDX= 5.0
##DATATYPE= Parameter Values
##NPOINTS= 2	$$ modification sequence number
##ORIGIN= Bruker BioSpin GmbH
##OWNER= chemist
$$ 2025-01-02 16:27:04.578 +0000  chemist@Glenfairn
$$ C:\Bruker\cam-ts3\par\reference/j-19F-bb-cpd.ref/clevels
$$ process C:\Bruker\TopSpin3.6.4\prog\mod\edparproc.exe
##$LEVELS= (0..255)
1395.74 -1395.74 1647.46 -1647.46 1944.57 -1944.57 2295.26 -2295.26 2709.2
-2709.2 3197.8 -3197.8 3774.51 -3774.51 4455.22 -4455.22 5258.7 -5258.7
6207.08 -6207.08 7326.5 -7326.5 8647.8 -8647.8 10207.39 -10207.39 12048.25
-12048.25 14221.09 -14221.09 16785.8 -16785.8 19813.04 -19813.04 23386.23
-23386.23 27603.82 -27603.82 32582.04 -32582.04 0 0 0 0 0 0 0 0 0 0 0 0
0 0 0 0 0 0 0 0 0 0 0 0 0 0 0 0 0 0 0 0 0 0 0 0 0 0 0 0 0 0 0 0 0 0 0 0
0 0 0 0 0 0 0 0 0 0 0 0 0 0 0 0 0 0 0 0 0 0 0 0 0 0 0 0 0 0 0 0 0 0 0 0
0 0 0 0 0 0 0 0 0 0 0 0 0 0 0 0 0 0 0 0 0 0 0 0 0 0 0 0 0 0 0 0 0 0 0 0
0 0 0 0 0 0 0 0 0 0 0 0 0 0 0 0 0 0 0 0 0 0 0 0 0 0 0 0 0 0 0 0 0 0 0 0
0 0 0 0 0 0 0 0 0 0 0 0 0 0 0 0 0 0 0 0 0 0 0 0 0 0 0 0 0 0 0 0 0 0 0 0
0 0 0 0 0 0 0 0 0 0 0 0 0 0 0 0 0 0 0 0 0 0 0 0
##$LEVSIGN= 3
##$MAXLEV= 20
##$METHOD= 0
##$NEGBASE= -1395.74
##$NEGINCR= 1.8
##$POSBASE= 1395.74
##$POSINCR= 1.8
##END=
