##TITLE= Parameter file, TopSpin 3.6.0
##JCAMPDX= 5.0
##DATATYPE= Parameter Values
##NPOINTS= 3	$$ modification sequence number
##ORIGIN= Bruker BioSpin GmbH
##OWNER= root
$$ 2019-02-27 15:39:25.754 +0000  root@arran
$$ C:\Bruker\TopSpin3.6.0\exp\stan\nmr\par\user/noesy-presat.txo/clevels
$$ process C:\Bruker\TopSpin3.6.0\prog\mod\edparproc.exe
##$LEVELS= (0..255)
11235 -11235 15529.76 -15529.76 21466.26 -21466.26 29672.1 -29672.1 41014.75
-41014.75 56693.31 -56693.31 78365.26 -78365.26 108321.67 -108321.67 149729.4
-149729.4 206965.93 -206965.93 286082.05 -286082.05 395441.61 -395441.61
546605.65 -546605.65 755554.63 -755554.63 1044377.79 -1044377.79 1443608.34
-1443608.34 1995451.31 -1995451.31 2758245.32 -2758245.32 3812629.85 -3812629.85
5270070.17 -5270070.17 7284640.96 -7284640.96 10069314.5 -10069314.5 13918475.18
-13918475.18 19239040.69 -19239040.69 26593479.66 -26593479.66 36759273.6
-36759273.6 50811109.06 -50811109.06 70234489.19 -70234489.19 97082775.07
-97082775.07 134194258.74 -134194258.74 185492215.96 -185492215.96 256399659
-256399659 0 0 0 0 0 0 0 0 0 0 0 0 0 0 0 0 0 0 0 0 0 0 0 0 0 0 0 0 0 0
0 0 0 0 0 0 0 0 0 0 0 0 0 0 0 0 0 0 0 0 0 0 0 0 0 0 0 0 0 0 0 0 0 0 0 0
0 0 0 0 0 0 0 0 0 0 0 0 0 0 0 0 0 0 0 0 0 0 0 0 0 0 0 0 0 0 0 0 0 0 0 0
0 0 0 0 0 0 0 0 0 0 0 0 0 0 0 0 0 0 0 0 0 0 0 0 0 0 0 0 0 0 0 0 0 0 0 0
0 0 0 0 0 0 0 0 0 0 0 0 0 0 0 0 0 0 0 0 0 0 0 0 0 0 0 0 0 0 0 0 0 0 0 0
0 0 0 0 0 0 0 0 0 0 0 0 0 0 0 0 0 0
##$LEVSIGN= 3
##$MAXLEV= 32
##$METHOD= 0
##$NEGBASE= -11235
##$NEGINCR= 1.8
##$POSBASE= 11235
##$POSINCR= 1.8
##END=
