##TITLE= Parameter file, TopSpin 3.6.4
##JCAMPDX= 5.0
##DATATYPE= Parameter Values
##NPOINTS= 1	$$ modification sequence number
##ORIGIN= Bruker BioSpin GmbH
##OWNER= chemist
$$ 2022-10-20 10:22:24.890 +0100  chemist@Glenfairn
$$ C:/Bruker/TopSpin3.6.4/exp/stan/nmr/par/user/janus-cosy.bbf/clevels
$$ process C:\Bruker\TopSpin3.6.4\prog\mod\edparproc.exe
##$LEVELS= (0..255)
33638.01953125 40987.3780432185 49942.4514959036 60854.0624089363 74149.6822993252
90350.1782369663 110090.218249335 134143.134974221 163451.221614965 199162.647067692
242676.436401612 295697.278840492 360302.310393952 439022.487404246 534941.73888552
651817.782031673 794229.333941754 967755.486705808 1179194.27302074 1436828.98482767
1750752.67822693 2133263.57742316 2599346.86798199 3167261.75405354 3859256.7780222
4702441.42583061 5729848.16384785 6981726.51346772 8507119.85989591 10365786.7679337
12630542.0739169 15390109.468052 0 0 0 0 0 0 0 0 0 0 0 0 0 0 0 0 0 0 0
0 0 0 0 0 0 0 0 0 0 0 0 0 0 0 0 0 0 0 0 0 0 0 0 0 0 0 0 0 0 0 0 0 0 0 0
0 0 0 0 0 0 0 0 0 0 0 0 0 0 0 0 0 0 0 0 0 0 0 0 0 0 0 0 0 0 0 0 0 0 0 0
0 0 0 0 0 0 0 0 0 0 0 0 0 0 0 0 0 0 0 0 0 0 0 0 0 0 0 0 0 0 0 0 0 0 0 0
0 0 0 0 0 0 0 0 0 0 0 0 0 0 0 0 0 0 0 0 0 0 0 0 0 0 0 0 0 0 0 0 0 0 0 0
0 0 0 0 0 0 0 0 0 0 0 0 0 0 0 0 0 0 0 0 0 0 0 0 0 0 0 0 0 0 0 0 0 0 0 0
0 0 0 0 0 0 0 0 0 0 0 0 0 0 0 0 0 0 0 0 0 0 0 0 0
##$LEVSIGN= 1
##$MAXLEV= 32
##$METHOD= 0
##$NEGBASE= -33638.01953125
##$NEGINCR= 1.21848368644714
##$POSBASE= 33638.01953125
##$POSINCR= 1.21848368644714
##END=
