##TITLE= Parameter file, TopSpin 3.6.5
##JCAMPDX= 5.0
##DATATYPE= Parameter Values
##NPOINTS= 1	$$ modification sequence number
##ORIGIN= Bruker BioSpin GmbH
##OWNER= chemist
$$ 2023-05-19 11:05:12.820 +0100  chemist@arran
$$ C:/Bruker/TopSpin3.6.5/exp/stan/nmr/par/user/roesy-easy.txo/clevels
$$ process C:\Bruker\TopSpin3.6.5\prog\mod\edparproc.exe
##$LEVELS= (0..255)
3211.25 -3211.25 4328.95 -4328.95 5835.68 -5835.68 7866.85 -7866.85 10604.99
-10604.99 14296.15 -14296.15 19272.07 -19272.07 25979.89 -25979.89 35022.44
-35022.44 47212.34 -47212.34 63645.04 -63645.04 85797.3 -85797.3 115659.86
-115659.86 155916.37 -155916.37 210184.54 -210184.54 283341.25 -283341.25
381960.86 -381960.86 514905.94 -514905.94 694123.83 -694123.83 935720.19
-935720.19 1261406.45 -1261406.45 1700450.89 -1700450.89 2292308.9 -2292308.9
3090168.69 -3090168.69 4165731.12 -4165731.12 5615653.22 -5615653.22 7570234.42
-7570234.42 10205126.08 -10205126.08 13757116.7 -13757116.7 18545411.23
-18545411.23 25000316.95 -25000316.95 33701913.62 -33701913.62 0 0 0 0
0 0 0 0 0 0 0 0 0 0 0 0 0 0 0 0 0 0 0 0 0 0 0 0 0 0 0 0 0 0 0 0 0 0 0 0
0 0 0 0 0 0 0 0 0 0 0 0 0 0 0 0 0 0 0 0 0 0 0 0 0 0 0 0 0 0 0 0 0 0 0 0
0 0 0 0 0 0 0 0 0 0 0 0 0 0 0 0 0 0 0 0 0 0 0 0 0 0 0 0 0 0 0 0 0 0 0 0
0 0 0 0 0 0 0 0 0 0 0 0 0 0 0 0 0 0 0 0 0 0 0 0 0 0 0 0 0 0 0 0 0 0 0 0
0 0 0 0 0 0 0 0 0 0 0 0 0 0 0 0 0 0 0 0 0 0 0 0 0 0 0 0 0 0 0 0 0 0 0 0
0 0 0 0 0 0 0 0
##$LEVSIGN= 3
##$MAXLEV= 32
##$METHOD= 0
##$NEGBASE= -3211.25
##$NEGINCR= 1.8
##$POSBASE= 3211.25
##$POSINCR= 1.8
##END=
