##TITLE= Parameter file, TopSpin 3.6.4
##JCAMPDX= 5.0
##DATATYPE= Parameter Values
##NPOINTS= 1	$$ modification sequence number
##ORIGIN= Bruker BioSpin GmbH
##OWNER= ptg20
$$ 2023-10-10 12:48:25.933 +0100  ptg20@glengrant
$$ C:/Bruker/TopSpin3.6.4/exp/stan/nmr/par/user/2H.std/acqu
$$ process C:\Bruker\TopSpin3.6.4\prog\mod\edparproc.exe
##$ACQT0= 0
##$AMP= (0..31)
100 100 100 100 100 100 100 100 100 100 100 100 100 100 100 100 100 100
100 100 100 100 100 100 100 100 100 100 100 100 100 100
##$AMPCOIL= (0..19)
-1 0 0 0 0 0 0 0 0 0 0 0 0 0 0 0 0 0 0 0
##$ANAVPT= 1
##$AQSEQ= 0
##$AQ_mod= 3
##$AUNM= <zg_2Hoffon_always>
##$AUTOPOS= <>
##$BF1= 76.783746
##$BF2= 500.2
##$BF3= 500.2
##$BF4= 500.2
##$BF5= 500.2
##$BF6= 500.2
##$BF7= 500.2
##$BF8= 500.2
##$BWFAC= (0..63)
0 0 0 0 0 0 0 0 0 0 0 0 0 0 0 0 0 0 0 0 0 0 0 0 0 0 0 0 0 0 0 0 0 0 0 0
0 0 0 0 0 0 0 0 0 0 0 0 0 0 0 0 0 0 0 0 0 0 0 0 0 0 0 0
##$BYTORDA= 0
##$CAGPARS= (0..11)
0 0 0 0 0 0 0 0 0 0 0 0
##$CHEMSTR= <none>
##$CNST= (0..63)
1 1 1 1 1 1 1 1 1 1 1 1 1 1 1 1 1 1 1 1 1 1 1 1 1 1 1 1 1 1 1 0.3 1 1 1
1 1 1 1 1 1 1 1 1 1 1 1 1 1 1 1 1 1 1 1 1 1 1 1 1 1 1 1 1
##$CPDPRG= (0..8)
<> <> <> <> <> <> <> <> <>
##$D= (0..63)
0 2 0 0 0 0 0 0 0 0.02 1e-005 0.03 0.003 0 0 0 0.0002 0 0 0 5e-005 0.001
0.001 0 0 0 0 0.005 0 0.001 0.01 0.05428729 0 0 0 0 0 0 0 0 0 0 0 0 0 0
0 0 0 0 0 0 0 0 0 0 0 0 0 0 0 0 0 0
##$DATE= 0
##$DATE_START= 0
##$DE= 10
##$DECBNUC= <off>
##$DECIM= 8682.66666666667
##$DECNUC= <off>
##$DECSTAT= 7
##$DIGMOD= 1
##$DIGTYP= 12
##$DQDMODE= 0
##$DR= 23
##$DS= 0
##$DSPFIRM= 0
##$DSPFVS= 15
##$DTYPA= 0
##$EXP= <2H.std>
##$FCUCHAN= (0..9)
0 3 0 0 0 0 0 0 0 0
##$FL1= 0
##$FL2= 0
##$FL3= 0
##$FL4= 0
##$FN_INDIRECT= (0..7)
0 0 0 0 0 0 0 0
##$FOV= 0
##$FQ1LIST= <>
##$FQ2LIST= <>
##$FQ3LIST= <>
##$FQ4LIST= <>
##$FQ5LIST= <>
##$FQ6LIST= <>
##$FQ7LIST= <>
##$FQ8LIST= <>
##$FRQLO3= 0
##$FRQLO3N= 0
##$FS= (0..7)
83 83 83 83 83 83 83 83
##$FTLPGN= 0
##$FW= 4032000
##$FnILOOP= 0
##$FnMODE= 0
##$FnTYPE= 0
##$GPNAM= (0..31)
<> <> <> <> <> <> <> <> <> <> <> <> <> <> <> <> <> <> <> <> <> <> <> <>
<> <> <> <> <> <> <> <>
##$GPX= (0..31)
0 0 0 0 0 0 0 0 0 0 0 0 0 0 0 0 0 0 0 0 0 0 0 0 0 0 0 0 0 0 0 0
##$GPY= (0..31)
0 0 0 0 0 0 0 0 0 0 0 0 0 0 0 0 0 0 0 0 0 0 0 0 0 0 0 0 0 0 0 0
##$GPZ= (0..31)
0 -23.48801 1.390979 46.97603 0 0 0 0 0 0 0 0 0 0 0 0 0 0 0 0 0 0 0 0 0
0 0 0 0 0 0 0
##$GRDPROG= <>
##$GRPDLY= -1
##$HDDUTY= 20
##$HDRATE= 1
##$HGAIN= (0..3)
0 0 0 0
##$HL1= 0
##$HL2= 0
##$HL3= 0
##$HL4= 0
##$HOLDER= 0
##$HPMOD= (0..7)
0 0 0 0 0 0 0 0
##$HPPRGN= 0
##$IN= (0..63)
0 0 0 0 0 0 0 0 0 0 0 0 0 0 0 0 0 0 0 0 0 0 0 0 0 0 0 0 0 0 0 0 0 0 0 0
0 0 0 0 0 0 0 0 0 0 0 0 0 0 0 0 0 0 0 0 0 0 0 0 0 0 0 0
##$INF= (0..7)
0 0 0 0 0 0 0 0
##$INP= (0..63)
0 0 0 0 0 0 0 0 0 0 0 0 0 0 0 0 0 0 0 0 0 0 0 0 0 0 0 0 0 0 0 0 0 0 0 0
0 0 0 0 0 0 0 0 0 0 0 0 0 0 0 0 0 0 0 0 0 0 0 0 0 0 0 0
##$INSTRUM= <>
##$INTEGFAC= (0..63)
0 0 0 0 0 0 0 0 0 0 0 0 0 0 0 0 0 0 0 0 0 0 0 0 0 0 0 0 0 0 0 0 0 0 0 0
0 0 0 0 0 0 0 0 0 0 0 0 0 0 0 0 0 0 0 0 0 0 0 0 0 0 0 0
##$L= (0..31)
1000 1 1 1 1 1 1 1 1 1 1 1 1 1 1 1 1 1 1 1 1 1 1 1 1 1 1 1 1 1 1 1
##$LFILTER= 10
##$LGAIN= -10
##$LINPSTP= 0
##$LOCKED= no
##$LOCKFLD= 0
##$LOCKGN= 0
##$LOCKPOW= -20
##$LOCKPPM= 0
##$LOCNUC= <off>
##$LOCPHAS= 0
##$LOCSHFT= no
##$LOCSW= 0
##$LTIME= 0.1
##$MASR= 0
##$MASRLST= <masrlst>
##$MULEXPNO= (0..15)
0 0 0 0 0 0 0 0 0 0 0 0 0 0 0 0
##$NBL= 1
##$NC= -1
##$NLOGCH= 3
##$NOVFLW= 0
##$NS= 32
##$NUC1= <2H>
##$NUC2= <off>
##$NUC3= <off>
##$NUC4= <off>
##$NUC5= <off>
##$NUC6= <off>
##$NUC7= <off>
##$NUC8= <off>
##$NUCLEUS= <off>
##$NUSLIST= <automatic>
##$NusAMOUNT= 25
##$NusFPNZ= no
##$NusJSP= 0
##$NusSEED= 54321
##$NusSPTYPE= 0
##$NusT2= 1
##$NusTD= 0
##$O1= 360.883591554663
##$O2= -0.48
##$O3= -0.48
##$O4= -0.48
##$O5= -0.48
##$O6= -0.48
##$O7= -0.48
##$O8= -0.48
##$OVERFLW= 0
##$P= (0..63)
200 200 400 0 0 0 0 0 0 0 0 0 0 0 0 0 1000 2000 0 600 0 0 0 0 0 0 0 200
1000 0 0 0 0 0 0 0 0 0 0 0 0 0 0 0 0 0 0 0 0 0 0 0 0 0 0 0 0 0 0 0 0 0
0 0
##$PACOIL= (0..15)
2 3 1 0 0 0 0 0 0 0 0 0 0 0 0 0
##$PAPS= 0
##$PARMODE= 0
##$PCPD= (0..9)
0 0 0 0 0 0 0 0 0 0
##$PEXSEL= (0..9)
1 1 1 1 1 1 1 1 1 1
##$PHCOR= (0..31)
0 0 0 0 0 0 0 0 0 0 0 0 0 0 0 0 0 0 0 0 0 0 0 0 0 0 0 0 0 0 0 0
##$PHLIST= <>
##$PHP= 1
##$PH_ref= 0
##$PL= (0..63)
120 120 120 120 120 120 120 120 120 120 120 120 120 120 120 120 120 120
120 120 120 120 120 120 120 120 120 120 120 120 120 120 120 120 120 120
120 120 120 120 120 120 120 120 120 120 120 120 120 120 120 120 120 120
120 120 120 120 120 120 120 120 120 120
##$PLSTEP= 0.1
##$PLSTRT= -6
##$PLW= (0..63)
0 3 0 0 0 0 0 0 0 0 0 0 0 0 0 0 0 0 3 0 0 0 0 0 0 0 0 0 0 0 0 0 0 0 0 0
0 0 0 0 0 0 0 0 0 0 0 0 0 0 0 0 0 0 0 0 0 0 0 0 0 0 0 0
##$PLWMAX= (0..7)
0 0 0 0 0 0 0 0
##$PQPHASE= 0
##$PQSCALE= 1
##$PR= 1
##$PRECHAN= (0..15)
-1 2 -1 0 3 1 -1 -1 -1 -1 -1 -1 -1 -1 -1 -1
##$PRGAIN= 0
##$PROBHD= <>
##$PROBINPUTS= (0..15)
<> <> <> <> <> <> <> <> <> <> <> <> <> <> <> <>
##$PULPROG= <zg2h>
##$PW= 0
##$PYNM= <>
##$ProjAngle= 0
##$QNP= 0
##$RD= 0
##$RECCHAN= (0..15)
0 3 0 0 0 0 0 0 0 0 0 0 0 0 0 0
##$RECPH= 0
##$RECPRE= (0..15)
0 1 -1 -1 -1 -1 -1 -1 -1 -1 -1 -1 -1 -1 -1 -1
##$RECPRFX= (0..15)
1 0 0 0 0 0 0 0 0 0 0 0 0 0 0 0
##$RECSEL= (0..15)
0 0 0 1 0 0 0 0 0 0 0 0 0 0 0 0
##$RG= 64
##$RO= 0
##$RSEL= (0..15)
0 0 0 7 0 0 0 0 0 0 0 0 0 0 0 0
##$S= (0..7)
83 83 83 83 83 83 83 83
##$SELREC= (0..9)
0 0 0 0 0 0 0 0 0 0
##$SFO1= 76.7841068835915
##$SFO2= 500.19999952
##$SFO3= 500.19999952
##$SFO4= 500.19999952
##$SFO5= 500.19999952
##$SFO6= 500.19999952
##$SFO7= 500.19999952
##$SFO8= 500.19999952
##$SOLVENT= <H2O+D2O>
##$SOLVOLD= <off>
##$SP= (0..63)
120 120 120 120 120 120 120 120 120 120 120 120 120 120 120 120 120 120
120 120 120 120 120 120 120 120 120 120 120 120 120 120 120 120 120 120
120 120 120 120 120 120 120 120 120 120 120 120 120 120 120 120 120 120
120 120 120 120 120 120 120 120 120 120
##$SPECTR= 0
##$SPINCNT= 0
##$SPNAM= (0..63)
<> <0.0> <0.0> <> <> <0.0> <0.0> <> <0.0> <> <0.0> <0.0> <> <> <> <> <>
<> <> <0.0> <0.0> <0.0> <0.0> <> <> <> <> <> <> <0.0> <0.0> <> <> <> <0.0>
<0.0> <0.0> <> <> <> <0.0> <0.0> <> <> <> <> <> <> <> <> <> <> <> <> <>
<> <> <> <> <> <> <> <> <>
##$SPOAL= (0..63)
0.5 0 0 0.5 0.5 0 0 0.5 0 0.5 0 0 0.5 0.5 0.5 0.5 0.5 0.5 0.5 0 0 0 0 0.5
0.5 0.5 0.5 0.5 0.5 0 0 0.5 0.5 0.5 0 0 0 0.5 0.5 0.5 0 0 0.5 0.5 0.5 0.5
0.5 0.5 0.5 0.5 0.5 0.5 0.5 0.5 0.5 0.5 0.5 0.5 0.5 0.5 0.5 0.5 0.5 0.5
##$SPOFFS= (0..63)
0 0 0 0 0 0 0 0 0 0 0 0 0 0 0 0 0 0 0 0 0 0 0 0 0 0 0 0 0 0 0 0 0 0 0 0
0 0 0 0 0 0 0 0 0 0 0 0 0 0 0 0 0 0 0 0 0 0 0 0 0 0 0 0
##$SPPEX= (0..63)
0 0 0 0 0 0 0 0 0 0 0 0 0 0 0 0 0 0 0 0 0 0 0 0 0 0 0 0 0 0 0 0 0 0 0 0
0 0 0 0 0 0 0 0 0 0 0 0 0 0 0 0 0 0 0 0 0 0 0 0 0 0 0 0
##$SPW= (0..63)
0 0 0 0 0 0 0 0 0 0 0 0 0 0 0 0 0 0 0 0 0 0 0 0 0 0 0 0 0 0 0 0 0 0 0 0
0 0 0 0 0 0 0 0 0 0 0 0 0 0 0 0 0 0 0 0 0 0 0 0 0 0 0 0
##$SUBNAM= (0..9)
<> <> <> <> <> <> <> <> <> <>
##$SW= 29.9989137977724
##$SWIBOX= (0..19)
0 0 0 0 0 0 0 5 0 0 0 0 0 0 0 0 0 0 0 0
##$SW_h= 2303.4398034398
##$SWfinal= 0
##$SigLockShift= 0
##$TD= 16384
##$TD0= 1
##$TD_INDIRECT= (0..7)
0 0 0 0 0 0 0 0
##$TDav= 0
##$TE= 298
##$TE1= 300
##$TE2= 300
##$TE3= 300
##$TE4= 300
##$TEG= 300
##$TE_MAGNET= 300
##$TE_PIDX= 0
##$TE_RAW= 300
##$TE_STAB= (0..9)
0 0 0 0 0 0 0 0 0 0
##$TL= (0..7)
120 120 120 120 120 120 120 120
##$TOTROT= (0..63)
0 0 0 0 0 0 0 0 0 0 0 0 0 0 0 0 0 0 0 0 0 0 0 0 0 0 0 0 0 0 0 0 0 0 0 0
0 0 0 0 0 0 0 0 0 0 0 0 0 0 0 0 0 0 0 0 0 0 0 0 0 0 0 0
##$TUBE_TYPE= <>
##$USERA1= <>
##$USERA2= <>
##$USERA3= <>
##$USERA4= <>
##$USERA5= <>
##$UUID= <>
##$V9= 5
##$VALIDCODE= 0
##$VALIST= <>
##$VCLIST= <>
##$VDLIST= <>
##$VPLIST= <>
##$VTLIST= <>
##$WBST= 1024
##$WBSW= 10
##$XGAIN= (0..3)
0 0 0 0
##$XL= 0
##$YL= 0
##$YMAX_a= 0
##$YMIN_a= 0
##$ZGOPTNS= <-DTOPSHIM_NUC2H>
##$ZL1= 120
##$ZL2= 120
##$ZL3= 120
##$ZL4= 120
##$scaledByNS= no
##$scaledByRG= no
##END=
