##TITLE= Parameter file, TOPSPIN		Version 3.2
##JCAMPDX= 5.0
##DATATYPE= Parameter Values
##NPOINTS= 1	$$ modification sequence number
##ORIGIN= Bruker BioSpin GmbH
##OWNER= Administrator
$$ 2015-01-22 10:34:34.422 +0000  Administrator@florence
$$ C:\Bruker\TopSpin3.2\exp\stan\nmr\par\user/19f-cosy.std/clevels
$$ process C:\Bruker\TopSpin3.2\prog\mod\edparproc.exe
##$LEVELS= (0..255)
259813.53125 321430.899857171 397661.441595878 491970.816129935 608646.598856123
752993.206412648 931573.050714825 1152504.88507402 1425832.90607243 1763983.39162647
2182329.63531841 2699890.86053565 3340196.88906455 4132357.87445978 5112387.73334472
6324841.44163587 7824840.63188661 9680579.58123098 11976425.5193465 14816754.2053525
18330695.1500009 22678002.2146066 28056316.4810298 34710151.5836658 42942010.0024775
53126135.6957211 65725528.3066008 81312992.4586199 100597179.101131 124454802.819549
153970499.801805 190486138.518825 0 0 0 0 0 0 0 0 0 0 0 0 0 0 0 0 0 0 0
0 0 0 0 0 0 0 0 0 0 0 0 0 0 0 0 0 0 0 0 0 0 0 0 0 0 0 0 0 0 0 0 0 0 0 0
0 0 0 0 0 0 0 0 0 0 0 0 0 0 0 0 0 0 0 0 0 0 0 0 0 0 0 0 0 0 0 0 0 0 0 0
0 0 0 0 0 0 0 0 0 0 0 0 0 0 0 0 0 0 0 0 0 0 0 0 0 0 0 0 0 0 0 0 0 0 0 0
0 0 0 0 0 0 0 0 0 0 0 0 0 0 0 0 0 0 0 0 0 0 0 0 0 0 0 0 0 0 0 0 0 0 0 0
0 0 0 0 0 0 0 0 0 0 0 0 0 0 0 0 0 0 0 0 0 0 0 0 0 0 0 0 0 0 0 0 0 0 0 0
0 0 0 0 0 0 0 0 0 0 0 0 0 0 0 0 0 0 0 0 0 0 0 0 0
##$LEVSIGN= 1
##$MAXLEV= 32
##$METHOD= 0
##$NEGBASE= -259813.53125
##$NEGINCR= 1.23715996742249
##$POSBASE= 259813.53125
##$POSINCR= 1.23715996742249
##END=
