##TITLE= Parameter file, TOPSPIN		Version 3.2
##JCAMPDX= 5.0
##DATATYPE= Parameter Values
##NPOINTS= 29	$$ modification sequence number
##ORIGIN= Bruker BioSpin GmbH
##OWNER= nmrsu
$$ 2021-11-24 15:13:59.834 +0000  zl415@glengrant
$$ C:/Bruker/TopSpin3.2/exp/stan/nmr/par/user/Pureshift_srt.std/acqu
$$ process C:\Bruker\TopSpin3.2\prog\mod\expinstall.exe
##$ACQT0= 0
##$AMP= (0..31)
100 100 100 100 100 100 100 100 100 100 100 100 100 100 100 100 100 100
100 100 100 100 100 100 100 100 100 100 100 100 100 100
##$AMPCOIL= (0..19)
0 0 0 0 0 0 0 0 0 0 0 0 0 0 0 0 0 0 0 0
##$ANAVPT= 1
##$AQSEQ= 0
##$AQ_mod= 3
##$AUNM= <>
##$AUTOPOS= <>
##$BF1= 500.2
##$BF2= 500.2
##$BF3= 500.2
##$BF4= 500.2
##$BF5= 500.2
##$BF6= 500.2
##$BF7= 500.2
##$BF8= 500.2
##$BYTORDA= 0
##$CAGPARS= (0..11)
0 0 0 0 0 0 0 0 0 0 0 0
##$CFDGTYP= 0
##$CFRGTYP= 0
##$CHEMSTR= <none>
##$CNST= (0..63)
1 1 145 1 1 1 1 1 1 1 16384 4 4 1 1 1 1 1 1 1 1 1 1 1 1 1 1 1 1 1 1 1 1
1 145 1 1 1 1 1 1 1 1 1 1 1 1 1 1 1 50 125 100 2.8 2 1 1 1.363937e+008
1.075347e+009 1 1 1 1 200
##$CPDPRG= (0..8)
<> <> <> <> <mlev> <mlev> <mlev> <mlev> <mlev>
##$D= (0..63)
0 3 0 0 0 0 0 0 0 0.08 0 0.03 0 0 0 0 0.001 0.0002 0 0 0 0 0 0 0 0 0 0
0 0 0 0 0 0 0 0 0 0 0 0 0 0 0 0 0 0 0 0 0 0 0 0 0 0 0 0 0 0 0 0 0.018 0
0 0
##$DATE= 0
##$DE= 71.42857
##$DECBNUC= <off>
##$DECIM= 2000
##$DECNUC= <off>
##$DECSTAT= 4
##$DIGMOD= 3
##$DIGTYP= 12
##$DQDMODE= 0
##$DR= 22
##$DS= 2
##$DSPFIRM= 4
##$DSPFVS= 0
##$DTYPA= 0
##$EXP= <Pureshift_srt.std>
##$F1LIST= <freqlist>
##$F2LIST= <freqlist>
##$F3LIST= <freqlist>
##$FCUCHAN= (0..9)
0 2 0 0 0 0 0 0 0 0
##$FL1= 90
##$FL2= 90
##$FL3= 90
##$FL4= 90
##$FOV= 20
##$FQ1LIST= <freqlist>
##$FQ2LIST= <freqlist>
##$FQ3LIST= <freqlist>
##$FQ4LIST= <freqlist>
##$FQ5LIST= <freqlist>
##$FQ6LIST= <freqlist>
##$FQ7LIST= <freqlist>
##$FQ8LIST= <freqlist>
##$FRQLO3= 0
##$FRQLO3N= 0
##$FS= (0..7)
83 83 83 83 83 83 83 83
##$FTLPGN= 0
##$FW= 125000
##$FnMODE= 0
##$FnTYPE= 0
##$GPNAM= (0..31)
<sine.100> <sine.100> <sine.100> <sine.100> <sine.100> <sine.100> <sine.100>
<sine.100> <sine.100> <sine.100> <sine.100> <SINE.100> <SINE.100> <sine.100>
<sine.100> <sine.100> <sine.100> <sine.100> <sine.100> <sine.100> <sine.100>
<SINE.100> <SINE.100> <sine.100> <sine.100> <sine.100> <sine.100> <sine.100>
<sine.100> <sine.100> <sine.100> <sine.100>
##$GPX= (0..31)
0 0 0 0 0 0 0 0 0 0 0 0 0 0 0 0 0 0 0 0 0 0 0 0 0 0 0 0 0 0 0 0
##$GPY= (0..31)
0 0 0 0 0 0 0 0 0 0 0 0 0 0 0 0 0 0 0 0 0 0 0 0 0 0 0 0 0 0 0 0
##$GPZ= (0..31)
0 0 0 0 0 0 0 0 0 0 0 31 47 0 0 0 0 0 0 0 0 11 13 0 0 0 0 0 0 0 0 0
##$GRDPROG= <>
##$GRPDLY= 78
##$HDDUTY= 20
##$HDRATE= 20
##$HGAIN= (0..3)
0 0 0 0
##$HL1= 1
##$HL2= 35
##$HL3= 16
##$HL4= 17
##$HOLDER= 9999
##$HPMOD= (0..7)
0 0 0 0 0 0 0 0
##$HPPRGN= 0
##$IN= (0..63)
0.001 0.001 0.001 0.001 0.001 0.001 0.001 0.001 0.001 0.001 0.001 0.001
0.001 0.001 0.001 0.001 0.001 0.001 0.001 0.001 0.001 0.001 0.001 0.001
0.001 0.001 0.001 0.001 0.001 0.001 0.001 0.001 0.001 0.001 0.001 0.001
0.001 0.001 0.001 0.001 0.001 0.001 0.001 0.001 0.001 0.001 0.001 0.001
0.001 0.001 0.001 0.001 0.001 0.001 0.001 0.001 0.001 0.001 0.001 0.001
0.001 0.001 0.001 0.001
##$INF= (0..7)
0 20000 0 0 0 0 0 0
##$INP= (0..63)
0 0 0 0 0 0 0 0 0 0 0 0 0 0 0 0 0 0 0 0 0 0 0 0 0 0 0 0 0 0 0 0 0 0 0 0
0 0 0 0 0 0 0 0 0 0 0 0 0 0 0 0 0 0 0 0 0 0 0 0 0 0 0 0
##$INSTRUM= <>
##$L= (0..31)
32 1 1 1 1 1 1 1 1 1 0 600 1 1 1 1 1 1 1 1 1 1 1 1 1 1 1 999 1 0 1 1
##$LFILTER= 10
##$LGAIN= -10
##$LINPSTP= 0
##$LOCKED= no
##$LOCKFLD= 0
##$LOCKGN= 0
##$LOCKPOW= -20
##$LOCKPPM= 0
##$LOCNUC= <2H>
##$LOCPHAS= 0
##$LOCSHFT= yes
##$LOCSW= 0
##$LTIME= 0.1
##$MASR= 0
##$MASRLST= <masrlst>
##$MULEXPNO= (0..15)
0 0 0 0 0 0 0 0 0 0 0 0 0 0 0 0
##$NBL= 1
##$NC= 0
##$NLOGCH= 2
##$NOVFLW= 0
##$NS= 4
##$NUC1= <1H>
##$NUC2= <off>
##$NUC3= <off>
##$NUC4= <off>
##$NUC5= <off>
##$NUC6= <off>
##$NUC7= <off>
##$NUC8= <off>
##$NUCLEUS= <off>
##$NUSLIST= <automatic>
##$NusAMOUNT= 25
##$NusFPNZ= no
##$NusJSP= 0
##$NusSEED= 54321
##$NusT2= 1
##$NusTD= 0
##$O1= 2641.05599995901
##$O2= 2641.05599995901
##$O3= 2641.05599995901
##$O4= 2641.05599995901
##$O5= 2641.05599995901
##$O6= 2641.05599995901
##$O7= 2641.05599995901
##$O8= 2641.05599995901
##$OVERFLW= 0
##$P= (0..63)
10 10 20 0 0 19.8 30 60 20000 0 0 80000 37000 14800 0 0 1000 500 100000
600 0 0 0 0 0 216 100000 10 1000 1000 0 0 20000 0 0 0 0 0 0 0 2000 0 0
0 240 0 80000 46600 10000 0 80000 0 0 0 0 0 0 0 0 0 0 0 0 0
##$PACOIL= (0..15)
2 3 1 0 0 0 0 0 0 0 0 0 0 0 0 0
##$PAPS= 2
##$PARMODE= 1
##$PCPD= (0..9)
100 80 100 100 100 100 100 100 100 100
##$PEXSEL= (0..9)
1 1 1 1 1 1 1 1 1 1
##$PHCOR= (0..31)
0 0 0 0 0 0 0 0 0 0 0 0 0 0 0 0 0 0 0 0 0 0 0 0 0 0 0 0 0 0 0 0
##$PHLIST= <>
##$PHP= 1
##$PH_ref= 0
##$PL= (0..63)
120 120 120 120 120 120 120 120 120 120 120 120 0.0001617495 0.01125756
120 120 120 120 120 120 120 120 120 120 120 120 120 120 120 120 120 120
120 120 120 120 120 120 120 120 120 120 120 120 120 120 120 120 120 120
120 120 120 120 120 120 120 120 120 120 120 120 120 120
##$PLSTEP= 0.1
##$PLSTRT= -6
##$PLW= (0..63)
0 0 0 0 0 0 0 0 0 0 0 0 0 0 0 0 0 0 0 0 0 0 0 0 0 0 0 0 0 0 0 0 0 0 0 0
0 0 0 0 0 0 0 0 0 0 0 0 0 0 0 0 0 0 0 0 0 0 0 0 0 0 0 0
##$PLWMAX= (0..7)
0 0 0 0 0 0 0 0
##$POWMOD= 0
##$PQPHASE= 0
##$PQSCALE= 0
##$PR= 1
##$PRECHAN= (0..15)
-1 2 -1 0 3 1 -1 -1 -1 -1 -1 -1 -1 -1 -1 -1
##$PRGAIN= 0
##$PROBHD= <32>
##$PULPROG= <kp_srtACQn_r1>
##$PW= 0
##$PYNM= <>
##$QNP= 1
##$RD= 0
##$RECCHAN= (0..15)
0 2 0 0 0 0 0 0 0 0 0 0 0 0 0 0
##$RECPH= 0
##$RECPRE= (0..15)
-1 0 -1 -1 -1 -1 -1 -1 -1 -1 -1 -1 -1 -1 -1 -1
##$RECPRFX= (0..15)
1 0 1 0 0 0 0 0 0 0 0 0 0 0 0 0
##$RECSEL= (0..15)
0 0 1 0 0 0 0 0 0 0 0 0 0 0 0 0
##$RG= 32
##$RO= 20
##$ROUTWD1= (0..23)
0 0 0 0 0 0 0 0 0 0 0 0 0 0 0 0 0 0 0 0 0 0 0 0
##$ROUTWD2= (0..23)
0 0 0 0 0 0 0 0 0 0 0 0 0 0 0 0 0 0 0 0 0 0 0 0
##$RSEL= (0..15)
0 0 2 0 0 0 0 0 0 0 0 0 0 0 0 0
##$S= (0..7)
83 4 83 83 83 83 83 83
##$SELREC= (0..9)
0 0 0 0 0 0 0 0 0 0
##$SFO1= 500.202641056
##$SFO2= 500.202641056
##$SFO3= 500.202641056
##$SFO4= 500.202641056
##$SFO5= 500.202641056
##$SFO6= 500.202641056
##$SFO7= 500.202641056
##$SFO8= 500.202641056
##$SOLVENT= <DMSO>
##$SOLVOLD= <off>
##$SP= (0..63)
120 120 120 120 120 120 120 120 120 120 120 120 120 120 120 120 120 120
120 120 120 120 120 120 120 120 120 120 120 120 120 120 120 120 120 120
120 120 120 120 120 120 120 120 120 120 120 120 120 120 120 120 120 120
120 120 120 120 120 120 120 120 120 120
##$SPECTR= 0
##$SPINCNT= 0
##$SPNAM= (0..63)
<gauss> <Gaus1_270.1000> <Gaus1_180r.1000> <Gaus1.1000> <gauss> <Sinc1.1000>
<Squa100.1000> <Gaus1.1000> <Squa100.1000> <gauss> <Sinc1.1000> <Sinc1.1000>
<kp_rsnob_a.wv> <kp_rsnob_p.wv> <gauss> <gauss> <gauss> <gauss> <gauss>
<Sinc1.1000> <Sinc1.1000> <Sinc1.1000> <Sinc1.1000> <gauss> <gauss> <gauss>
<gauss> <gauss> <gauss> <Crp60,20,20.10> <Bip720,50,20.1> <gauss> <> <>
<Rsnob.1000> <Gaus1_180r.1000> <Gaus1_180r.1000> <> <> <> <Gaus1_180r.1000>
<Squa100.1000> <> <> <> <> <> <> <> <> <> <> <> <> <> <> <> <> <> <> <>
<> <> <>
##$SPOAL= (0..63)
0.5 1 0.5 0.5 0.5 0.5 0.5 0.5 0.5 0.5 0.5 0.5 0.5 0.5 0.5 0.5 0.5 0.5 0.5
1 1 1 1 0.5 0.5 0.5 0.5 0.5 0.5 0.5 0.5 0.5 0.5 0.5 0.5 0.5 0.5 0.5 0.5
0.5 0.5 0.5 0.5 0.5 0.5 0.5 0.5 0.5 0.5 0.5 0.5 0.5 0.5 0.5 0.5 0.5 0.5
0.5 0.5 0.5 0.5 0.5 0.5 0.5
##$SPOFFS= (0..63)
0 0 0 0 0 0 0 0 0 0 0 0 0 0 0 0 0 0 0 0 0 0 0 0 0 0 0 0 0 0 0 0 0 0 0 0
0 0 0 0 0 0 0 0 0 0 0 0 0 0 0 0 0 0 0 0 0 0 0 0 0 0 0 0
##$SPPEX= (0..63)
0 0 0 0 0 0 0 0 0 0 0 0 0 0 0 0 0 0 0 0 0 0 0 0 0 0 0 0 0 0 0 0 0 0 0 0
0 0 0 0 0 0 0 0 0 0 0 0 0 0 0 0 0 0 0 0 0 0 0 0 0 0 0 0
##$SPW= (0..63)
0 0 0 0 0 0 0 0 0 0 0 0 0 0 0 0 0 0 0 0 0 0 0 0 0 0 0 0 0 0 0 0 0 0 0 0
0 0 0 0 0 0 0 0 0 0 0 0 0 0 0 0 0 0 0 0 0 0 0 0 0 0 0 0
##$SUBNAM= (0..9)
<""> <""> <""> <""> <""> <""> <""> <""> <""> <"">
##$SW= 19.991897641501
##$SWIBOX= (0..19)
0 0 3 0 0 0 0 0 0 0 0 0 0 0 0 0 0 0 0 0
##$SW_h= 10000
##$SWfinal= 0
##$TD= 16384
##$TD0= 1
##$TE= 298
##$TE1= 300
##$TE2= 300
##$TE3= 300
##$TE4= 300
##$TEG= 300
##$TE_PIDX= 0
##$TE_STAB= (0..9)
0 0 0 0 0 0 0 0 0 0
##$TL= (0..7)
120 120 120 120 120 120 120 120
##$TUNHIN= 0
##$TUNHOUT= 0
##$TUNXOUT= 0
##$USERA1= <user>
##$USERA2= <user>
##$USERA3= <user>
##$USERA4= <user>
##$USERA5= <user>
##$V9= 5
##$VALIST= <valist>
##$VCLIST= <CCCCCCCCCCCCCCC>
##$VD= 0
##$VDLIST= <DDDDDDDDDDDDDDD>
##$VPLIST= <PPPPPPPPPPPPPPP>
##$VTLIST= <TTTTTTTTTTTTTTT>
##$WBST= 1024
##$WBSW= 4
##$XGAIN= (0..3)
0 0 0 0
##$XL= 3
##$YL= 3
##$YMAX_a= 0
##$YMIN_a= 0
##$ZGOPTNS= <>
##$ZL1= 120
##$ZL2= 120
##$ZL3= 120
##$ZL4= 120
##END=
