##TITLE= Parameter file, TopSpin 3.6.4
##JCAMPDX= 5.0
##DATATYPE= Parameter Values
##NPOINTS= 1	$$ modification sequence number
##ORIGIN= Bruker BioSpin GmbH
##OWNER= at844
$$ 2023-05-09 15:42:33.216 +0100  at844@auchentoshan
$$ C:/Bruker/TopSpin3.6.4/exp/stan/nmr/par/user/31P-hmbc.dsw/clevels
$$ process C:\Bruker\TopSpin3.6.4\prog\mod\edparproc.exe
##$LEVELS= (0..255)
29960 -29960 42490.9 -42490.9 60262.92 -60262.92 85468.17 -85468.17 121215.62
-121215.62 171914.61 -171914.61 243818.69 -243818.69 345796.98 -345796.98
490428.16 -490428.16 695552 -695552 986469.82 -986469.82 1399065.35 -1399065.35
1984230.87 -1984230.87 2814144.55 -2814144.55 3991173.44 -3991173.44 5660500.07
-5660500.07 8028030.24 -8028030.24 11385790.79 -11385790.79 16147950.11
-16147950.11 22901904.45 -22901904.45 32480731.23 -32480731.23 46065946.34
-46065946.34 65333240.09 -65333240.09 92659168 -92659168 0 0 0 0 0 0 0
0 0 0 0 0 0 0 0 0 0 0 0 0 0 0 0 0 0 0 0 0 0 0 0 0 0 0 0 0 0 0 0 0 0 0 0
0 0 0 0 0 0 0 0 0 0 0 0 0 0 0 0 0 0 0 0 0 0 0 0 0 0 0 0 0 0 0 0 0 0 0 0
0 0 0 0 0 0 0 0 0 0 0 0 0 0 0 0 0 0 0 0 0 0 0 0 0 0 0 0 0 0 0 0 0 0 0 0
0 0 0 0 0 0 0 0 0 0 0 0 0 0 0 0 0 0 0 0 0 0 0 0 0 0 0 0 0 0 0 0 0 0 0 0
0 0 0 0 0 0 0 0 0 0 0 0 0 0 0 0 0 0 0 0 0 0 0 0 0 0 0 0 0 0 0 0 0 0 0 0
0 0 0 0 0 0 0 0 0 0 0 0 0 0 0 0 0 0 0 0 0
##$LEVSIGN= 3
##$MAXLEV= 24
##$METHOD= 0
##$NEGBASE= -29960
##$NEGINCR= 1.8
##$POSBASE= 29960
##$POSINCR= 1.8
##END=
