##TITLE= Parameter file, TopSpin 4.0.5
##JCAMPDX= 5.0
##DATATYPE= Parameter Values
##NPOINTS= 2	$$ modification sequence number
##ORIGIN= Bruker BioSpin GmbH
##OWNER= nmrsu
$$ 2019-03-05 09:54:31.484 -0000  Administrator@tobermory
$$ C:\Bruker\TopSpin4.0.5\exp\stan\nmr\par\user/janus-hmbc-quickest.std/clevels
$$ process C:\Bruker\TopSpin4.0.5\prog\mod\edparproc.exe
##$LEVELS= (0..255)
121150320 140029755.165625 161851263.221961 187073321.491996 216225854.017921
249921365.445899 288867809.957479 333883465.628287 385914126.729333 446052975.18706
515563548.70827 595906288.138072 688769221.819887 796103431.646376 920164045.955105
1063557620.54367 1229296903.29554 1420864133.04014 1642284202.57766 1898209223.04887
2194016266.37606 2535920339.37704 2931104963.17711 3387873101.43661 3915821608.44786
4526042862.31532 5231357819.60078 6046585387.99132 6988853776.6014 8077960365.48517
9336787655.34014 10791784036.6473 0 0 0 0 0 0 0 0 0 0 0 0 0 0 0 0 0 0 0
0 0 0 0 0 0 0 0 0 0 0 0 0 0 0 0 0 0 0 0 0 0 0 0 0 0 0 0 0 0 0 0 0 0 0 0
0 0 0 0 0 0 0 0 0 0 0 0 0 0 0 0 0 0 0 0 0 0 0 0 0 0 0 0 0 0 0 0 0 0 0 0
0 0 0 0 0 0 0 0 0 0 0 0 0 0 0 0 0 0 0 0 0 0 0 0 0 0 0 0 0 0 0 0 0 0 0 0
0 0 0 0 0 0 0 0 0 0 0 0 0 0 0 0 0 0 0 0 0 0 0 0 0 0 0 0 0 0 0 0 0 0 0 0
0 0 0 0 0 0 0 0 0 0 0 0 0 0 0 0 0 0 0 0 0 0 0 0 0 0 0 0 0 0 0 0 0 0 0 0
0 0 0 0 0 0 0 0 0 0 0 0 0 0 0 0 0 0 0 0 0 0 0 0 0
##$LEVSIGN= 1
##$MAXLEV= 32
##$METHOD= 0
##$NEGBASE= -121150320
##$NEGINCR= 1.15583479404449
##$POSBASE= 121150320
##$POSINCR= 1.15583479404449
##END=
