##TITLE= Parameter file, TOPSPIN		Version 3.2
##JCAMPDX= 5.0
##DATATYPE= Parameter Values
##NPOINTS= 1	$$ modification sequence number
##ORIGIN= Bruker BioSpin GmbH
##OWNER= nmrsu
$$ 2020-08-13 15:06:30.353 +0100  nmrsu@lagavulin
$$ C:/Bruker/TopSpin3.2/exp/stan/nmr/par/user/janus-cosy-q.std/clevels
$$ process C:\Bruker\TopSpin3.2\prog\mod\edparproc.exe
##$LEVELS= (0..255)
-18876896.1974339 -14259458.0568923 -10771481.8129853 -8136692.1508909
-6146392.88334096 -4642936.56141925 -3507237.54932601 -2649339.49983634
-2001290.09987987 -1511758.70971787 -1141970.57015623 -862635.53483765
-651628.058911215 -492234.680826488 -371830.1839445 -280877.579491268 -212172.701591781
-160273.580334505 -121069.394698399 -91454.8630039004 -69084.2800354132
-52185.7186293948 -39420.6790238004 -29778.0690869355 -22494.1178210282
-16991.878656373 -12835.5307183017 -9695.85836576546 -7324.17470786302
-5532.62363451051 -4179.3001262357 -3157.01025390625 3157.01025390625 4179.3001262357
5532.62363451051 7324.17470786302 9695.85836576546 12835.5307183017 16991.878656373
22494.1178210282 29778.0690869355 39420.6790238004 52185.7186293948 69084.2800354132
91454.8630039004 121069.394698399 160273.580334505 212172.701591781 280877.579491268
371830.1839445 492234.680826488 651628.058911215 862635.53483765 1141970.57015623
1511758.70971787 2001290.09987987 2649339.49983634 3507237.54932601 4642936.56141925
6146392.88334096 8136692.1508909 10771481.8129853 14259458.0568923 18876896.1974339
0 0 0 0 0 0 0 0 0 0 0 0 0 0 0 0 0 0 0 0 0 0 0 0 0 0 0 0 0 0 0 0 0 0 0 0
0 0 0 0 0 0 0 0 0 0 0 0 0 0 0 0 0 0 0 0 0 0 0 0 0 0 0 0 0 0 0 0 0 0 0 0
0 0 0 0 0 0 0 0 0 0 0 0 0 0 0 0 0 0 0 0 0 0 0 0 0 0 0 0 0 0 0 0 0 0 0 0
0 0 0 0 0 0 0 0 0 0 0 0 0 0 0 0 0 0 0 0 0 0 0 0 0 0 0 0 0 0 0 0 0 0 0 0
0 0 0 0 0 0 0 0 0 0 0 0 0 0 0 0 0 0 0 0 0 0 0 0 0 0 0 0 0 0 0 0 0 0 0 0
0 0 0 0 0 0 0 0 0 0 0 0
##$LEVSIGN= 0
##$MAXLEV= 32
##$METHOD= 0
##$NEGBASE= -3157.01025390625
##$NEGINCR= 1.32381582260132
##$POSBASE= 3157.01025390625
##$POSINCR= 1.32381582260132
##END=
