##TITLE= Parameter file, TOPSPIN		Version 3.2
##JCAMPDX= 5.0
##DATATYPE= Parameter Values
##NPOINTS= 1	$$ modification sequence number
##ORIGIN= Bruker BioSpin GmbH
##OWNER= Ji Liu
$$ 2015-01-29 16:12:20.611 +0000  Ji Liu@glengrant
$$ C:/Bruker/TopSpin3.2/exp/stan/nmr/par/user/noesy-presat.std/clevels
$$ process C:\Bruker\TopSpin3.2\prog\mod\edparproc.exe
##$LEVELS= (0..255)
-2327500.61968807 -2025786.346572 -1763183.34235611 -1534621.6070726 -1335688.36565065
-1162542.87174918 -1011842.25558217 -880676.984102236 -766514.687490657
-667151.267428481 -580668.343210129 -505396.214124019 -439881.623025659
-382859.698723833 -333229.535479717 -290032.938139371 -252435.922538074
-219712.614010162 -191231.233137579 -166441.898168066 -144866.008607801
-126087.005020603 -109742.326635824 -95516.4114928103 -83134.6039777294
-72357.8521273711 -62978.0923222906 -54814.2322629092 -47708.6546730584
-41524.1742289858 -36141.3889621347 -31456.375 31456.375 36141.3889621347
41524.1742289858 47708.6546730584 54814.2322629092 62978.0923222906 72357.8521273711
83134.6039777294 95516.4114928103 109742.326635824 126087.005020603 144866.008607801
166441.898168066 191231.233137579 219712.614010162 252435.922538074 290032.938139371
333229.535479717 382859.698723833 439881.623025659 505396.214124019 580668.343210129
667151.267428481 766514.687490657 880676.984102236 1011842.25558217 1162542.87174918
1335688.36565065 1534621.6070726 1763183.34235611 2025786.346572 2327500.61968807
0 0 0 0 0 0 0 0 0 0 0 0 0 0 0 0 0 0 0 0 0 0 0 0 0 0 0 0 0 0 0 0 0 0 0 0
0 0 0 0 0 0 0 0 0 0 0 0 0 0 0 0 0 0 0 0 0 0 0 0 0 0 0 0 0 0 0 0 0 0 0 0
0 0 0 0 0 0 0 0 0 0 0 0 0 0 0 0 0 0 0 0 0 0 0 0 0 0 0 0 0 0 0 0 0 0 0 0
0 0 0 0 0 0 0 0 0 0 0 0 0 0 0 0 0 0 0 0 0 0 0 0 0 0 0 0 0 0 0 0 0 0 0 0
0 0 0 0 0 0 0 0 0 0 0 0 0 0 0 0 0 0 0 0 0 0 0 0 0 0 0 0 0 0 0 0 0 0 0 0
0 0 0 0 0 0 0 0 0 0 0 0
##$LEVSIGN= 0
##$MAXLEV= 32
##$METHOD= 0
##$NEGBASE= -31456.375
##$NEGINCR= 1.14893686771393
##$POSBASE= 31456.375
##$POSINCR= 1.14893686771393
##END=
