##TITLE= Parameter file, TopSpin 3.6.4
##JCAMPDX= 5.0
##DATATYPE= Parameter Values
##NPOINTS= 1	$$ modification sequence number
##ORIGIN= Bruker BioSpin GmbH
##OWNER= at844
$$ 2023-05-17 11:01:24.873 +0100  at844@auchentoshan
$$ C:\Bruker\TopSpin3.6.4\exp\stan\nmr\par\user/31p-cosy.dsw/clevels
$$ process C:\Bruker\TopSpin3.6.4\prog\mod\edparproc.exe
##$LEVELS= (0..255)
3988.4951171875 4075.9527478636 4165.32810363118 4256.66323536103 4350.00111599337
4445.38566075657 4542.86174782909 4642.47523945457 4744.2730035199 4848.30293560642
4954.61398152469 5063.25616034335 5174.28058792296 5287.73950096588 5403.6862815935
5522.17548246242 5643.26285243126 5767.00536279044 5893.46123406694 6022.68996341697
6154.7523526192 6289.71053668181 6427.62801307692 6568.5696716159 6712.60182497993
6859.79223991988 7010.21016914045 7163.92638388333 7321.01320722493 7481.54454810415
7645.59593609639 7813.24455695 0 0 0 0 0 0 0 0 0 0 0 0 0 0 0 0 0 0 0 0
0 0 0 0 0 0 0 0 0 0 0 0 0 0 0 0 0 0 0 0 0 0 0 0 0 0 0 0 0 0 0 0 0 0 0 0
0 0 0 0 0 0 0 0 0 0 0 0 0 0 0 0 0 0 0 0 0 0 0 0 0 0 0 0 0 0 0 0 0 0 0 0
0 0 0 0 0 0 0 0 0 0 0 0 0 0 0 0 0 0 0 0 0 0 0 0 0 0 0 0 0 0 0 0 0 0 0 0
0 0 0 0 0 0 0 0 0 0 0 0 0 0 0 0 0 0 0 0 0 0 0 0 0 0 0 0 0 0 0 0 0 0 0 0
0 0 0 0 0 0 0 0 0 0 0 0 0 0 0 0 0 0 0 0 0 0 0 0 0 0 0 0 0 0 0 0 0 0 0 0
0 0 0 0 0 0 0 0 0 0 0 0 0 0 0 0 0 0 0 0 0 0 0 0
##$LEVSIGN= 1
##$MAXLEV= 32
##$METHOD= 0
##$NEGBASE= -3988.4951171875
##$NEGINCR= 1.02192747592926
##$POSBASE= 3988.4951171875
##$POSINCR= 1.02192747592926
##END=
