##TITLE= Parameter file, TOPSPIN		Version 3.2
##JCAMPDX= 5.0
##DATATYPE= Parameter Values
##NPOINTS= 3	$$ modification sequence number
##ORIGIN= Bruker BioSpin GmbH
##OWNER= donna.baldisseri
$$ 2019-06-11 11:50:49.505 +0100  djh35@glengrant
$$ C:\Bruker\TopSpin3.2\exp\stan\nmr\par\user/SCREEN_19F_T2/clevels
$$ process C:\Bruker\TopSpin3.2\prog\mod\edparproc.exe
##$LEVELS= (0..255)
-1215928000000 -675515600000 -375286500000 -208492500000 -115829200000
-64349530000 -35749740000 -19860970000 -11033870000 -6129927683.2 -3405515379.6
-1891952988.6 -1051084993.7 -583936107.6 -324408948.7 -180227193.7 -100126218.7
-55625677.1 -30903153.9 -17168418.8 -9538010.5 -5298894.7 -2943830.4 -1635461.3
-908589.6 -504772 -280428.9 -155793.8 -86552.1 -48084.5 -26713.6 -14840.9
14840.9 16325 17957.5 19753.2 21728.6 23901.4 26291.6 28920.7 31812.8 34994.1
38493.5 42342.8 46577.1 51234.8 56358.3 61994.1 68193.5 75012.9 82514.2
90765.6 99842.2 109826.4 120809 132889.9 146178.9 160796.8 176876.5 194564.1
214020.5 235422.6 258964.8 284861.3 0 0 0 0 0 0 0 0 0 0 0 0 0 0 0 0 0 0
0 0 0 0 0 0 0 0 0 0 0 0 0 0 0 0 0 0 0 0 0 0 0 0 0 0 0 0 0 0 0 0 0 0 0 0
0 0 0 0 0 0 0 0 0 0 0 0 0 0 0 0 0 0 0 0 0 0 0 0 0 0 0 0 0 0 0 0 0 0 0 0
0 0 0 0 0 0 0 0 0 0 0 0 0 0 0 0 0 0 0 0 0 0 0 0 0 0 0 0 0 0 0 0 0 0 0 0
0 0 0 0 0 0 0 0 0 0 0 0 0 0 0 0 0 0 0 0 0 0 0 0 0 0 0 0 0 0 0 0 0 0 0 0
0 0 0 0 0 0 0 0 0 0 0 0 0 0 0 0 0 0 0 0 0 0 0 0 0 0 0 0 0 0
##$LEVSIGN= 3
##$MAXLEV= 64
##$METHOD= 0
##$NEGBASE= -14840.9
##$NEGINCR= 1.8
##$POSBASE= 14840.9
##$POSINCR= 1.1
##END=
