##TITLE= Parameter file, TopSpin 3.6.4
##JCAMPDX= 5.0
##DATATYPE= Parameter Values
##NPOINTS= 1	$$ modification sequence number
##ORIGIN= Bruker BioSpin GmbH
##OWNER= nmrservice
$$ 2022-06-28 11:45:07.851 +0100  nmrservice@aberlour
$$ C:\Bruker\TopSpin3.6.4\exp\stan\nmr\par\user/SST1IR.8k.dch/clevels
$$ process C:\Bruker\TopSpin3.6.4\prog\mod\edparproc.exe
##$LEVELS= (0..255)
-3978175.83718946 -3298142.81229846 -2734355.25615203 -2266942.06174649
-1879428.90732764 -1558157.60680601 -1291804.71694436 -1070982.43427402
-887907.715058236 -736127.95619225 -610293.568461941 -505969.426338071
-419478.548715596 -347772.501010704 -288323.950842218 -239037.590343312
-198176.285494942 -164299.849559923 -136214.282642321 -112929.688283099
-93625.3838314867 -77620.974881457 -64352.3742705505 -53351.9204130263
-44231.8942233729 -36670.8536720257 -30402.3043246593 -25205.3065498799
-20896.6883394467 -17324.5892761439 -14363.1081017035 -11907.865234375
11907.865234375 14363.1081017035 17324.5892761439 20896.6883394467 25205.3065498799
30402.3043246593 36670.8536720257 44231.8942233729 53351.9204130263 64352.3742705505
77620.974881457 93625.3838314867 112929.688283099 136214.282642321 164299.849559923
198176.285494942 239037.590343312 288323.950842218 347772.501010704 419478.548715596
505969.426338071 610293.568461941 736127.95619225 887907.715058236 1070982.43427402
1291804.71694436 1558157.60680601 1879428.90732764 2266942.06174649 2734355.25615203
3298142.81229846 3978175.83718946 0 0 0 0 0 0 0 0 0 0 0 0 0 0 0 0 0 0 0
0 0 0 0 0 0 0 0 0 0 0 0 0 0 0 0 0 0 0 0 0 0 0 0 0 0 0 0 0 0 0 0 0 0 0 0
0 0 0 0 0 0 0 0 0 0 0 0 0 0 0 0 0 0 0 0 0 0 0 0 0 0 0 0 0 0 0 0 0 0 0 0
0 0 0 0 0 0 0 0 0 0 0 0 0 0 0 0 0 0 0 0 0 0 0 0 0 0 0 0 0 0 0 0 0 0 0 0
0 0 0 0 0 0 0 0 0 0 0 0 0 0 0 0 0 0 0 0 0 0 0 0 0 0 0 0 0 0 0 0 0 0 0 0
0 0 0 0 0 0 0 0 0 0 0 0 0 0 0 0 0 0 0 0 0 0 0 0 0 0 0 0 0
##$LEVSIGN= 0
##$MAXLEV= 32
##$METHOD= 0
##$NEGBASE= -11907.865234375
##$NEGINCR= 1.20618665218353
##$POSBASE= 11907.865234375
##$POSINCR= 1.20618665218353
##END=
