##TITLE= Parameter file, TOPSPIN		Version 3.2
##JCAMPDX= 5.0
##DATATYPE= Parameter Values
##NPOINTS= 1	$$ modification sequence number
##ORIGIN= Bruker BioSpin GmbH
##OWNER= nmrsu
$$ 2020-08-13 15:09:41.128 +0100  nmrsu@lagavulin
$$ C:/Bruker/TopSpin3.2/exp/stan/nmr/par/user/janus-hmbc.std/clevels
$$ process C:\Bruker\TopSpin3.2\prog\mod\edparproc.exe
##$LEVELS= (0..255)
-3442431.88417329 -2512494.00358475 -1833769.36144238 -1338395.2623039
-976841.42609327 -712957.67297424 -520359.425670292 -379789.631485879 -277193.334200451
-202312.38073707 -147659.753498627 -107770.976367539 -78657.7457432955
-57409.1575854041 -41900.658905505 -30581.623046875 30581.623046875 41900.658905505
57409.1575854041 78657.7457432955 107770.976367539 147659.753498627 202312.38073707
277193.334200451 379789.631485879 520359.425670292 712957.67297424 976841.42609327
1338395.2623039 1833769.36144238 2512494.00358475 3442431.88417329 0 0
0 0 0 0 0 0 0 0 0 0 0 0 0 0 0 0 0 0 0 0 0 0 0 0 0 0 0 0 0 0 0 0 0 0 0 0
0 0 0 0 0 0 0 0 0 0 0 0 0 0 0 0 0 0 0 0 0 0 0 0 0 0 0 0 0 0 0 0 0 0 0 0
0 0 0 0 0 0 0 0 0 0 0 0 0 0 0 0 0 0 0 0 0 0 0 0 0 0 0 0 0 0 0 0 0 0 0 0
0 0 0 0 0 0 0 0 0 0 0 0 0 0 0 0 0 0 0 0 0 0 0 0 0 0 0 0 0 0 0 0 0 0 0 0
0 0 0 0 0 0 0 0 0 0 0 0 0 0 0 0 0 0 0 0 0 0 0 0 0 0 0 0 0 0 0 0 0 0 0 0
0 0 0 0 0 0 0 0 0 0 0 0 0 0 0 0 0 0 0 0 0 0 0 0 0 0 0 0 0 0 0 0 0 0 0 0
0 0 0 0 0 0
##$LEVSIGN= 0
##$MAXLEV= 16
##$METHOD= 0
##$NEGBASE= -30581.623046875
##$NEGINCR= 1.37012541294098
##$POSBASE= 30581.623046875
##$POSINCR= 1.37012541294098
##END=
