##TITLE= Parameter file, TopSpin 3.6.5
##JCAMPDX= 5.0
##DATATYPE= Parameter Values
##NPOINTS= 1	$$ modification sequence number
##ORIGIN= Bruker BioSpin GmbH
##OWNER= nmrsu
$$ 2022-09-27 21:11:53.729 +0100  nmrsu@arran
$$ C:/Bruker/TopSpin3.6.5/exp/stan/nmr/par/user/INADEQUATE.txo/clevels
$$ process C:\Bruker\TopSpin3.6.5\prog\mod\edparproc.exe
##$LEVELS= (0..255)
-238035.305 -213691.18 -191836.755 -172217.405 -154604.545 -138792.97 -124598.465
-111855.645 -100416.05 -90146.39 -80927.025 -72650.53 -65220.48 -58550.315
-52562.31 -47186.705 -42360.87 -38028.58 -34139.355 -30647.885 -27513.495
-24699.66 -22173.6 -19905.88 -17870.085 -16042.49 -14401.81 -12928.92 -11606.665
-10419.64 -9354.01 -8397.365 8397.365 9354.01 10419.64 11606.665 12928.92
14401.81 16042.49 17870.085 19905.88 22173.6 24699.66 27513.495 30647.885
34139.355 38028.58 42360.87 47186.705 52562.31 58550.315 65220.48 72650.53
80927.025 90146.39 100416.05 111855.645 124598.465 138792.97 154604.545
172217.405 191836.755 213691.18 238035.305 0 0 0 0 0 0 0 0 0 0 0 0 0 0
0 0 0 0 0 0 0 0 0 0 0 0 0 0 0 0 0 0 0 0 0 0 0 0 0 0 0 0 0 0 0 0 0 0 0 0
0 0 0 0 0 0 0 0 0 0 0 0 0 0 0 0 0 0 0 0 0 0 0 0 0 0 0 0 0 0 0 0 0 0 0 0
0 0 0 0 0 0 0 0 0 0 0 0 0 0 0 0 0 0 0 0 0 0 0 0 0 0 0 0 0 0 0 0 0 0 0 0
0 0 0 0 0 0 0 0 0 0 0 0 0 0 0 0 0 0 0 0 0 0 0 0 0 0 0 0 0 0 0 0 0 0 0 0
0 0 0 0 0 0 0 0 0 0 0 0 0 0 0 0 0 0 0 0 0 0 0 0 0 0 0 0 0 0 0 0 0 0
##$LEVSIGN= 3
##$MAXLEV= 32
##$METHOD= 0
##$NEGBASE= -16794.73
##$NEGINCR= 1.8
##$POSBASE= 16794.73
##$POSINCR= 1.8
##END=
