##TITLE= Parameter file, TopSpin 3.6.5
##JCAMPDX= 5.0
##DATATYPE= Parameter Values
##NPOINTS= 1	$$ modification sequence number
##ORIGIN= Bruker BioSpin GmbH
##OWNER= chemist
$$ 2023-06-25 22:42:30.444 +0100  chemist@arran
$$ C:/Bruker/TopSpin3.6.5/exp/stan/nmr/par/user/PSYCHE-TSE.txo/clevels
$$ process C:\Bruker\TopSpin3.6.5\prog\mod\edparproc.exe
##$LEVELS= (0..255)
-17783.796476025 -16638.9517606379 -15567.8072489232 -14565.6184371517
-13627.9462524415 -12750.6373904266 -11929.8059187031 -11161.8160645664
-10443.2661107999 -9770.97332818465 -9141.95987798912 -8553.43962199621
-8002.80578164464 -7487.61939162178 -7005.59849676483 -6554.60804441924
-6132.6504274839 -5737.85663625456 -5368.47797987372 -5022.87834071817
-4699.52692741587 -4396.99149439265 -4113.93199791542 -3849.09466053223
-3601.30641761822 -3369.4697214292 -3152.55767964806 -2949.60950689071
-2759.72626902462 -2582.06690144993 -2415.84448370658 -2260.32275390625
2260.32275390625 2415.84448370658 2582.06690144993 2759.72626902462 2949.60950689071
3152.55767964806 3369.4697214292 3601.30641761822 3849.09466053223 4113.93199791542
4396.99149439265 4699.52692741587 5022.87834071817 5368.47797987372 5737.85663625456
6132.6504274839 6554.60804441924 7005.59849676483 7487.61939162178 8002.80578164464
8553.43962199621 9141.95987798912 9770.97332818465 10443.2661107999 11161.8160645664
11929.8059187031 12750.6373904266 13627.9462524415 14565.6184371517 15567.8072489232
16638.9517606379 17783.796476025 0 0 0 0 0 0 0 0 0 0 0 0 0 0 0 0 0 0 0
0 0 0 0 0 0 0 0 0 0 0 0 0 0 0 0 0 0 0 0 0 0 0 0 0 0 0 0 0 0 0 0 0 0 0 0
0 0 0 0 0 0 0 0 0 0 0 0 0 0 0 0 0 0 0 0 0 0 0 0 0 0 0 0 0 0 0 0 0 0 0 0
0 0 0 0 0 0 0 0 0 0 0 0 0 0 0 0 0 0 0 0 0 0 0 0 0 0 0 0 0 0 0 0 0 0 0 0
0 0 0 0 0 0 0 0 0 0 0 0 0 0 0 0 0 0 0 0 0 0 0 0 0 0 0 0 0 0 0 0 0 0 0 0
0 0 0 0 0 0 0 0 0 0 0 0 0 0 0 0 0 0 0 0 0 0 0 0 0 0 0 0 0
##$LEVSIGN= 0
##$MAXLEV= 32
##$METHOD= 0
##$NEGBASE= -2260.32275390625
##$NEGINCR= 1.06880509853363
##$POSBASE= 2260.32275390625
##$POSINCR= 1.06880509853363
##END=
