##TITLE= Parameter file, TopSpin 3.6.2
##JCAMPDX= 5.0
##DATATYPE= Parameter Values
##NPOINTS= 2	$$ modification sequence number
##ORIGIN= Bruker BioSpin GmbH
##OWNER= nmrsu
$$ 2021-11-23 19:35:13.631 +0000  chemist@Glenfairn
$$ C:\Bruker\TopSpin3.6.2\exp\stan\nmr\par\user/janus-hsqc.bbf/clevels
$$ process C:\Bruker\TopSpin3.6.2\prog\mod\edparproc.exe
##$LEVELS= (0..255)
-1826216.10434032 -1564647.55598151 -1340543.41576581 -1148537.66439802
-984032.856397472 -843090.037432332 -722334.428770885 -618874.620529055
-530233.338852059 -454288.129298079 -389220.536128396 -333472.560637117
-285709.355945165 -244787.265011078 -209726.436550801 -179687.363173516
-153950.779955344 -131900.442136112 -113008.369562976 -96822.2045692869
-82954.3805818095 -71072.8421060406 -60893.0938860853 -52171.388861688
-44698.8918127452 -38296.6789437865 -32811.453676918 -28111.8760708416
-24085.4179764152 -20635.6686276206 -17680.02615217 -15147.7197265625 15147.7197265625
17680.02615217 20635.6686276206 24085.4179764152 28111.8760708416 32811.453676918
38296.6789437865 44698.8918127452 52171.388861688 60893.0938860853 71072.8421060406
82954.3805818095 96822.2045692869 113008.369562976 131900.442136112 153950.779955344
179687.363173516 209726.436550801 244787.265011078 285709.355945165 333472.560637117
389220.536128396 454288.129298079 530233.338852059 618874.620529055 722334.428770885
843090.037432332 984032.856397472 1148537.66439802 1340543.41576581 1564647.55598151
1826216.10434032 0 0 0 0 0 0 0 0 0 0 0 0 0 0 0 0 0 0 0 0 0 0 0 0 0 0 0
0 0 0 0 0 0 0 0 0 0 0 0 0 0 0 0 0 0 0 0 0 0 0 0 0 0 0 0 0 0 0 0 0 0 0 0
0 0 0 0 0 0 0 0 0 0 0 0 0 0 0 0 0 0 0 0 0 0 0 0 0 0 0 0 0 0 0 0 0 0 0 0
0 0 0 0 0 0 0 0 0 0 0 0 0 0 0 0 0 0 0 0 0 0 0 0 0 0 0 0 0 0 0 0 0 0 0 0
0 0 0 0 0 0 0 0 0 0 0 0 0 0 0 0 0 0 0 0 0 0 0 0 0 0 0 0 0 0 0 0 0 0 0 0
0 0 0 0 0 0 0 0 0 0 0 0 0 0 0 0 0 0 0 0 0
##$LEVSIGN= 0
##$MAXLEV= 32
##$METHOD= 0
##$NEGBASE= -15147.7197265625
##$NEGINCR= 1.16717410087585
##$POSBASE= 15147.7197265625
##$POSINCR= 1.16717410087585
##END=
