##TITLE= Parameter file, TOPSPIN		Version 3.2
##JCAMPDX= 5.0
##DATATYPE= Parameter Values
##NPOINTS= 1	$$ modification sequence number
##ORIGIN= Bruker BioSpin GmbH
##OWNER= John Carpenter
$$ 2019-04-26 18:56:36.849 +0100  John Carpenter@glengrant
$$ C:\Bruker\TopSpin3.2\exp\stan\nmr\par\user/proton-paramag.jc/acqu
$$ process C:\Bruker\TopSpin3.2\prog\mod\edparproc.exe
##$ACQT0= 0
##$AMP= (0..31)
100 100 100 100 100 100 100 100 100 100 100 100 100 100 100 100 100 100
100 100 100 100 100 100 100 100 100 100 100 100 100 100
##$AMPCOIL= (0..19)
-1 0 0 0 0 0 0 0 0 0 0 0 0 0 0 0 0 0 0 0
##$ANAVPT= 1
##$AQSEQ= 0
##$AQ_mod= 3
##$AUNM= <au_zg>
##$AUTOPOS= <>
##$BF1= 500.2
##$BF2= 500.2
##$BF3= 500.2
##$BF4= 500.2
##$BF5= 500.2
##$BF6= 500.2
##$BF7= 500.2
##$BF8= 500.2
##$BYTORDA= 0
##$CAGPARS= (0..11)
0 0 0 0 0 0 0 0 0 0 0 0
##$CFDGTYP= 0
##$CFRGTYP= 9
##$CHEMSTR= <none>
##$CNST= (0..63)
1 1 1 1 1 1 1 1 1 1 1 1 1 1 1 1 1 1 1 1 1 1 1 1 1 1 1 1 1 1 1 1 1 1 1 1
1 1 1 1 1 1 1 1 1 1 1 1 1 1 1 1 1 1 1 1 1 1 1 1 1 1 1 1
##$CPDPRG= (0..8)
<> <> <> <> <> <> <> <> <>
##$D= (0..63)
0 0.01 0 0 0 0 0 0 0 0 0 0 0 0 0 0 0.0002 0 0 0 0 0 0 0 0 0 0 0 0 0 0 0
0 0 0 0 0 0 0 0 0 0 0 0 0 0 0 0 0 0 0 0 0 0 0 0 0 0 0 0 0 0 0 0
##$DATE= 0
##$DE= 6.5
##$DECBNUC= <off>
##$DECIM= 112
##$DECNUC= <off>
##$DECSTAT= 4
##$DIGMOD= 1
##$DIGTYP= 12
##$DQDMODE= 0
##$DR= 20
##$DS= 4
##$DSPFIRM= 0
##$DSPFVS= 0
##$DTYPA= 0
##$EXP= <proton-paramag.rl>
##$F1LIST= <>
##$F2LIST= <>
##$F3LIST= <>
##$FCUCHAN= (0..9)
0 2 0 0 0 0 0 0 0 0
##$FL1= 90
##$FL2= 90
##$FL3= 90
##$FL4= 90
##$FOV= 20
##$FQ1LIST= <>
##$FQ2LIST= <>
##$FQ3LIST= <>
##$FQ4LIST= <>
##$FQ5LIST= <>
##$FQ6LIST= <>
##$FQ7LIST= <>
##$FQ8LIST= <>
##$FRQLO3= 0
##$FRQLO3N= 0
##$FS= (0..7)
83 83 83 83 83 83 83 83
##$FTLPGN= 0
##$FW= 250000
##$FnMODE= 0
##$FnTYPE= 0
##$GPNAM= (0..31)
<> <> <> <> <> <> <> <> <> <> <> <> <> <> <> <> <> <> <> <> <> <> <> <>
<> <> <> <> <> <> <> <>
##$GPX= (0..31)
0 0 0 0 0 0 0 0 0 0 0 0 0 0 0 0 0 0 0 0 0 0 0 0 0 0 0 0 0 0 0 0
##$GPY= (0..31)
0 0 0 0 0 0 0 0 0 0 0 0 0 0 0 0 0 0 0 0 0 0 0 0 0 0 0 0 0 0 0 0
##$GPZ= (0..31)
0 0 0 0 0 0 0 0 0 0 0 0 0 0 0 0 0 0 0 0 0 0 0 0 0 0 0 0 0 0 0 0
##$GRDPROG= <>
##$GRPDLY= -1
##$HDDUTY= 20
##$HDRATE= 1
##$HGAIN= (0..3)
0 0 0 0
##$HL1= 1
##$HL2= 35
##$HL3= 16
##$HL4= 17
##$HOLDER= 0
##$HPMOD= (0..7)
0 0 0 0 0 0 0 0
##$HPPRGN= 0
##$IN= (0..63)
0 0 0 0 0 0 0 0 0 0 0 0 0 0 0 0 0 0 0 0 0 0 0 0 0 0 0 0 0 0 0 0 0 0 0 0
0 0 0 0 0 0 0 0 0 0 0 0 0 0 0 0 0 0 0 0 0 0 0 0 0 0 0 0
##$INF= (0..7)
0 0 0 0 0 0 0 0
##$INP= (0..63)
0 0 0 0 0 0 0 0 0 0 0 0 0 0 0 0 0 0 0 0 0 0 0 0 0 0 0 0 0 0 0 0 0 0 0 0
0 0 0 0 0 0 0 0 0 0 0 0 0 0 0 0 0 0 0 0 0 0 0 0 0 0 0 0
##$INSTRUM= <>
##$L= (0..31)
1 1 1 1 1 1 1 1 1 1 1 1 1 1 1 1 1 1 1 1 1 1 1 1 1 1 1 1 1 1 1 1
##$LFILTER= 10
##$LGAIN= -10
##$LINPSTP= 0
##$LOCKED= no
##$LOCKFLD= 0
##$LOCKGN= 0
##$LOCKPOW= -20
##$LOCKPPM= 0
##$LOCNUC= <2H>
##$LOCPHAS= 0
##$LOCSHFT= no
##$LOCSW= 0
##$LTIME= 0.1
##$MASR= 4200
##$MASRLST= <masrlst>
##$MULEXPNO= (0..15)
0 0 0 0 0 0 0 0 0 0 0 0 0 0 0 0
##$NBL= 1
##$NC= 0
##$NLOGCH= 3
##$NOVFLW= 0
##$NS= 512
##$NUC1= <1H>
##$NUC2= <off>
##$NUC3= <off>
##$NUC4= <off>
##$NUC5= <off>
##$NUC6= <off>
##$NUC7= <off>
##$NUC8= <off>
##$NUCLEUS= <off>
##$NUSLIST= <automatic>
##$NusAMOUNT= 25
##$NusFPNZ= no
##$NusJSP= 0
##$NusSEED= 54321
##$NusT2= 1
##$NusTD= 0
##$O1= 62525
##$O2= 3088.94
##$O3= 3088.94
##$O4= 3088.94
##$O5= 3088.94
##$O6= 3088.94
##$O7= 3088.94
##$O8= 3088.94
##$OVERFLW= 0
##$P= (0..63)
13 13 26 0 0 17.16 26 52 20000 0 0 80000 80000 1000 0 0 1000 2500 100000
600 0 0 0 0 0 100 100000 13 1000 1000 0 0 20000 0 0 0 0 0 0 0 2000 0 0
0 240 0 0 0 0 0 0 0 0 0 0 0 0 0 0 0 0 0 0 0
##$PACOIL= (0..15)
2 3 1 0 0 0 0 0 0 0 0 0 0 0 0 0
##$PAPS= 0
##$PARMODE= 0
##$PCPD= (0..9)
0 80 0 0 0 0 0 0 0 0
##$PEXSEL= (0..9)
1 1 1 1 1 1 1 1 1 1
##$PHCOR= (0..31)
0 0 0 0 0 0 0 0 0 0 0 0 0 0 0 0 0 0 0 0 0 0 0 0 0 0 0 0 0 0 0 0
##$PHLIST= <>
##$PHP= 1
##$PH_ref= 0
##$PL= (0..63)
120 120 120 120 120 120 120 120 120 120 120 120 120 120 120 120 120 120
120 120 120 120 120 120 120 120 120 120 120 120 120 120 120 120 120 120
120 120 120 120 120 120 120 120 120 120 120 120 120 120 120 120 120 120
120 120 120 120 120 120 120 120 120 120
##$PLSTEP= 0.1
##$PLSTRT= -6
##$PLW= (0..63)
0 13 0 0 0 0 0 0 0 8.788e-005 3.25 0.27123 0 0 0 0 0 0 13 0.34328 0 0 0
0 0 0 0 0.8788 0 3.25 0 0 3.5152e-006 0 0 0 0 0 0 0 0 0 0 0 0 0 0 0 0 0
0 0 0 0 0 0 0 0 0 0 0 0 0 0
##$PLWMAX= (0..7)
0 0 0 0 0 0 0 0
##$POWMOD= 0
##$PQPHASE= 0
##$PQSCALE= 1
##$PR= 1
##$PRECHAN= (0..15)
-1 2 -1 0 3 1 -1 -1 -1 -1 -1 -1 -1 -1 -1 -1
##$PRGAIN= 0
##$PROBHD= <>
##$PULPROG= <zg30>
##$PW= 0
##$PYNM= <>
##$QNP= 0
##$RD= 0
##$RECCHAN= (0..15)
0 2 0 0 0 0 0 0 0 0 0 0 0 0 0 0
##$RECPH= 0
##$RECPRE= (0..15)
0 0 -1 -1 -1 -1 -1 -1 -1 -1 -1 -1 -1 -1 -1 -1
##$RECPRFX= (0..15)
1 0 0 0 0 0 0 0 0 0 0 0 0 0 0 0
##$RECSEL= (0..15)
0 0 1 0 0 0 0 0 0 0 0 0 0 0 0 0
##$RG= 203
##$RO= 0
##$ROUTWD1= (0..23)
0 2 2 2 2 2 2 2 0 0 0 0 0 0 0 0 0 0 0 0 1 1 0 0
##$ROUTWD2= (0..23)
0 2 2 2 2 2 2 2 0 0 0 0 0 0 0 0 0 0 1 0 1 1 0 0
##$RSEL= (0..15)
0 0 2 0 0 0 0 0 0 0 0 0 0 0 0 0
##$S= (0..7)
83 4 83 83 83 83 83 83
##$SELREC= (0..9)
0 0 0 0 0 0 0 0 0 0
##$SFO1= 500.262525
##$SFO2= 500.20308894
##$SFO3= 500.20308894
##$SFO4= 500.20308894
##$SFO5= 500.20308894
##$SFO6= 500.20308894
##$SFO7= 500.20308894
##$SFO8= 500.20308894
##$SOLVENT= <CD3CN>
##$SOLVOLD= <off>
##$SP= (0..63)
120 120 120 120 120 120 120 120 120 120 120 120 120 120 120 120 120 120
120 120 120 120 120 120 120 120 120 120 120 120 120 120 120 120 120 120
120 120 120 120 120 120 120 120 120 120 120 120 120 120 120 120 120 120
120 120 120 120 120 120 120 120 120 120
##$SPECTR= 0
##$SPINCNT= 0
##$SPNAM= (0..63)
<> <Gaus1_270.1000> <Gaus1_180r.1000> <> <> <Squa100.1000> <Squa100.1000>
<> <Squa100.1000> <> <Squa100.1000> <Squa100.1000> <> <> <> <> <> <> <>
<Sinc1.1000> <Sinc1.1000> <Sinc1.1000> <Sinc1.1000> <> <> <> <> <> <> <Crp60,20,20.10>
<Bip720,50,20.1> <> <> <> <> <> <> <> <> <> <> <> <> <> <> <> <> <> <>
<> <> <> <> <> <> <> <> <> <> <> <> <> <> <>
##$SPOAL= (0..63)
0.5 1 0.5 0.5 0.5 0.5 0.5 0.5 0.5 0.5 0.5 0.5 0.5 0.5 0.5 0.5 0.5 0.5 0.5
1 1 1 1 0.5 0.5 0.5 0.5 0.5 0.5 0.5 0.5 0.5 0.5 0.5 0.5 0.5 0.5 0.5 0.5
0.5 0.5 0.5 0.5 0.5 0.5 0.5 0.5 0.5 0.5 0.5 0.5 0.5 0.5 0.5 0.5 0.5 0.5
0.5 0.5 0.5 0.5 0.5 0.5 0.5
##$SPOFFS= (0..63)
0 0 0 0 0 0 0 0 0 0 0 0 0 0 0 0 0 0 0 0 0 0 0 0 0 0 0 0 0 0 0 0 0 0 0 0
0 0 0 0 0 0 0 0 0 0 0 0 0 0 0 0 0 0 0 0 0 0 0 0 0 0 0 0
##$SPPEX= (0..63)
0 0 0 0 0 0 0 0 0 0 0 0 0 0 0 0 0 0 0 0 0 0 0 0 0 0 0 0 0 0 0 0 0 0 0 0
0 0 0 0 0 0 0 0 0 0 0 0 0 0 0 0 0 0 0 0 0 0 0 0 0 0 0 0
##$SPW= (0..63)
0 1.8239e-005 8.106e-006 0 0 0.002197 8.788e-005 0 2.197e-007 0 0.002197
0.002197 0 0 0 0 0 0 0 1.293965e-005 2.011426e-005 9.391934e-006 5.064992e-005
0 0 0 0 0 0 0.083919 2.4411 0 0 0 0 0 0 0 0 0 0 0 0 0 0 0 0 0 0 0 0 0 0
0 0 0 0 0 0 0 0 0 0 0
##$SUBNAM= (0..9)
<> <> <> <> <> <> <> <> <> <>
##$SW= 356.955437690298
##$SWIBOX= (0..19)
0 0 3 0 0 0 0 0 0 0 0 0 0 0 0 0 0 0 0 0
##$SW_h= 178571.428571429
##$SWfinal= 0
##$TD= 71410
##$TD0= 1
##$TE= 298
##$TE1= 300
##$TE2= 300
##$TE3= 300
##$TE4= 300
##$TEG= 300
##$TE_PIDX= 0
##$TE_STAB= (0..9)
0 0 0 0 0 0 0 0 0 0
##$TL= (0..7)
120 120 120 120 120 120 120 120
##$TUNHIN= 0
##$TUNHOUT= 0
##$TUNXOUT= 0
##$USERA1= <>
##$USERA2= <>
##$USERA3= <>
##$USERA4= <>
##$USERA5= <>
##$V9= 5
##$VALIST= <>
##$VCLIST= <>
##$VD= 0
##$VDLIST= <>
##$VPLIST= <>
##$VTLIST= <>
##$WBST= 1024
##$WBSW= 4
##$XGAIN= (0..3)
0 0 0 0
##$XL= 0
##$YL= 0
##$YMAX_a= 0
##$YMIN_a= 0
##$ZGOPTNS= <>
##$ZL1= 120
##$ZL2= 120
##$ZL3= 120
##$ZL4= 120
##END=
