##TITLE= Parameter file, TOPSPIN		Version 3.2
##JCAMPDX= 5.0
##DATATYPE= Parameter Values
##NPOINTS= 1	$$ modification sequence number
##ORIGIN= Bruker BioSpin GmbH
##OWNER= nmrsu
$$ 2020-08-13 11:20:49.705 +0100  nmrsu@lagavulin
$$ C:/Bruker/TopSpin3.2/exp/stan/nmr/par/user/janus-noesy.std/clevels
$$ process C:\Bruker\TopSpin3.2\prog\mod\edparproc.exe
##$LEVELS= (0..255)
-1221649.6666314 -1056117.29387753 -913014.400849293 -789301.814287737
-682352.166031988 -589894.09381848 -509964.002819055 -440864.363444973
-381127.659758966 -329485.222843322 -284840.287217069 -246244.698083118
-212878.774721346 -184033.902372854 -159097.482907417 -137539.924661237
-118903.395139364 -102792.097716281 -88863.8658343517 -76822.8961804225
-66413.4665101027 -57414.5047009118 -49634.8936935791 -42909.4126093502
-37095.2278420543 -32068.8596038733 -27723.5595012855 -23967.0434469857
-20719.5317600926 -17912.0548309215 -15484.9883665761 -13386.787109375
13386.787109375 15484.9883665761 17912.0548309215 20719.5317600926 23967.0434469857
27723.5595012855 32068.8596038733 37095.2278420543 42909.4126093502 49634.8936935791
57414.5047009118 66413.4665101027 76822.8961804225 88863.8658343517 102792.097716281
118903.395139364 137539.924661237 159097.482907417 184033.902372854 212878.774721346
246244.698083118 284840.287217069 329485.222843322 381127.659758966 440864.363444973
509964.002819055 589894.09381848 682352.166031988 789301.814287737 913014.400849293
1056117.29387753 1221649.6666314 0 0 0 0 0 0 0 0 0 0 0 0 0 0 0 0 0 0 0
0 0 0 0 0 0 0 0 0 0 0 0 0 0 0 0 0 0 0 0 0 0 0 0 0 0 0 0 0 0 0 0 0 0 0 0
0 0 0 0 0 0 0 0 0 0 0 0 0 0 0 0 0 0 0 0 0 0 0 0 0 0 0 0 0 0 0 0 0 0 0 0
0 0 0 0 0 0 0 0 0 0 0 0 0 0 0 0 0 0 0 0 0 0 0 0 0 0 0 0 0 0 0 0 0 0 0 0
0 0 0 0 0 0 0 0 0 0 0 0 0 0 0 0 0 0 0 0 0 0 0 0 0 0 0 0 0 0 0 0 0 0 0 0
0 0 0 0 0 0 0 0 0 0 0 0 0 0 0 0 0 0 0 0 0 0 0 0 0 0 0 0 0
##$LEVSIGN= 0
##$MAXLEV= 32
##$METHOD= 0
##$NEGBASE= -13386.787109375
##$NEGINCR= 1.15673673152924
##$POSBASE= 13386.787109375
##$POSINCR= 1.15673673152924
##END=
