##TITLE= Parameter file, TopSpin 3.6.4
##JCAMPDX= 5.0
##DATATYPE= Parameter Values
##ORIGIN= Bruker BioSpin GmbH
##OWNER= dos23
$$ 2024-03-01 15:47:59.914 +0000  dos23@auchentoshan
$$ C:/Bruker/cam-ts3/wave/multisupp_aux_13c
$$ process C:\Bruker\TopSpin3.6.4\prog\mod\xwinshape.exe
##MINX= 0.04581700
##MAXX= 99.98670000
##MINY= 0.00000100
##MAXY= 359.99999900
##$SHAPE_ADDPHASE= 0
##$SHAPE_AMP= 99.98669999
##$SHAPE_BWFAC= 0
##$SHAPE_BWFAC50= 0
##$SHAPE_CALCBW= yes
##$SHAPE_CALCINTEG= yes
##$SHAPE_EXMODE= <Excitation>
##$SHAPE_EXPAND= <>
##$SHAPE_EXPANDCF= (0..143)
0 0 0 0 0 0 0 0 0 0 0 0 0 0 0 0 0 0 0 0 0 0 0 0 0 0 0 0 0 0 0 0 0 0 0 0
0 0 0 0 0 0 0 0 0 0 0 0 0 0 0 0 0 0 0 0 0 0 0 0 0 0 0 0 0 0 0 0 0 0 0 0
0 0 0 0 0 0 0 0 0 0 0 0 0 0 0 0 0 0 0 0 0 0 0 0 0 0 0 0 0 0 0 0 0 0 0 0
0 0 0 0 0 0 0 0 0 0 0 0 0 0 0 0 0 0 0 0 0 0 0 0 0 0 0 0 0 0 0 0 0 0 0 0
##$SHAPE_EXPFAC= 0
##$SHAPE_FRACEND= 0
##$SHAPE_FRACORG= 0
##$SHAPE_FRACSTART= 0
##$SHAPE_INTEGFAC= 0
##$SHAPE_KEEPRES= yes
##$SHAPE_LENGTH= 100000.00149
##$SHAPE_MAN= <M>
##$SHAPE_MODE= 2
##$SHAPE_MODFREQ= 0
##$SHAPE_MODPHASE= 0
##$SHAPE_MODSCALE= 0
##$SHAPE_MODSW= 0
##$SHAPE_MODSWDIR= -1
##$SHAPE_NPOINTS= 1000
##$SHAPE_OFFS= <1 2>
##$SHAPE_OFFSCOEFF= (0..95)
2042.2329 0 100 -2042.233 0 100 0 0 0 0 0 0 0 0 0 0 0 0 0 0 0 0 0 0 0 0
0 0 0 0 0 0 0 0 0 0 0 0 0 0 0 0 0 0 0 0 0 0 0 0 0 0 0 0 0 0 0 0 0 0 0 0
0 0 0 0 0 0 0 0 0 0 0 0 0 0 0 0 0 0 0 0 0 0 0 0 0 0 0 0 0 0 0 0 0 0
##$SHAPE_PARAMETER= <>
##$SHAPE_REPHFAC= 0
##$SHAPE_RES= 0
##$SHAPE_SCALEFAC= 1.00013302
##$SHAPE_SCALETYPE= 0
##$SHAPE_SPOAL= 0
##$SHAPE_SPOFFS= 0
##$SHAPE_SPOPH= 0
##$SHAPE_TOTROT= 90
##$SHAPE_TYPE= <Excitation>
##$SHAPE_USER_DEF= 0
##$SHAPE_VERSION= 2.1
##$SHL_ADDPHASE= (0..15)
0 0 0 0 0 0 0 0 0 0 0 0 0 0 0 0
##$SHL_ALIGNOFFSET= (0..15)
0 0 0 0 0 0 0 0 0 0 0 0 0 0 0 0
##$SHL_AMP= (0..15)
100 0 0 0 0 0 0 0 0 0 0 0 0 0 0 0
##$SHL_AMPFAC= (0..15)
0 0 0 0 0 0 0 0 0 0 0 0 0 0 0 0
##$SHL_BETA= (0..15)
0 0 0 0 0 0 0 0 0 0 0 0 0 0 0 0
##$SHL_BWFAC= (0..15)
1.116 0 0 0 0 0 0 0 0 0 0 0 0 0 0 0
##$SHL_CALCBW= (0..15)
yes yes yes yes yes yes yes yes yes yes yes yes yes yes yes yes
##$SHL_CALCINTEG= (0..15)
yes yes yes yes yes yes yes yes yes yes yes yes yes yes yes yes
##$SHL_CENTERAMP= (0..15)
0 0 0 0 0 0 0 0 0 0 0 0 0 0 0 0
##$SHL_CYCNUM= (0..15)
0 0 0 0 0 0 0 0 0 0 0 0 0 0 0 0
##$SHL_DIPOLCPL= (0..15)
0 0 0 0 0 0 0 0 0 0 0 0 0 0 0 0
##$SHL_ENDAMP= (0..15)
0 0 0 0 0 0 0 0 0 0 0 0 0 0 0 0
##$SHL_EXMODE= (0..15)
<Excitation> <> <> <> <> <> <> <> <> <> <> <> <> <> <> <>
##$SHL_EXPAND= (0..15)
<> <> <> <> <> <> <> <> <> <> <> <> <> <> <> <>
##$SHL_EXPANDCF0= (0..143)
0 0 0 0 0 0 0 0 0 0 0 0 0 0 0 0 0 0 0 0 0 0 0 0 0 0 0 0 0 0 0 0 0 0 0 0
0 0 0 0 0 0 0 0 0 0 0 0 0 0 0 0 0 0 0 0 0 0 0 0 0 0 0 0 0 0 0 0 0 0 0 0
0 0 0 0 0 0 0 0 0 0 0 0 0 0 0 0 0 0 0 0 0 0 0 0 0 0 0 0 0 0 0 0 0 0 0 0
0 0 0 0 0 0 0 0 0 0 0 0 0 0 0 0 0 0 0 0 0 0 0 0 0 0 0 0 0 0 0 0 0 0 0 0
##$SHL_EXPANDCF1= (0..143)
0 0 0 0 0 0 0 0 0 0 0 0 0 0 0 0 0 0 0 0 0 0 0 0 0 0 0 0 0 0 0 0 0 0 0 0
0 0 0 0 0 0 0 0 0 0 0 0 0 0 0 0 0 0 0 0 0 0 0 0 0 0 0 0 0 0 0 0 0 0 0 0
0 0 0 0 0 0 0 0 0 0 0 0 0 0 0 0 0 0 0 0 0 0 0 0 0 0 0 0 0 0 0 0 0 0 0 0
0 0 0 0 0 0 0 0 0 0 0 0 0 0 0 0 0 0 0 0 0 0 0 0 0 0 0 0 0 0 0 0 0 0 0 0
##$SHL_EXPANDCF10= (0..143)
0 0 0 0 0 0 0 0 0 0 0 0 0 0 0 0 0 0 0 0 0 0 0 0 0 0 0 0 0 0 0 0 0 0 0 0
0 0 0 0 0 0 0 0 0 0 0 0 0 0 0 0 0 0 0 0 0 0 0 0 0 0 0 0 0 0 0 0 0 0 0 0
0 0 0 0 0 0 0 0 0 0 0 0 0 0 0 0 0 0 0 0 0 0 0 0 0 0 0 0 0 0 0 0 0 0 0 0
0 0 0 0 0 0 0 0 0 0 0 0 0 0 0 0 0 0 0 0 0 0 0 0 0 0 0 0 0 0 0 0 0 0 0 0
##$SHL_EXPANDCF11= (0..143)
0 0 0 0 0 0 0 0 0 0 0 0 0 0 0 0 0 0 0 0 0 0 0 0 0 0 0 0 0 0 0 0 0 0 0 0
0 0 0 0 0 0 0 0 0 0 0 0 0 0 0 0 0 0 0 0 0 0 0 0 0 0 0 0 0 0 0 0 0 0 0 0
0 0 0 0 0 0 0 0 0 0 0 0 0 0 0 0 0 0 0 0 0 0 0 0 0 0 0 0 0 0 0 0 0 0 0 0
0 0 0 0 0 0 0 0 0 0 0 0 0 0 0 0 0 0 0 0 0 0 0 0 0 0 0 0 0 0 0 0 0 0 0 0
##$SHL_EXPANDCF12= (0..143)
0 0 0 0 0 0 0 0 0 0 0 0 0 0 0 0 0 0 0 0 0 0 0 0 0 0 0 0 0 0 0 0 0 0 0 0
0 0 0 0 0 0 0 0 0 0 0 0 0 0 0 0 0 0 0 0 0 0 0 0 0 0 0 0 0 0 0 0 0 0 0 0
0 0 0 0 0 0 0 0 0 0 0 0 0 0 0 0 0 0 0 0 0 0 0 0 0 0 0 0 0 0 0 0 0 0 0 0
0 0 0 0 0 0 0 0 0 0 0 0 0 0 0 0 0 0 0 0 0 0 0 0 0 0 0 0 0 0 0 0 0 0 0 0
##$SHL_EXPANDCF13= (0..143)
0 0 0 0 0 0 0 0 0 0 0 0 0 0 0 0 0 0 0 0 0 0 0 0 0 0 0 0 0 0 0 0 0 0 0 0
0 0 0 0 0 0 0 0 0 0 0 0 0 0 0 0 0 0 0 0 0 0 0 0 0 0 0 0 0 0 0 0 0 0 0 0
0 0 0 0 0 0 0 0 0 0 0 0 0 0 0 0 0 0 0 0 0 0 0 0 0 0 0 0 0 0 0 0 0 0 0 0
0 0 0 0 0 0 0 0 0 0 0 0 0 0 0 0 0 0 0 0 0 0 0 0 0 0 0 0 0 0 0 0 0 0 0 0
##$SHL_EXPANDCF14= (0..143)
0 0 0 0 0 0 0 0 0 0 0 0 0 0 0 0 0 0 0 0 0 0 0 0 0 0 0 0 0 0 0 0 0 0 0 0
0 0 0 0 0 0 0 0 0 0 0 0 0 0 0 0 0 0 0 0 0 0 0 0 0 0 0 0 0 0 0 0 0 0 0 0
0 0 0 0 0 0 0 0 0 0 0 0 0 0 0 0 0 0 0 0 0 0 0 0 0 0 0 0 0 0 0 0 0 0 0 0
0 0 0 0 0 0 0 0 0 0 0 0 0 0 0 0 0 0 0 0 0 0 0 0 0 0 0 0 0 0 0 0 0 0 0 0
##$SHL_EXPANDCF15= (0..143)
0 0 0 0 0 0 0 0 0 0 0 0 0 0 0 0 0 0 0 0 0 0 0 0 0 0 0 0 0 0 0 0 0 0 0 0
0 0 0 0 0 0 0 0 0 0 0 0 0 0 0 0 0 0 0 0 0 0 0 0 0 0 0 0 0 0 0 0 0 0 0 0
0 0 0 0 0 0 0 0 0 0 0 0 0 0 0 0 0 0 0 0 0 0 0 0 0 0 0 0 0 0 0 0 0 0 0 0
0 0 0 0 0 0 0 0 0 0 0 0 0 0 0 0 0 0 0 0 0 0 0 0 0 0 0 0 0 0 0 0 0 0 0 0
##$SHL_EXPANDCF2= (0..143)
0 0 0 0 0 0 0 0 0 0 0 0 0 0 0 0 0 0 0 0 0 0 0 0 0 0 0 0 0 0 0 0 0 0 0 0
0 0 0 0 0 0 0 0 0 0 0 0 0 0 0 0 0 0 0 0 0 0 0 0 0 0 0 0 0 0 0 0 0 0 0 0
0 0 0 0 0 0 0 0 0 0 0 0 0 0 0 0 0 0 0 0 0 0 0 0 0 0 0 0 0 0 0 0 0 0 0 0
0 0 0 0 0 0 0 0 0 0 0 0 0 0 0 0 0 0 0 0 0 0 0 0 0 0 0 0 0 0 0 0 0 0 0 0
##$SHL_EXPANDCF3= (0..143)
0 0 0 0 0 0 0 0 0 0 0 0 0 0 0 0 0 0 0 0 0 0 0 0 0 0 0 0 0 0 0 0 0 0 0 0
0 0 0 0 0 0 0 0 0 0 0 0 0 0 0 0 0 0 0 0 0 0 0 0 0 0 0 0 0 0 0 0 0 0 0 0
0 0 0 0 0 0 0 0 0 0 0 0 0 0 0 0 0 0 0 0 0 0 0 0 0 0 0 0 0 0 0 0 0 0 0 0
0 0 0 0 0 0 0 0 0 0 0 0 0 0 0 0 0 0 0 0 0 0 0 0 0 0 0 0 0 0 0 0 0 0 0 0
##$SHL_EXPANDCF4= (0..143)
0 0 0 0 0 0 0 0 0 0 0 0 0 0 0 0 0 0 0 0 0 0 0 0 0 0 0 0 0 0 0 0 0 0 0 0
0 0 0 0 0 0 0 0 0 0 0 0 0 0 0 0 0 0 0 0 0 0 0 0 0 0 0 0 0 0 0 0 0 0 0 0
0 0 0 0 0 0 0 0 0 0 0 0 0 0 0 0 0 0 0 0 0 0 0 0 0 0 0 0 0 0 0 0 0 0 0 0
0 0 0 0 0 0 0 0 0 0 0 0 0 0 0 0 0 0 0 0 0 0 0 0 0 0 0 0 0 0 0 0 0 0 0 0
##$SHL_EXPANDCF5= (0..143)
0 0 0 0 0 0 0 0 0 0 0 0 0 0 0 0 0 0 0 0 0 0 0 0 0 0 0 0 0 0 0 0 0 0 0 0
0 0 0 0 0 0 0 0 0 0 0 0 0 0 0 0 0 0 0 0 0 0 0 0 0 0 0 0 0 0 0 0 0 0 0 0
0 0 0 0 0 0 0 0 0 0 0 0 0 0 0 0 0 0 0 0 0 0 0 0 0 0 0 0 0 0 0 0 0 0 0 0
0 0 0 0 0 0 0 0 0 0 0 0 0 0 0 0 0 0 0 0 0 0 0 0 0 0 0 0 0 0 0 0 0 0 0 0
##$SHL_EXPANDCF6= (0..143)
0 0 0 0 0 0 0 0 0 0 0 0 0 0 0 0 0 0 0 0 0 0 0 0 0 0 0 0 0 0 0 0 0 0 0 0
0 0 0 0 0 0 0 0 0 0 0 0 0 0 0 0 0 0 0 0 0 0 0 0 0 0 0 0 0 0 0 0 0 0 0 0
0 0 0 0 0 0 0 0 0 0 0 0 0 0 0 0 0 0 0 0 0 0 0 0 0 0 0 0 0 0 0 0 0 0 0 0
0 0 0 0 0 0 0 0 0 0 0 0 0 0 0 0 0 0 0 0 0 0 0 0 0 0 0 0 0 0 0 0 0 0 0 0
##$SHL_EXPANDCF7= (0..143)
0 0 0 0 0 0 0 0 0 0 0 0 0 0 0 0 0 0 0 0 0 0 0 0 0 0 0 0 0 0 0 0 0 0 0 0
0 0 0 0 0 0 0 0 0 0 0 0 0 0 0 0 0 0 0 0 0 0 0 0 0 0 0 0 0 0 0 0 0 0 0 0
0 0 0 0 0 0 0 0 0 0 0 0 0 0 0 0 0 0 0 0 0 0 0 0 0 0 0 0 0 0 0 0 0 0 0 0
0 0 0 0 0 0 0 0 0 0 0 0 0 0 0 0 0 0 0 0 0 0 0 0 0 0 0 0 0 0 0 0 0 0 0 0
##$SHL_EXPANDCF8= (0..143)
0 0 0 0 0 0 0 0 0 0 0 0 0 0 0 0 0 0 0 0 0 0 0 0 0 0 0 0 0 0 0 0 0 0 0 0
0 0 0 0 0 0 0 0 0 0 0 0 0 0 0 0 0 0 0 0 0 0 0 0 0 0 0 0 0 0 0 0 0 0 0 0
0 0 0 0 0 0 0 0 0 0 0 0 0 0 0 0 0 0 0 0 0 0 0 0 0 0 0 0 0 0 0 0 0 0 0 0
0 0 0 0 0 0 0 0 0 0 0 0 0 0 0 0 0 0 0 0 0 0 0 0 0 0 0 0 0 0 0 0 0 0 0 0
##$SHL_EXPANDCF9= (0..143)
0 0 0 0 0 0 0 0 0 0 0 0 0 0 0 0 0 0 0 0 0 0 0 0 0 0 0 0 0 0 0 0 0 0 0 0
0 0 0 0 0 0 0 0 0 0 0 0 0 0 0 0 0 0 0 0 0 0 0 0 0 0 0 0 0 0 0 0 0 0 0 0
0 0 0 0 0 0 0 0 0 0 0 0 0 0 0 0 0 0 0 0 0 0 0 0 0 0 0 0 0 0 0 0 0 0 0 0
0 0 0 0 0 0 0 0 0 0 0 0 0 0 0 0 0 0 0 0 0 0 0 0 0 0 0 0 0 0 0 0 0 0 0 0
##$SHL_EXPFAC= (0..15)
0 0 0 0 0 0 0 0 0 0 0 0 0 0 0 0
##$SHL_FRACEND= (0..15)
0 0 0 0 0 0 0 0 0 0 0 0 0 0 0 0
##$SHL_FRACORG= (0..15)
0 0 0 0 0 0 0 0 0 0 0 0 0 0 0 0
##$SHL_FRACSTART= (0..15)
0 0 0 0 0 0 0 0 0 0 0 0 0 0 0 0
##$SHL_FULLHALF= (0..15)
0 0 0 0 0 0 0 0 0 0 0 0 0 0 0 0
##$SHL_FUNCAMP= (0..15)
100 0 0 0 0 0 0 0 0 0 0 0 0 0 0 0
##$SHL_FUNCTION= (0..15)
<Rectangle> <> <> <> <> <> <> <> <> <> <> <> <> <> <> <>
##$SHL_GCO= (0..15)
<> <> <> <> <> <> <> <> <> <> <> <> <> <> <> <>
##$SHL_GCOCOEFFS0= (0..59)
0 0 0 0 0 0 0 0 0 0 0 0 0 0 0 0 0 0 0 0 0 0 0 0 0 0 0 0 0 0 0 0 0 0 0 0
0 0 0 0 0 0 0 0 0 0 0 0 0 0 0 0 0 0 0 0 0 0 0 0
##$SHL_GCOCOEFFS1= (0..59)
0 0 0 0 0 0 0 0 0 0 0 0 0 0 0 0 0 0 0 0 0 0 0 0 0 0 0 0 0 0 0 0 0 0 0 0
0 0 0 0 0 0 0 0 0 0 0 0 0 0 0 0 0 0 0 0 0 0 0 0
##$SHL_GCOCOEFFS10= (0..59)
0 0 0 0 0 0 0 0 0 0 0 0 0 0 0 0 0 0 0 0 0 0 0 0 0 0 0 0 0 0 0 0 0 0 0 0
0 0 0 0 0 0 0 0 0 0 0 0 0 0 0 0 0 0 0 0 0 0 0 0
##$SHL_GCOCOEFFS11= (0..59)
0 0 0 0 0 0 0 0 0 0 0 0 0 0 0 0 0 0 0 0 0 0 0 0 0 0 0 0 0 0 0 0 0 0 0 0
0 0 0 0 0 0 0 0 0 0 0 0 0 0 0 0 0 0 0 0 0 0 0 0
##$SHL_GCOCOEFFS12= (0..59)
0 0 0 0 0 0 0 0 0 0 0 0 0 0 0 0 0 0 0 0 0 0 0 0 0 0 0 0 0 0 0 0 0 0 0 0
0 0 0 0 0 0 0 0 0 0 0 0 0 0 0 0 0 0 0 0 0 0 0 0
##$SHL_GCOCOEFFS13= (0..59)
0 0 0 0 0 0 0 0 0 0 0 0 0 0 0 0 0 0 0 0 0 0 0 0 0 0 0 0 0 0 0 0 0 0 0 0
0 0 0 0 0 0 0 0 0 0 0 0 0 0 0 0 0 0 0 0 0 0 0 0
##$SHL_GCOCOEFFS14= (0..59)
0 0 0 0 0 0 0 0 0 0 0 0 0 0 0 0 0 0 0 0 0 0 0 0 0 0 0 0 0 0 0 0 0 0 0 0
0 0 0 0 0 0 0 0 0 0 0 0 0 0 0 0 0 0 0 0 0 0 0 0
##$SHL_GCOCOEFFS15= (0..59)
0 0 0 0 0 0 0 0 0 0 0 0 0 0 0 0 0 0 0 0 0 0 0 0 0 0 0 0 0 0 0 0 0 0 0 0
0 0 0 0 0 0 0 0 0 0 0 0 0 0 0 0 0 0 0 0 0 0 0 0
##$SHL_GCOCOEFFS2= (0..59)
0 0 0 0 0 0 0 0 0 0 0 0 0 0 0 0 0 0 0 0 0 0 0 0 0 0 0 0 0 0 0 0 0 0 0 0
0 0 0 0 0 0 0 0 0 0 0 0 0 0 0 0 0 0 0 0 0 0 0 0
##$SHL_GCOCOEFFS3= (0..59)
0 0 0 0 0 0 0 0 0 0 0 0 0 0 0 0 0 0 0 0 0 0 0 0 0 0 0 0 0 0 0 0 0 0 0 0
0 0 0 0 0 0 0 0 0 0 0 0 0 0 0 0 0 0 0 0 0 0 0 0
##$SHL_GCOCOEFFS4= (0..59)
0 0 0 0 0 0 0 0 0 0 0 0 0 0 0 0 0 0 0 0 0 0 0 0 0 0 0 0 0 0 0 0 0 0 0 0
0 0 0 0 0 0 0 0 0 0 0 0 0 0 0 0 0 0 0 0 0 0 0 0
##$SHL_GCOCOEFFS5= (0..59)
0 0 0 0 0 0 0 0 0 0 0 0 0 0 0 0 0 0 0 0 0 0 0 0 0 0 0 0 0 0 0 0 0 0 0 0
0 0 0 0 0 0 0 0 0 0 0 0 0 0 0 0 0 0 0 0 0 0 0 0
##$SHL_GCOCOEFFS6= (0..59)
0 0 0 0 0 0 0 0 0 0 0 0 0 0 0 0 0 0 0 0 0 0 0 0 0 0 0 0 0 0 0 0 0 0 0 0
0 0 0 0 0 0 0 0 0 0 0 0 0 0 0 0 0 0 0 0 0 0 0 0
##$SHL_GCOCOEFFS7= (0..59)
0 0 0 0 0 0 0 0 0 0 0 0 0 0 0 0 0 0 0 0 0 0 0 0 0 0 0 0 0 0 0 0 0 0 0 0
0 0 0 0 0 0 0 0 0 0 0 0 0 0 0 0 0 0 0 0 0 0 0 0
##$SHL_GCOCOEFFS8= (0..59)
0 0 0 0 0 0 0 0 0 0 0 0 0 0 0 0 0 0 0 0 0 0 0 0 0 0 0 0 0 0 0 0 0 0 0 0
0 0 0 0 0 0 0 0 0 0 0 0 0 0 0 0 0 0 0 0 0 0 0 0
##$SHL_GCOCOEFFS9= (0..59)
0 0 0 0 0 0 0 0 0 0 0 0 0 0 0 0 0 0 0 0 0 0 0 0 0 0 0 0 0 0 0 0 0 0 0 0
0 0 0 0 0 0 0 0 0 0 0 0 0 0 0 0 0 0 0 0 0 0 0 0
##$SHL_INTEGFAC= (0..15)
1 0 0 0 0 0 0 0 0 0 0 0 0 0 0 0
##$SHL_LB= (0..15)
0 0 0 0 0 0 0 0 0 0 0 0 0 0 0 0
##$SHL_LEFTLIMIT= (0..15)
0 0 0 0 0 0 0 0 0 0 0 0 0 0 0 0
##$SHL_LENGTH= (0..15)
100000.00149 0 0 0 0 0 0 0 0 0 0 0 0 0 0 0
##$SHL_MAN= (0..15)
<> <> <> <> <> <> <> <> <> <> <> <> <> <> <> <>
##$SHL_MEANAMP= (0..15)
0 0 0 0 0 0 0 0 0 0 0 0 0 0 0 0
##$SHL_MODAMP= (0..15)
0 0 0 0 0 0 0 0 0 0 0 0 0 0 0 0
##$SHL_MODE= (0..15)
0 0 0 0 0 0 0 0 0 0 0 0 0 0 0 0
##$SHL_MODFREQ= (0..15)
0 0 0 0 0 0 0 0 0 0 0 0 0 0 0 0
##$SHL_MODPHASE= (0..15)
0 0 0 0 0 0 0 0 0 0 0 0 0 0 0 0
##$SHL_MODSCALE= (0..15)
0 0 0 0 0 0 0 0 0 0 0 0 0 0 0 0
##$SHL_MODSW= (0..15)
0 0 0 0 0 0 0 0 0 0 0 0 0 0 0 0
##$SHL_MODSWDIR= (0..15)
-1 -1 -1 -1 -1 -1 -1 -1 -1 -1 -1 -1 -1 -1 -1 -1
##$SHL_MU= (0..15)
0 0 0 0 0 0 0 0 0 0 0 0 0 0 0 0
##$SHL_NPOINTS= (0..15)
1000 0 0 0 0 0 0 0 0 0 0 0 0 0 0 0
##$SHL_OFFS= (0..15)
<> <> <> <> <> <> <> <> <> <> <> <> <> <> <> <>
##$SHL_OFFSCOEFF0= (0..95)
0 0 0 0 0 0 0 0 0 0 0 0 0 0 0 0 0 0 0 0 0 0 0 0 0 0 0 0 0 0 0 0 0 0 0 0
0 0 0 0 0 0 0 0 0 0 0 0 0 0 0 0 0 0 0 0 0 0 0 0 0 0 0 0 0 0 0 0 0 0 0 0
0 0 0 0 0 0 0 0 0 0 0 0 0 0 0 0 0 0 0 0 0 0 0 0
##$SHL_OFFSCOEFF1= (0..95)
0 0 0 0 0 0 0 0 0 0 0 0 0 0 0 0 0 0 0 0 0 0 0 0 0 0 0 0 0 0 0 0 0 0 0 0
0 0 0 0 0 0 0 0 0 0 0 0 0 0 0 0 0 0 0 0 0 0 0 0 0 0 0 0 0 0 0 0 0 0 0 0
0 0 0 0 0 0 0 0 0 0 0 0 0 0 0 0 0 0 0 0 0 0 0 0
##$SHL_OFFSCOEFF10= (0..95)
0 0 0 0 0 0 0 0 0 0 0 0 0 0 0 0 0 0 0 0 0 0 0 0 0 0 0 0 0 0 0 0 0 0 0 0
0 0 0 0 0 0 0 0 0 0 0 0 0 0 0 0 0 0 0 0 0 0 0 0 0 0 0 0 0 0 0 0 0 0 0 0
0 0 0 0 0 0 0 0 0 0 0 0 0 0 0 0 0 0 0 0 0 0 0 0
##$SHL_OFFSCOEFF11= (0..95)
0 0 0 0 0 0 0 0 0 0 0 0 0 0 0 0 0 0 0 0 0 0 0 0 0 0 0 0 0 0 0 0 0 0 0 0
0 0 0 0 0 0 0 0 0 0 0 0 0 0 0 0 0 0 0 0 0 0 0 0 0 0 0 0 0 0 0 0 0 0 0 0
0 0 0 0 0 0 0 0 0 0 0 0 0 0 0 0 0 0 0 0 0 0 0 0
##$SHL_OFFSCOEFF12= (0..95)
0 0 0 0 0 0 0 0 0 0 0 0 0 0 0 0 0 0 0 0 0 0 0 0 0 0 0 0 0 0 0 0 0 0 0 0
0 0 0 0 0 0 0 0 0 0 0 0 0 0 0 0 0 0 0 0 0 0 0 0 0 0 0 0 0 0 0 0 0 0 0 0
0 0 0 0 0 0 0 0 0 0 0 0 0 0 0 0 0 0 0 0 0 0 0 0
##$SHL_OFFSCOEFF13= (0..95)
0 0 0 0 0 0 0 0 0 0 0 0 0 0 0 0 0 0 0 0 0 0 0 0 0 0 0 0 0 0 0 0 0 0 0 0
0 0 0 0 0 0 0 0 0 0 0 0 0 0 0 0 0 0 0 0 0 0 0 0 0 0 0 0 0 0 0 0 0 0 0 0
0 0 0 0 0 0 0 0 0 0 0 0 0 0 0 0 0 0 0 0 0 0 0 0
##$SHL_OFFSCOEFF14= (0..95)
0 0 0 0 0 0 0 0 0 0 0 0 0 0 0 0 0 0 0 0 0 0 0 0 0 0 0 0 0 0 0 0 0 0 0 0
0 0 0 0 0 0 0 0 0 0 0 0 0 0 0 0 0 0 0 0 0 0 0 0 0 0 0 0 0 0 0 0 0 0 0 0
0 0 0 0 0 0 0 0 0 0 0 0 0 0 0 0 0 0 0 0 0 0 0 0
##$SHL_OFFSCOEFF15= (0..95)
0 0 0 0 0 0 0 0 0 0 0 0 0 0 0 0 0 0 0 0 0 0 0 0 0 0 0 0 0 0 0 0 0 0 0 0
0 0 0 0 0 0 0 0 0 0 0 0 0 0 0 0 0 0 0 0 0 0 0 0 0 0 0 0 0 0 0 0 0 0 0 0
0 0 0 0 0 0 0 0 0 0 0 0 0 0 0 0 0 0 0 0 0 0 0 0
##$SHL_OFFSCOEFF2= (0..95)
0 0 0 0 0 0 0 0 0 0 0 0 0 0 0 0 0 0 0 0 0 0 0 0 0 0 0 0 0 0 0 0 0 0 0 0
0 0 0 0 0 0 0 0 0 0 0 0 0 0 0 0 0 0 0 0 0 0 0 0 0 0 0 0 0 0 0 0 0 0 0 0
0 0 0 0 0 0 0 0 0 0 0 0 0 0 0 0 0 0 0 0 0 0 0 0
##$SHL_OFFSCOEFF3= (0..95)
0 0 0 0 0 0 0 0 0 0 0 0 0 0 0 0 0 0 0 0 0 0 0 0 0 0 0 0 0 0 0 0 0 0 0 0
0 0 0 0 0 0 0 0 0 0 0 0 0 0 0 0 0 0 0 0 0 0 0 0 0 0 0 0 0 0 0 0 0 0 0 0
0 0 0 0 0 0 0 0 0 0 0 0 0 0 0 0 0 0 0 0 0 0 0 0
##$SHL_OFFSCOEFF4= (0..95)
0 0 0 0 0 0 0 0 0 0 0 0 0 0 0 0 0 0 0 0 0 0 0 0 0 0 0 0 0 0 0 0 0 0 0 0
0 0 0 0 0 0 0 0 0 0 0 0 0 0 0 0 0 0 0 0 0 0 0 0 0 0 0 0 0 0 0 0 0 0 0 0
0 0 0 0 0 0 0 0 0 0 0 0 0 0 0 0 0 0 0 0 0 0 0 0
##$SHL_OFFSCOEFF5= (0..95)
0 0 0 0 0 0 0 0 0 0 0 0 0 0 0 0 0 0 0 0 0 0 0 0 0 0 0 0 0 0 0 0 0 0 0 0
0 0 0 0 0 0 0 0 0 0 0 0 0 0 0 0 0 0 0 0 0 0 0 0 0 0 0 0 0 0 0 0 0 0 0 0
0 0 0 0 0 0 0 0 0 0 0 0 0 0 0 0 0 0 0 0 0 0 0 0
##$SHL_OFFSCOEFF6= (0..95)
0 0 0 0 0 0 0 0 0 0 0 0 0 0 0 0 0 0 0 0 0 0 0 0 0 0 0 0 0 0 0 0 0 0 0 0
0 0 0 0 0 0 0 0 0 0 0 0 0 0 0 0 0 0 0 0 0 0 0 0 0 0 0 0 0 0 0 0 0 0 0 0
0 0 0 0 0 0 0 0 0 0 0 0 0 0 0 0 0 0 0 0 0 0 0 0
##$SHL_OFFSCOEFF7= (0..95)
0 0 0 0 0 0 0 0 0 0 0 0 0 0 0 0 0 0 0 0 0 0 0 0 0 0 0 0 0 0 0 0 0 0 0 0
0 0 0 0 0 0 0 0 0 0 0 0 0 0 0 0 0 0 0 0 0 0 0 0 0 0 0 0 0 0 0 0 0 0 0 0
0 0 0 0 0 0 0 0 0 0 0 0 0 0 0 0 0 0 0 0 0 0 0 0
##$SHL_OFFSCOEFF8= (0..95)
0 0 0 0 0 0 0 0 0 0 0 0 0 0 0 0 0 0 0 0 0 0 0 0 0 0 0 0 0 0 0 0 0 0 0 0
0 0 0 0 0 0 0 0 0 0 0 0 0 0 0 0 0 0 0 0 0 0 0 0 0 0 0 0 0 0 0 0 0 0 0 0
0 0 0 0 0 0 0 0 0 0 0 0 0 0 0 0 0 0 0 0 0 0 0 0
##$SHL_OFFSCOEFF9= (0..95)
0 0 0 0 0 0 0 0 0 0 0 0 0 0 0 0 0 0 0 0 0 0 0 0 0 0 0 0 0 0 0 0 0 0 0 0
0 0 0 0 0 0 0 0 0 0 0 0 0 0 0 0 0 0 0 0 0 0 0 0 0 0 0 0 0 0 0 0 0 0 0 0
0 0 0 0 0 0 0 0 0 0 0 0 0 0 0 0 0 0 0 0 0 0 0 0
##$SHL_PHASE= (0..15)
0 0 0 0 0 0 0 0 0 0 0 0 0 0 0 0
##$SHL_PHASEFAC= (0..15)
0 0 0 0 0 0 0 0 0 0 0 0 0 0 0 0
##$SHL_POWERINDEX= (0..15)
0 0 0 0 0 0 0 0 0 0 0 0 0 0 0 0
##$SHL_QUADCOEFF= (0..15)
0 0 0 0 0 0 0 0 0 0 0 0 0 0 0 0
##$SHL_RIGHTLIMIT= (0..15)
0 0 0 0 0 0 0 0 0 0 0 0 0 0 0 0
##$SHL_SCALEFACTOR= (0..15)
1 1 1 1 1 1 1 1 1 1 1 1 1 1 1 1
##$SHL_SF= (0..15)
<> <> <> <> <> <> <> <> <> <> <> <> <> <> <> <>
##$SHL_SFCOEFFS0= (0..200)
0 0 0 0 0 0 0 0 0 0 0 0 0 0 0 0 0 0 0 0 0 0 0 0 0 0 0 0 0 0 0 0 0 0 0 0
0 0 0 0 0 0 0 0 0 0 0 0 0 0 0 0 0 0 0 0 0 0 0 0 0 0 0 0 0 0 0 0 0 0 0 0
0 0 0 0 0 0 0 0 0 0 0 0 0 0 0 0 0 0 0 0 0 0 0 0 0 0 0 0 0 0 0 0 0 0 0 0
0 0 0 0 0 0 0 0 0 0 0 0 0 0 0 0 0 0 0 0 0 0 0 0 0 0 0 0 0 0 0 0 0 0 0 0
0 0 0 0 0 0 0 0 0 0 0 0 0 0 0 0 0 0 0 0 0 0 0 0 0 0 0 0 0 0 0 0 0 0 0 0
0 0 0 0 0 0 0 0 0 0 0 0 0 0 0 0 0 0 0 0 0
##$SHL_SFCOEFFS1= (0..200)
0 0 0 0 0 0 0 0 0 0 0 0 0 0 0 0 0 0 0 0 0 0 0 0 0 0 0 0 0 0 0 0 0 0 0 0
0 0 0 0 0 0 0 0 0 0 0 0 0 0 0 0 0 0 0 0 0 0 0 0 0 0 0 0 0 0 0 0 0 0 0 0
0 0 0 0 0 0 0 0 0 0 0 0 0 0 0 0 0 0 0 0 0 0 0 0 0 0 0 0 0 0 0 0 0 0 0 0
0 0 0 0 0 0 0 0 0 0 0 0 0 0 0 0 0 0 0 0 0 0 0 0 0 0 0 0 0 0 0 0 0 0 0 0
0 0 0 0 0 0 0 0 0 0 0 0 0 0 0 0 0 0 0 0 0 0 0 0 0 0 0 0 0 0 0 0 0 0 0 0
0 0 0 0 0 0 0 0 0 0 0 0 0 0 0 0 0 0 0 0 0
##$SHL_SFCOEFFS10= (0..200)
0 0 0 0 0 0 0 0 0 0 0 0 0 0 0 0 0 0 0 0 0 0 0 0 0 0 0 0 0 0 0 0 0 0 0 0
0 0 0 0 0 0 0 0 0 0 0 0 0 0 0 0 0 0 0 0 0 0 0 0 0 0 0 0 0 0 0 0 0 0 0 0
0 0 0 0 0 0 0 0 0 0 0 0 0 0 0 0 0 0 0 0 0 0 0 0 0 0 0 0 0 0 0 0 0 0 0 0
0 0 0 0 0 0 0 0 0 0 0 0 0 0 0 0 0 0 0 0 0 0 0 0 0 0 0 0 0 0 0 0 0 0 0 0
0 0 0 0 0 0 0 0 0 0 0 0 0 0 0 0 0 0 0 0 0 0 0 0 0 0 0 0 0 0 0 0 0 0 0 0
0 0 0 0 0 0 0 0 0 0 0 0 0 0 0 0 0 0 0 0 0
##$SHL_SFCOEFFS11= (0..200)
0 0 0 0 0 0 0 0 0 0 0 0 0 0 0 0 0 0 0 0 0 0 0 0 0 0 0 0 0 0 0 0 0 0 0 0
0 0 0 0 0 0 0 0 0 0 0 0 0 0 0 0 0 0 0 0 0 0 0 0 0 0 0 0 0 0 0 0 0 0 0 0
0 0 0 0 0 0 0 0 0 0 0 0 0 0 0 0 0 0 0 0 0 0 0 0 0 0 0 0 0 0 0 0 0 0 0 0
0 0 0 0 0 0 0 0 0 0 0 0 0 0 0 0 0 0 0 0 0 0 0 0 0 0 0 0 0 0 0 0 0 0 0 0
0 0 0 0 0 0 0 0 0 0 0 0 0 0 0 0 0 0 0 0 0 0 0 0 0 0 0 0 0 0 0 0 0 0 0 0
0 0 0 0 0 0 0 0 0 0 0 0 0 0 0 0 0 0 0 0 0
##$SHL_SFCOEFFS12= (0..200)
0 0 0 0 0 0 0 0 0 0 0 0 0 0 0 0 0 0 0 0 0 0 0 0 0 0 0 0 0 0 0 0 0 0 0 0
0 0 0 0 0 0 0 0 0 0 0 0 0 0 0 0 0 0 0 0 0 0 0 0 0 0 0 0 0 0 0 0 0 0 0 0
0 0 0 0 0 0 0 0 0 0 0 0 0 0 0 0 0 0 0 0 0 0 0 0 0 0 0 0 0 0 0 0 0 0 0 0
0 0 0 0 0 0 0 0 0 0 0 0 0 0 0 0 0 0 0 0 0 0 0 0 0 0 0 0 0 0 0 0 0 0 0 0
0 0 0 0 0 0 0 0 0 0 0 0 0 0 0 0 0 0 0 0 0 0 0 0 0 0 0 0 0 0 0 0 0 0 0 0
0 0 0 0 0 0 0 0 0 0 0 0 0 0 0 0 0 0 0 0 0
##$SHL_SFCOEFFS13= (0..200)
0 0 0 0 0 0 0 0 0 0 0 0 0 0 0 0 0 0 0 0 0 0 0 0 0 0 0 0 0 0 0 0 0 0 0 0
0 0 0 0 0 0 0 0 0 0 0 0 0 0 0 0 0 0 0 0 0 0 0 0 0 0 0 0 0 0 0 0 0 0 0 0
0 0 0 0 0 0 0 0 0 0 0 0 0 0 0 0 0 0 0 0 0 0 0 0 0 0 0 0 0 0 0 0 0 0 0 0
0 0 0 0 0 0 0 0 0 0 0 0 0 0 0 0 0 0 0 0 0 0 0 0 0 0 0 0 0 0 0 0 0 0 0 0
0 0 0 0 0 0 0 0 0 0 0 0 0 0 0 0 0 0 0 0 0 0 0 0 0 0 0 0 0 0 0 0 0 0 0 0
0 0 0 0 0 0 0 0 0 0 0 0 0 0 0 0 0 0 0 0 0
##$SHL_SFCOEFFS14= (0..200)
0 0 0 0 0 0 0 0 0 0 0 0 0 0 0 0 0 0 0 0 0 0 0 0 0 0 0 0 0 0 0 0 0 0 0 0
0 0 0 0 0 0 0 0 0 0 0 0 0 0 0 0 0 0 0 0 0 0 0 0 0 0 0 0 0 0 0 0 0 0 0 0
0 0 0 0 0 0 0 0 0 0 0 0 0 0 0 0 0 0 0 0 0 0 0 0 0 0 0 0 0 0 0 0 0 0 0 0
0 0 0 0 0 0 0 0 0 0 0 0 0 0 0 0 0 0 0 0 0 0 0 0 0 0 0 0 0 0 0 0 0 0 0 0
0 0 0 0 0 0 0 0 0 0 0 0 0 0 0 0 0 0 0 0 0 0 0 0 0 0 0 0 0 0 0 0 0 0 0 0
0 0 0 0 0 0 0 0 0 0 0 0 0 0 0 0 0 0 0 0 0
##$SHL_SFCOEFFS15= (0..200)
0 0 0 0 0 0 0 0 0 0 0 0 0 0 0 0 0 0 0 0 0 0 0 0 0 0 0 0 0 0 0 0 0 0 0 0
0 0 0 0 0 0 0 0 0 0 0 0 0 0 0 0 0 0 0 0 0 0 0 0 0 0 0 0 0 0 0 0 0 0 0 0
0 0 0 0 0 0 0 0 0 0 0 0 0 0 0 0 0 0 0 0 0 0 0 0 0 0 0 0 0 0 0 0 0 0 0 0
0 0 0 0 0 0 0 0 0 0 0 0 0 0 0 0 0 0 0 0 0 0 0 0 0 0 0 0 0 0 0 0 0 0 0 0
0 0 0 0 0 0 0 0 0 0 0 0 0 0 0 0 0 0 0 0 0 0 0 0 0 0 0 0 0 0 0 0 0 0 0 0
0 0 0 0 0 0 0 0 0 0 0 0 0 0 0 0 0 0 0 0 0
##$SHL_SFCOEFFS2= (0..200)
0 0 0 0 0 0 0 0 0 0 0 0 0 0 0 0 0 0 0 0 0 0 0 0 0 0 0 0 0 0 0 0 0 0 0 0
0 0 0 0 0 0 0 0 0 0 0 0 0 0 0 0 0 0 0 0 0 0 0 0 0 0 0 0 0 0 0 0 0 0 0 0
0 0 0 0 0 0 0 0 0 0 0 0 0 0 0 0 0 0 0 0 0 0 0 0 0 0 0 0 0 0 0 0 0 0 0 0
0 0 0 0 0 0 0 0 0 0 0 0 0 0 0 0 0 0 0 0 0 0 0 0 0 0 0 0 0 0 0 0 0 0 0 0
0 0 0 0 0 0 0 0 0 0 0 0 0 0 0 0 0 0 0 0 0 0 0 0 0 0 0 0 0 0 0 0 0 0 0 0
0 0 0 0 0 0 0 0 0 0 0 0 0 0 0 0 0 0 0 0 0
##$SHL_SFCOEFFS3= (0..200)
0 0 0 0 0 0 0 0 0 0 0 0 0 0 0 0 0 0 0 0 0 0 0 0 0 0 0 0 0 0 0 0 0 0 0 0
0 0 0 0 0 0 0 0 0 0 0 0 0 0 0 0 0 0 0 0 0 0 0 0 0 0 0 0 0 0 0 0 0 0 0 0
0 0 0 0 0 0 0 0 0 0 0 0 0 0 0 0 0 0 0 0 0 0 0 0 0 0 0 0 0 0 0 0 0 0 0 0
0 0 0 0 0 0 0 0 0 0 0 0 0 0 0 0 0 0 0 0 0 0 0 0 0 0 0 0 0 0 0 0 0 0 0 0
0 0 0 0 0 0 0 0 0 0 0 0 0 0 0 0 0 0 0 0 0 0 0 0 0 0 0 0 0 0 0 0 0 0 0 0
0 0 0 0 0 0 0 0 0 0 0 0 0 0 0 0 0 0 0 0 0
##$SHL_SFCOEFFS4= (0..200)
0 0 0 0 0 0 0 0 0 0 0 0 0 0 0 0 0 0 0 0 0 0 0 0 0 0 0 0 0 0 0 0 0 0 0 0
0 0 0 0 0 0 0 0 0 0 0 0 0 0 0 0 0 0 0 0 0 0 0 0 0 0 0 0 0 0 0 0 0 0 0 0
0 0 0 0 0 0 0 0 0 0 0 0 0 0 0 0 0 0 0 0 0 0 0 0 0 0 0 0 0 0 0 0 0 0 0 0
0 0 0 0 0 0 0 0 0 0 0 0 0 0 0 0 0 0 0 0 0 0 0 0 0 0 0 0 0 0 0 0 0 0 0 0
0 0 0 0 0 0 0 0 0 0 0 0 0 0 0 0 0 0 0 0 0 0 0 0 0 0 0 0 0 0 0 0 0 0 0 0
0 0 0 0 0 0 0 0 0 0 0 0 0 0 0 0 0 0 0 0 0
##$SHL_SFCOEFFS5= (0..200)
0 0 0 0 0 0 0 0 0 0 0 0 0 0 0 0 0 0 0 0 0 0 0 0 0 0 0 0 0 0 0 0 0 0 0 0
0 0 0 0 0 0 0 0 0 0 0 0 0 0 0 0 0 0 0 0 0 0 0 0 0 0 0 0 0 0 0 0 0 0 0 0
0 0 0 0 0 0 0 0 0 0 0 0 0 0 0 0 0 0 0 0 0 0 0 0 0 0 0 0 0 0 0 0 0 0 0 0
0 0 0 0 0 0 0 0 0 0 0 0 0 0 0 0 0 0 0 0 0 0 0 0 0 0 0 0 0 0 0 0 0 0 0 0
0 0 0 0 0 0 0 0 0 0 0 0 0 0 0 0 0 0 0 0 0 0 0 0 0 0 0 0 0 0 0 0 0 0 0 0
0 0 0 0 0 0 0 0 0 0 0 0 0 0 0 0 0 0 0 0 0
##$SHL_SFCOEFFS6= (0..200)
0 0 0 0 0 0 0 0 0 0 0 0 0 0 0 0 0 0 0 0 0 0 0 0 0 0 0 0 0 0 0 0 0 0 0 0
0 0 0 0 0 0 0 0 0 0 0 0 0 0 0 0 0 0 0 0 0 0 0 0 0 0 0 0 0 0 0 0 0 0 0 0
0 0 0 0 0 0 0 0 0 0 0 0 0 0 0 0 0 0 0 0 0 0 0 0 0 0 0 0 0 0 0 0 0 0 0 0
0 0 0 0 0 0 0 0 0 0 0 0 0 0 0 0 0 0 0 0 0 0 0 0 0 0 0 0 0 0 0 0 0 0 0 0
0 0 0 0 0 0 0 0 0 0 0 0 0 0 0 0 0 0 0 0 0 0 0 0 0 0 0 0 0 0 0 0 0 0 0 0
0 0 0 0 0 0 0 0 0 0 0 0 0 0 0 0 0 0 0 0 0
##$SHL_SFCOEFFS7= (0..200)
0 0 0 0 0 0 0 0 0 0 0 0 0 0 0 0 0 0 0 0 0 0 0 0 0 0 0 0 0 0 0 0 0 0 0 0
0 0 0 0 0 0 0 0 0 0 0 0 0 0 0 0 0 0 0 0 0 0 0 0 0 0 0 0 0 0 0 0 0 0 0 0
0 0 0 0 0 0 0 0 0 0 0 0 0 0 0 0 0 0 0 0 0 0 0 0 0 0 0 0 0 0 0 0 0 0 0 0
0 0 0 0 0 0 0 0 0 0 0 0 0 0 0 0 0 0 0 0 0 0 0 0 0 0 0 0 0 0 0 0 0 0 0 0
0 0 0 0 0 0 0 0 0 0 0 0 0 0 0 0 0 0 0 0 0 0 0 0 0 0 0 0 0 0 0 0 0 0 0 0
0 0 0 0 0 0 0 0 0 0 0 0 0 0 0 0 0 0 0 0 0
##$SHL_SFCOEFFS8= (0..200)
0 0 0 0 0 0 0 0 0 0 0 0 0 0 0 0 0 0 0 0 0 0 0 0 0 0 0 0 0 0 0 0 0 0 0 0
0 0 0 0 0 0 0 0 0 0 0 0 0 0 0 0 0 0 0 0 0 0 0 0 0 0 0 0 0 0 0 0 0 0 0 0
0 0 0 0 0 0 0 0 0 0 0 0 0 0 0 0 0 0 0 0 0 0 0 0 0 0 0 0 0 0 0 0 0 0 0 0
0 0 0 0 0 0 0 0 0 0 0 0 0 0 0 0 0 0 0 0 0 0 0 0 0 0 0 0 0 0 0 0 0 0 0 0
0 0 0 0 0 0 0 0 0 0 0 0 0 0 0 0 0 0 0 0 0 0 0 0 0 0 0 0 0 0 0 0 0 0 0 0
0 0 0 0 0 0 0 0 0 0 0 0 0 0 0 0 0 0 0 0 0
##$SHL_SFCOEFFS9= (0..200)
0 0 0 0 0 0 0 0 0 0 0 0 0 0 0 0 0 0 0 0 0 0 0 0 0 0 0 0 0 0 0 0 0 0 0 0
0 0 0 0 0 0 0 0 0 0 0 0 0 0 0 0 0 0 0 0 0 0 0 0 0 0 0 0 0 0 0 0 0 0 0 0
0 0 0 0 0 0 0 0 0 0 0 0 0 0 0 0 0 0 0 0 0 0 0 0 0 0 0 0 0 0 0 0 0 0 0 0
0 0 0 0 0 0 0 0 0 0 0 0 0 0 0 0 0 0 0 0 0 0 0 0 0 0 0 0 0 0 0 0 0 0 0 0
0 0 0 0 0 0 0 0 0 0 0 0 0 0 0 0 0 0 0 0 0 0 0 0 0 0 0 0 0 0 0 0 0 0 0 0
0 0 0 0 0 0 0 0 0 0 0 0 0 0 0 0 0 0 0 0 0
##$SHL_SMOOTHED= (0..15)
0 0 0 0 0 0 0 0 0 0 0 0 0 0 0 0
##$SHL_SMOOTHING= (0..15)
0 0 0 0 0 0 0 0 0 0 0 0 0 0 0 0
##$SHL_SPOAL= (0..15)
0 0 0 0 0 0 0 0 0 0 0 0 0 0 0 0
##$SHL_SPOFFS= (0..15)
0 0 0 0 0 0 0 0 0 0 0 0 0 0 0 0
##$SHL_SPOPH= (0..15)
0 0 0 0 0 0 0 0 0 0 0 0 0 0 0 0
##$SHL_STARTAMP= (0..15)
0 0 0 0 0 0 0 0 0 0 0 0 0 0 0 0
##$SHL_SW= (0..15)
0 0 0 0 0 0 0 0 0 0 0 0 0 0 0 0
##$SHL_SWDIR= (0..15)
-1 -1 -1 -1 -1 -1 -1 -1 -1 -1 -1 -1 -1 -1 -1 -1
##$SHL_TANKAPPA= (0..15)
0 0 0 0 0 0 0 0 0 0 0 0 0 0 0 0
##$SHL_TOTROT= (0..15)
90 0 0 0 0 0 0 0 0 0 0 0 0 0 0 0
##$SHL_TRUNCLEV= (0..15)
0 0 0 0 0 0 0 0 0 0 0 0 0 0 0 0
##$SHL_TYPE= (0..15)
<Excitation> <> <> <> <> <> <> <> <> <> <> <> <> <> <> <>
##$SHL_WINDOWSIZE= (0..15)
0 0 0 0 0 0 0 0 0 0 0 0 0 0 0 0
##$SHL_ZETA= (0..15)
0 0 0 0 0 0 0 0 0 0 0 0 0 0 0 0
##NPOINTS= 1000
##XYPOINTS= (XY..XY)
99.820503, 359.999101
34.059398, 359.999103
80.496961, 179.999104
79.729213, 179.999106
35.262727, 359.999108
99.735461, 359.999110
21.322018, 359.999112
87.638450, 179.999113
71.043545, 179.999115
47.332015, 359.999117
97.897284, 359.999119
8.209843, 359.999121
93.239443, 179.999122
61.109083, 179.999124
58.569308, 359.999126
94.338281, 359.999128
5.046644, 179.999130
97.201486, 179.999131
50.100455, 179.999133
68.777078, 359.999135
89.121014, 359.999137
18.214421, 179.999139
99.454935, 179.999140
38.211168, 179.999142
77.775893, 359.999144
82.337189, 359.999146
31.062028, 179.999148
99.960179, 179.999149
25.650210, 179.999151
85.407575, 359.999153
74.106053, 359.999155
43.363631, 179.999157
98.708336, 179.999158
12.638376, 179.999160
91.537975, 359.999162
64.572291, 359.999164
54.902994, 179.999166
95.721412, 179.999167
0.595613, 359.999169
96.059333, 359.999171
53.903487, 359.999173
65.477280, 179.999175
91.051911, 179.999176
13.819133, 359.999178
98.892173, 359.999180
42.287174, 359.999182
74.900616, 179.999184
84.781912, 179.999185
26.799742, 359.999187
99.986700, 359.999189
29.927544, 359.999191
83.007359, 179.999193
77.021628, 179.999194
39.309268, 359.999196
99.323675, 359.999198
17.041851, 359.999200
89.655010, 179.999202
67.907469, 179.999203
51.127822, 359.999205
96.914752, 359.999207
3.856599, 359.999209
94.726718, 179.999211
57.599642, 179.999212
62.047658, 359.999214
92.802276, 359.999216
9.396444, 179.999218
98.133332, 179.999220
46.279336, 179.999221
71.876830, 359.999223
87.058534, 359.999225
22.484318, 179.999227
99.814973, 179.999229
34.145538, 179.999230
80.442560, 359.999232
79.784489, 359.999234
35.176965, 179.999236
99.742080, 179.999238
21.411536, 179.999239
87.594282, 359.999241
71.108003, 359.999243
47.251276, 179.999245
97.915935, 179.999247
8.301164, 179.999248
93.206284, 359.999250
61.181591, 359.999252
58.495012, 179.999254
94.368637, 179.999256
4.955125, 359.999257
97.179919, 359.999259
50.179737, 359.999261
68.710530, 179.999263
89.162540, 179.999265
18.124313, 359.999266
99.445339, 359.999268
38.295831, 359.999270
77.718263, 179.999272
82.389157, 179.999274
30.974915, 359.999275
99.962722, 359.999277
25.738767, 359.999279
85.359877, 179.999281
74.167548, 179.999283
43.281043, 359.999284
98.722975, 359.999286
12.729269, 359.999288
91.501046, 179.999290
64.642233, 179.999292
54.826384, 359.999293
95.747889, 359.999295
0.503981, 179.999297
96.033822, 179.999299
53.980645, 179.999301
65.407994, 359.999302
91.089760, 359.999304
13.728373, 179.999306
98.878529, 179.999308
42.370194, 179.999310
74.839872, 359.999311
84.830468, 359.999313
26.711449, 179.999315
99.985164, 179.999317
30.014964, 179.999319
82.956224, 359.999320
77.080038, 359.999322
39.224995, 179.999324
99.334273, 179.999326
17.132136, 179.999328
89.614384, 359.999329
67.974706, 359.999331
51.049050, 179.999333
96.937298, 179.999335
3.948162, 179.999337
94.697315, 359.999338
57.674523, 359.999340
61.975771, 179.999342
92.836372, 179.999344
9.305212, 359.999346
98.115669, 359.999347
46.360546, 359.999349
71.813091, 179.999351
87.103582, 179.999353
22.395021, 359.999355
99.809360, 359.999356
34.231650, 359.999358
80.388091, 179.999360
79.839697, 179.999362
35.091174, 359.999364
99.748615, 359.999365
21.501035, 359.999367
87.550040, 179.999369
71.172402, 179.999371
47.170498, 359.999373
97.934504, 359.999374
8.392477, 359.999376
93.173046, 179.999378
61.254047, 179.999380
58.420666, 359.999382
94.398913, 359.999383
4.863602, 179.999385
97.158270, 179.999387
50.258978, 179.999389
68.643924, 359.999391
89.203992, 359.999392
18.034190, 179.999394
99.435659, 179.999396
38.380463, 179.999398
77.660568, 359.999400
82.441055, 359.999401
30.887775, 179.999403
99.965182, 179.999405
25.827302, 179.999407
85.312106, 359.999409
74.228981, 359.999410
43.198419, 179.999412
98.737531, 179.999414
12.820152, 179.999416
91.464040, 359.999418
64.712120, 359.999419
54.749728, 179.999421
95.774285, 179.999423
0.412349, 359.999425
96.008231, 359.999427
54.057759, 359.999428
65.338653, 179.999430
91.127533, 179.999432
13.637601, 359.999434
98.864803, 359.999436
42.453177, 359.999437
74.779064, 179.999439
84.878953, 179.999441
26.623134, 359.999443
99.983543, 359.999445
30.102360, 359.999446
82.905020, 179.999448
77.138383, 179.999450
39.140689, 359.999452
99.344787, 359.999454
17.222408, 359.999455
89.573683, 179.999457
68.041885, 179.999459
50.970234, 359.999461
96.959761, 359.999463
4.039722, 359.999464
94.667832, 179.999466
57.749357, 179.999468
61.903832, 359.999470
92.870391, 359.999472
9.213973, 179.999473
98.097923, 179.999475
46.441718, 179.999477
71.749293, 359.999479
87.148558, 359.999481
22.305706, 179.999482
99.803662, 179.999484
34.317733, 179.999486
80.333555, 359.999488
79.894839, 359.999490
35.005353, 179.999491
99.755067, 179.999493
21.590516, 179.999495
87.505724, 359.999497
71.236740, 359.999499
47.089680, 179.999500
97.952991, 179.999502
8.483784, 179.999504
93.139730, 359.999506
61.326452, 359.999508
58.346272, 179.999509
94.429111, 179.999511
4.772075, 359.999513
97.136540, 359.999515
50.338176, 359.999517
68.577260, 179.999518
89.245369, 179.999520
17.944051, 359.999522
99.425896, 359.999524
38.465063, 359.999526
77.602808, 179.999527
82.492884, 179.999529
30.800610, 359.999531
99.967558, 359.999533
25.915815, 359.999535
85.264264, 179.999536
74.290351, 179.999538
43.115759, 359.999540
98.752004, 359.999542
12.911024, 359.999544
91.426957, 179.999545
64.781953, 179.999547
54.673025, 359.999549
95.800601, 359.999551
0.320716, 179.999553
95.982559, 179.999554
54.134826, 179.999556
65.269257, 359.999558
91.165229, 359.999560
13.546818, 179.999562
98.850993, 179.999563
42.536126, 179.999565
74.718195, 359.999567
84.927367, 359.999569
26.534797, 179.999571
99.981839, 179.999572
30.189731, 179.999574
82.853746, 359.999576
77.196663, 359.999578
39.056350, 179.999580
99.355217, 179.999581
17.312665, 179.999583
89.532906, 359.999585
68.109008, 359.999587
50.891376, 179.999589
96.982144, 179.999590
4.131279, 179.999592
94.638270, 359.999594
57.824141, 359.999596
61.831841, 179.999598
92.904332, 179.999599
9.122725, 359.999601
98.080094, 359.999603
46.522850, 359.999605
71.685434, 179.999607
87.193460, 179.999608
22.216372, 359.999610
99.797881, 359.999612
34.403787, 359.999614
80.278951, 179.999616
79.949914, 179.999617
34.919502, 359.999619
99.761434, 359.999621
21.679979, 359.999623
87.461335, 179.999625
71.301019, 179.999626
47.008822, 359.999628
97.971395, 359.999630
8.575083, 359.999632
93.106336, 179.999634
61.398806, 179.999635
58.271828, 359.999637
94.459229, 359.999639
4.680544, 179.999641
97.114728, 179.999643
50.417332, 179.999644
68.510540, 359.999646
89.286671, 359.999648
17.853898, 179.999650
99.416049, 179.999652
38.549630, 179.999653
77.544982, 359.999655
82.544644, 359.999657
30.713418, 179.999659
99.969850, 179.999661
26.004307, 179.999662
85.216350, 359.999664
74.351659, 359.999666
43.033062, 179.999668
98.766394, 179.999670
13.001885, 179.999671
91.389797, 359.999673
64.851731, 359.999675
54.596277, 179.999677
95.826837, 179.999679
0.229083, 359.999680
95.956807, 359.999682
54.211849, 359.999684
65.199806, 179.999686
91.202849, 179.999688
13.456024, 359.999689
98.837101, 359.999691
42.619038, 359.999693
74.657262, 179.999695
84.975709, 179.999697
26.446437, 359.999698
99.980051, 359.999700
30.277076, 359.999702
82.802403, 179.999704
77.254879, 179.999706
38.971978, 359.999707
99.365565, 359.999709
17.402907, 359.999711
89.492055, 179.999713
68.176073, 179.999715
50.812475, 359.999716
97.004445, 359.999718
4.222832, 359.999720
94.608628, 179.999722
57.898878, 179.999724
61.759798, 359.999725
92.938194, 359.999727
9.031470, 179.999729
98.062184, 179.999731
46.603944, 179.999733
71.621515, 359.999734
87.238289, 359.999736
22.127019, 179.999738
99.792016, 179.999740
34.489812, 179.999742
80.224280, 359.999743
80.004922, 359.999745
34.833623, 179.999747
99.767718, 179.999749
21.769424, 179.999751
87.416873, 359.999752
71.365239, 359.999754
46.927925, 179.999756
97.989718, 179.999758
8.666375, 179.999760
93.072864, 359.999761
61.471107, 359.999763
58.197335, 179.999765
94.489267, 179.999767
4.589010, 359.999769
97.092834, 359.999770
50.496446, 359.999772
68.443761, 179.999774
89.327898, 179.999776
17.763729, 359.999778
99.406119, 359.999779
38.634164, 359.999781
77.487092, 179.999783
82.596335, 179.999785
30.626201, 359.999787
99.972058, 359.999788
26.092777, 359.999790
85.168365, 179.999792
74.412905, 179.999794
42.950329, 359.999796
98.780702, 359.999797
13.092735, 359.999799
91.352561, 179.999801
64.921456, 179.999803
54.519483, 359.999805
95.852992, 359.999806
0.137450, 179.999808
95.930974, 179.999810
54.288826, 179.999812
65.130300, 359.999814
91.240392, 359.999815
13.365219, 179.999817
98.823126, 179.999819
42.701915, 179.999821
74.596267, 359.999823
85.023980, 359.999824
26.358055, 179.999826
99.978178, 179.999828
30.364395, 179.999830
82.750990, 359.999832
77.313029, 359.999833
38.887574, 179.999835
99.375829, 179.999837
17.493135, 179.999839
89.451128, 359.999841
68.243081, 359.999842
50.733532, 179.999844
97.026664, 179.999846
4.314382, 179.999848
94.578907, 359.999850
57.973565, 359.999851
61.687703, 179.999853
92.971979, 179.999855
8.940208, 359.999857
98.044191, 359.999859
46.684998, 359.999860
71.557536, 179.999862
87.283045, 179.999864
22.037648, 359.999866
99.786067, 359.999868
34.575808, 359.999869
80.169541, 179.999871
80.059862, 179.999873
34.747714, 359.999875
99.773918, 359.999877
21.858850, 359.999878
87.372337, 179.999880
71.429398, 179.999882
46.846989, 359.999884
98.007958, 359.999886
8.757660, 359.999887
93.039314, 179.999889
61.543357, 179.999891
58.122794, 359.999893
94.519226, 359.999895
4.497471, 179.999896
97.070859, 179.999898
50.575517, 179.999900
68.376925, 359.999902
89.369050, 359.999904
17.673546, 179.999905
99.396106, 179.999907
38.718667, 179.999909
77.429136, 359.999911
82.647956, 359.999913
30.538958, 179.999914
99.974182, 179.999916
26.181225, 179.999918
85.120308, 359.999920
74.474088, 359.999922
42.867560, 179.999923
98.794926, 179.999925
13.183574, 179.999927
91.315248, 359.999929
64.991125, 359.999931
54.442643, 179.999932
95.879066, 179.999934
0.045817, 359.999936
95.905060, 359.999938
54.365757, 359.999940
65.060740, 179.999941
91.277858, 179.999943
13.274402, 359.999945
98.809067, 359.999947
42.784755, 359.999949
74.535209, 179.999950
85.072180, 179.999952
26.269651, 359.999954
99.976222, 359.999956
30.451689, 359.999958
82.699508, 179.999959
77.371115, 179.999961
38.803136, 359.999963
99.386009, 359.999965
17.583348, 359.999967
89.410126, 179.999968
68.310032, 179.999970
50.654545, 359.999972
97.048802, 359.999974
4.405928, 359.999976
94.549106, 179.999977
58.048204, 179.999979
61.615556, 359.999981
93.005685, 359.999983
8.848938, 179.999985
98.026115, 179.999986
46.766013, 179.999988
71.493497, 359.999990
87.327728, 359.999992
21.948258, 179.999994
99.780035, 179.999995
34.661776, 179.999997
80.114735, 359.999999
80.114735, 0.000001
34.661776, 180.000003
99.780035, 180.000005
21.948258, 180.000006
87.327728, 0.000008
71.493497, 0.000010
46.766013, 180.000012
98.026115, 180.000014
8.848938, 180.000015
93.005685, 0.000017
61.615556, 0.000019
58.048204, 180.000021
94.549106, 180.000023
4.405928, 0.000024
97.048802, 0.000026
50.654545, 0.000028
68.310032, 180.000030
89.410126, 180.000032
17.583348, 0.000033
99.386009, 0.000035
38.803136, 0.000037
77.371115, 180.000039
82.699508, 180.000041
30.451689, 0.000042
99.976222, 0.000044
26.269651, 0.000046
85.072180, 180.000048
74.535209, 180.000050
42.784755, 0.000051
98.809067, 0.000053
13.274402, 0.000055
91.277858, 180.000057
65.060740, 180.000059
54.365757, 0.000060
95.905060, 0.000062
0.045817, 0.000064
95.879066, 180.000066
54.442643, 180.000068
64.991125, 0.000069
91.315248, 0.000071
13.183574, 180.000073
98.794926, 180.000075
42.867560, 180.000077
74.474088, 0.000078
85.120308, 0.000080
26.181225, 180.000082
99.974182, 180.000084
30.538958, 180.000086
82.647956, 0.000087
77.429136, 0.000089
38.718667, 180.000091
99.396106, 180.000093
17.673546, 180.000095
89.369050, 0.000096
68.376925, 0.000098
50.575517, 180.000100
97.070859, 180.000102
4.497471, 180.000104
94.519226, 0.000105
58.122794, 0.000107
61.543357, 180.000109
93.039314, 180.000111
8.757660, 0.000113
98.007958, 0.000114
46.846989, 0.000116
71.429398, 180.000118
87.372337, 180.000120
21.858850, 0.000122
99.773918, 0.000123
34.747714, 0.000125
80.059862, 180.000127
80.169541, 180.000129
34.575808, 0.000131
99.786067, 0.000132
22.037648, 0.000134
87.283045, 180.000136
71.557536, 180.000138
46.684998, 0.000140
98.044191, 0.000141
8.940208, 0.000143
92.971979, 180.000145
61.687703, 180.000147
57.973565, 0.000149
94.578907, 0.000150
4.314382, 180.000152
97.026664, 180.000154
50.733532, 180.000156
68.243081, 0.000158
89.451128, 0.000159
17.493135, 180.000161
99.375829, 180.000163
38.887574, 180.000165
77.313029, 0.000167
82.750990, 0.000168
30.364395, 180.000170
99.978178, 180.000172
26.358055, 180.000174
85.023980, 0.000176
74.596267, 0.000177
42.701915, 180.000179
98.823126, 180.000181
13.365219, 180.000183
91.240392, 0.000185
65.130300, 0.000186
54.288826, 180.000188
95.930974, 180.000190
0.137450, 180.000192
95.852992, 0.000194
54.519483, 0.000195
64.921456, 180.000197
91.352561, 180.000199
13.092735, 0.000201
98.780702, 0.000203
42.950329, 0.000204
74.412905, 180.000206
85.168365, 180.000208
26.092777, 0.000210
99.972058, 0.000212
30.626201, 0.000213
82.596335, 180.000215
77.487092, 180.000217
38.634164, 0.000219
99.406119, 0.000221
17.763729, 0.000222
89.327898, 180.000224
68.443761, 180.000226
50.496446, 0.000228
97.092834, 0.000230
4.589010, 0.000231
94.489267, 180.000233
58.197335, 180.000235
61.471107, 0.000237
93.072864, 0.000239
8.666375, 180.000240
97.989718, 180.000242
46.927925, 180.000244
71.365239, 0.000246
87.416873, 0.000248
21.769424, 180.000249
99.767718, 180.000251
34.833623, 180.000253
80.004922, 0.000255
80.224280, 0.000257
34.489812, 180.000258
99.792016, 180.000260
22.127019, 180.000262
87.238289, 0.000264
71.621515, 0.000266
46.603944, 180.000267
98.062184, 180.000269
9.031470, 180.000271
92.938194, 0.000273
61.759798, 0.000275
57.898878, 180.000276
94.608628, 180.000278
4.222832, 0.000280
97.004445, 0.000282
50.812475, 0.000284
68.176073, 180.000285
89.492055, 180.000287
17.402907, 0.000289
99.365565, 0.000291
38.971978, 0.000293
77.254879, 180.000294
82.802403, 180.000296
30.277076, 0.000298
99.980051, 0.000300
26.446437, 0.000302
84.975709, 180.000303
74.657262, 180.000305
42.619038, 0.000307
98.837101, 0.000309
13.456024, 0.000311
91.202849, 180.000312
65.199806, 180.000314
54.211849, 0.000316
95.956807, 0.000318
0.229083, 0.000320
95.826837, 180.000321
54.596277, 180.000323
64.851731, 0.000325
91.389797, 0.000327
13.001885, 180.000329
98.766394, 180.000330
43.033062, 180.000332
74.351659, 0.000334
85.216350, 0.000336
26.004307, 180.000338
99.969850, 180.000339
30.713418, 180.000341
82.544644, 0.000343
77.544982, 0.000345
38.549630, 180.000347
99.416049, 180.000348
17.853898, 180.000350
89.286671, 0.000352
68.510540, 0.000354
50.417332, 180.000356
97.114728, 180.000357
4.680544, 180.000359
94.459229, 0.000361
58.271828, 0.000363
61.398806, 180.000365
93.106336, 180.000366
8.575083, 0.000368
97.971395, 0.000370
47.008822, 0.000372
71.301019, 180.000374
87.461335, 180.000375
21.679979, 0.000377
99.761434, 0.000379
34.919502, 0.000381
79.949914, 180.000383
80.278951, 180.000384
34.403787, 0.000386
99.797881, 0.000388
22.216372, 0.000390
87.193460, 180.000392
71.685434, 180.000393
46.522850, 0.000395
98.080094, 0.000397
9.122725, 0.000399
92.904332, 180.000401
61.831841, 180.000402
57.824141, 0.000404
94.638270, 0.000406
4.131279, 180.000408
96.982144, 180.000410
50.891376, 180.000411
68.109008, 0.000413
89.532906, 0.000415
17.312665, 180.000417
99.355217, 180.000419
39.056350, 180.000420
77.196663, 0.000422
82.853746, 0.000424
30.189731, 180.000426
99.981839, 180.000428
26.534797, 180.000429
84.927367, 0.000431
74.718195, 0.000433
42.536126, 180.000435
98.850993, 180.000437
13.546818, 180.000438
91.165229, 0.000440
65.269257, 0.000442
54.134826, 180.000444
95.982559, 180.000446
0.320716, 180.000447
95.800601, 0.000449
54.673025, 0.000451
64.781953, 180.000453
91.426957, 180.000455
12.911024, 0.000456
98.752004, 0.000458
43.115759, 0.000460
74.290351, 180.000462
85.264264, 180.000464
25.915815, 0.000465
99.967558, 0.000467
30.800610, 0.000469
82.492884, 180.000471
77.602808, 180.000473
38.465063, 0.000474
99.425896, 0.000476
17.944051, 0.000478
89.245369, 180.000480
68.577260, 180.000482
50.338176, 0.000483
97.136540, 0.000485
4.772075, 0.000487
94.429111, 180.000489
58.346272, 180.000491
61.326452, 0.000492
93.139730, 0.000494
8.483784, 180.000496
97.952991, 180.000498
47.089680, 180.000500
71.236740, 0.000501
87.505724, 0.000503
21.590516, 180.000505
99.755067, 180.000507
35.005353, 180.000509
79.894839, 0.000510
80.333555, 0.000512
34.317733, 180.000514
99.803662, 180.000516
22.305706, 180.000518
87.148558, 0.000519
71.749293, 0.000521
46.441718, 180.000523
98.097923, 180.000525
9.213973, 180.000527
92.870391, 0.000528
61.903832, 0.000530
57.749357, 180.000532
94.667832, 180.000534
4.039722, 0.000536
96.959761, 0.000537
50.970234, 0.000539
68.041885, 180.000541
89.573683, 180.000543
17.222408, 0.000545
99.344787, 0.000546
39.140689, 0.000548
77.138383, 180.000550
82.905020, 180.000552
30.102360, 0.000554
99.983543, 0.000555
26.623134, 0.000557
84.878953, 180.000559
74.779064, 180.000561
42.453177, 0.000563
98.864803, 0.000564
13.637601, 0.000566
91.127533, 180.000568
65.338653, 180.000570
54.057759, 0.000572
96.008231, 0.000573
0.412349, 0.000575
95.774285, 180.000577
54.749728, 180.000579
64.712120, 0.000581
91.464040, 0.000582
12.820152, 180.000584
98.737531, 180.000586
43.198419, 180.000588
74.228981, 0.000590
85.312106, 0.000591
25.827302, 180.000593
99.965182, 180.000595
30.887775, 180.000597
82.441055, 0.000599
77.660568, 0.000600
38.380463, 180.000602
99.435659, 180.000604
18.034190, 180.000606
89.203992, 0.000608
68.643924, 0.000609
50.258978, 180.000611
97.158270, 180.000613
4.863602, 180.000615
94.398913, 0.000617
58.420666, 0.000618
61.254047, 180.000620
93.173046, 180.000622
8.392477, 0.000624
97.934504, 0.000626
47.170498, 0.000627
71.172402, 180.000629
87.550040, 180.000631
21.501035, 0.000633
99.748615, 0.000635
35.091174, 0.000636
79.839697, 180.000638
80.388091, 180.000640
34.231650, 0.000642
99.809360, 0.000644
22.395021, 0.000645
87.103582, 180.000647
71.813091, 180.000649
46.360546, 0.000651
98.115669, 0.000653
9.305212, 0.000654
92.836372, 180.000656
61.975771, 180.000658
57.674523, 0.000660
94.697315, 0.000662
3.948162, 180.000663
96.937298, 180.000665
51.049050, 180.000667
67.974706, 0.000669
89.614384, 0.000671
17.132136, 180.000672
99.334273, 180.000674
39.224995, 180.000676
77.080038, 0.000678
82.956224, 0.000680
30.014964, 180.000681
99.985164, 180.000683
26.711449, 180.000685
84.830468, 0.000687
74.839872, 0.000689
42.370194, 180.000690
98.878529, 180.000692
13.728373, 180.000694
91.089760, 0.000696
65.407994, 0.000698
53.980645, 180.000699
96.033822, 180.000701
0.503981, 180.000703
95.747889, 0.000705
54.826384, 0.000707
64.642233, 180.000708
91.501046, 180.000710
12.729269, 0.000712
98.722975, 0.000714
43.281043, 0.000716
74.167548, 180.000717
85.359877, 180.000719
25.738767, 0.000721
99.962722, 0.000723
30.974915, 0.000725
82.389157, 180.000726
77.718263, 180.000728
38.295831, 0.000730
99.445339, 0.000732
18.124313, 0.000734
89.162540, 180.000735
68.710530, 180.000737
50.179737, 0.000739
97.179919, 0.000741
4.955125, 0.000743
94.368637, 180.000744
58.495012, 180.000746
61.181591, 0.000748
93.206284, 0.000750
8.301164, 180.000752
97.915935, 180.000753
47.251276, 180.000755
71.108003, 0.000757
87.594282, 0.000759
21.411536, 180.000761
99.742080, 180.000762
35.176965, 180.000764
79.784489, 0.000766
80.442560, 0.000768
34.145538, 180.000770
99.814973, 180.000771
22.484318, 180.000773
87.058534, 0.000775
71.876830, 0.000777
46.279336, 180.000779
98.133332, 180.000780
9.396444, 180.000782
92.802276, 0.000784
62.047658, 0.000786
57.599642, 180.000788
94.726718, 180.000789
3.856599, 0.000791
96.914752, 0.000793
51.127822, 0.000795
67.907469, 180.000797
89.655010, 180.000798
17.041851, 0.000800
99.323675, 0.000802
39.309268, 0.000804
77.021628, 180.000806
83.007359, 180.000807
29.927544, 0.000809
99.986700, 0.000811
26.799742, 0.000813
84.781912, 180.000815
74.900616, 180.000816
42.287174, 0.000818
98.892173, 0.000820
13.819133, 0.000822
91.051911, 180.000824
65.477280, 180.000825
53.903487, 0.000827
96.059333, 0.000829
0.595613, 0.000831
95.721412, 180.000833
54.902994, 180.000834
64.572291, 0.000836
91.537975, 0.000838
12.638376, 180.000840
98.708336, 180.000842
43.363631, 180.000843
74.106053, 0.000845
85.407575, 0.000847
25.650210, 180.000849
99.960179, 180.000851
31.062028, 180.000852
82.337189, 0.000854
77.775893, 0.000856
38.211168, 180.000858
99.454935, 180.000860
18.214421, 180.000861
89.121014, 0.000863
68.777078, 0.000865
50.100455, 180.000867
97.201486, 180.000869
5.046644, 180.000870
94.338281, 0.000872
58.569308, 0.000874
61.109083, 180.000876
93.239443, 180.000878
8.209843, 0.000879
97.897284, 0.000881
47.332015, 0.000883
71.043545, 180.000885
87.638450, 180.000887
21.322018, 0.000888
99.735461, 0.000890
35.262727, 0.000892
79.729213, 180.000894
80.496961, 180.000896
34.059398, 0.000897
99.820503, 0.000899
##END=
