##TITLE= Parameter file, TopSpin 3.6.4
##JCAMPDX= 5.0
##DATATYPE= Parameter Values
##ORIGIN= Bruker BioSpin GmbH
##OWNER= ptg20
$$ 2023-07-06 11:52:23.387 +0100  ptg20@auchentoshan
$$ C:/Bruker/cam-ts3/wave/p_automation
$$ process C:\Bruker\TopSpin3.6.4\prog\mod\xwinshape.exe
##MINX= 3.10014900
##MAXX= 96.89942200
##MINY= 0.33105900
##MAXY= 359.80833400
##$SHAPE_ADDPHASE= 0
##$SHAPE_AMP= 96.89942199
##$SHAPE_BWFAC= 0
##$SHAPE_BWFAC50= 0
##$SHAPE_CALCBW= yes
##$SHAPE_CALCINTEG= yes
##$SHAPE_EXMODE= <Excitation>
##$SHAPE_EXPAND= <>
##$SHAPE_EXPANDCF= (0..143)
0 0 0 0 0 0 0 0 0 0 0 0 0 0 0 0 0 0 0 0 0 0 0 0 0 0 0 0 0 0 0 0 0 0 0 0
0 0 0 0 0 0 0 0 0 0 0 0 0 0 0 0 0 0 0 0 0 0 0 0 0 0 0 0 0 0 0 0 0 0 0 0
0 0 0 0 0 0 0 0 0 0 0 0 0 0 0 0 0 0 0 0 0 0 0 0 0 0 0 0 0 0 0 0 0 0 0 0
0 0 0 0 0 0 0 0 0 0 0 0 0 0 0 0 0 0 0 0 0 0 0 0 0 0 0 0 0 0 0 0 0 0 0 0
##$SHAPE_EXPFAC= 0
##$SHAPE_FRACEND= 0
##$SHAPE_FRACORG= 0
##$SHAPE_FRACSTART= 0
##$SHAPE_INTEGFAC= 0
##$SHAPE_KEEPRES= yes
##$SHAPE_LENGTH= 100000
##$SHAPE_MAN= <M>
##$SHAPE_MODE= 2
##$SHAPE_MODFREQ= 0
##$SHAPE_MODPHASE= 0
##$SHAPE_MODSCALE= 0
##$SHAPE_MODSW= 0
##$SHAPE_MODSWDIR= -1
##$SHAPE_NPOINTS= 1000
##$SHAPE_OFFS= <2 2>
##$SHAPE_OFFSCOEFF= (0..95)
0 0 100 -106 0 93.8 0 0 0 0 0 0 0 0 0 0 0 0 0 0 0 0 0 0 0 0 0 0 0 0 0 0
0 0 0 0 0 0 0 0 0 0 0 0 0 0 0 0 0 0 0 0 0 0 0 0 0 0 0 0 0 0 0 0 0 0 0 0
0 0 0 0 0 0 0 0 0 0 0 0 0 0 0 0 0 0 0 0 0 0 0 0 0 0 0 0
##$SHAPE_PARAMETER= <>
##$SHAPE_REPHFAC= 0
##$SHAPE_RES= 0
##$SHAPE_SCALEFAC= 1.0319979
##$SHAPE_SCALETYPE= 0
##$SHAPE_SPOAL= 0
##$SHAPE_SPOFFS= 0
##$SHAPE_SPOPH= 0
##$SHAPE_TOTROT= 90
##$SHAPE_TYPE= <Excitation>
##$SHAPE_USER_DEF= 0
##$SHAPE_VERSION= 2.1
##$SHL_ADDPHASE= (0..15)
0 0 0 0 0 0 0 0 0 0 0 0 0 0 0 0
##$SHL_ALIGNOFFSET= (0..15)
0 0 0 0 0 0 0 0 0 0 0 0 0 0 0 0
##$SHL_AMP= (0..15)
100 0 0 0 0 0 0 0 0 0 0 0 0 0 0 0
##$SHL_AMPFAC= (0..15)
0 0 0 0 0 0 0 0 0 0 0 0 0 0 0 0
##$SHL_BETA= (0..15)
0 0 0 0 0 0 0 0 0 0 0 0 0 0 0 0
##$SHL_BWFAC= (0..15)
1.116 0 0 0 0 0 0 0 0 0 0 0 0 0 0 0
##$SHL_CALCBW= (0..15)
yes yes yes yes yes yes yes yes yes yes yes yes yes yes yes yes
##$SHL_CALCINTEG= (0..15)
yes yes yes yes yes yes yes yes yes yes yes yes yes yes yes yes
##$SHL_CENTERAMP= (0..15)
0 0 0 0 0 0 0 0 0 0 0 0 0 0 0 0
##$SHL_CYCNUM= (0..15)
0 0 0 0 0 0 0 0 0 0 0 0 0 0 0 0
##$SHL_DIPOLCPL= (0..15)
0 0 0 0 0 0 0 0 0 0 0 0 0 0 0 0
##$SHL_ENDAMP= (0..15)
0 0 0 0 0 0 0 0 0 0 0 0 0 0 0 0
##$SHL_EXMODE= (0..15)
<Excitation> <> <> <> <> <> <> <> <> <> <> <> <> <> <> <>
##$SHL_EXPAND= (0..15)
<> <> <> <> <> <> <> <> <> <> <> <> <> <> <> <>
##$SHL_EXPANDCF0= (0..143)
0 0 0 0 0 0 0 0 0 0 0 0 0 0 0 0 0 0 0 0 0 0 0 0 0 0 0 0 0 0 0 0 0 0 0 0
0 0 0 0 0 0 0 0 0 0 0 0 0 0 0 0 0 0 0 0 0 0 0 0 0 0 0 0 0 0 0 0 0 0 0 0
0 0 0 0 0 0 0 0 0 0 0 0 0 0 0 0 0 0 0 0 0 0 0 0 0 0 0 0 0 0 0 0 0 0 0 0
0 0 0 0 0 0 0 0 0 0 0 0 0 0 0 0 0 0 0 0 0 0 0 0 0 0 0 0 0 0 0 0 0 0 0 0
##$SHL_EXPANDCF1= (0..143)
0 0 0 0 0 0 0 0 0 0 0 0 0 0 0 0 0 0 0 0 0 0 0 0 0 0 0 0 0 0 0 0 0 0 0 0
0 0 0 0 0 0 0 0 0 0 0 0 0 0 0 0 0 0 0 0 0 0 0 0 0 0 0 0 0 0 0 0 0 0 0 0
0 0 0 0 0 0 0 0 0 0 0 0 0 0 0 0 0 0 0 0 0 0 0 0 0 0 0 0 0 0 0 0 0 0 0 0
0 0 0 0 0 0 0 0 0 0 0 0 0 0 0 0 0 0 0 0 0 0 0 0 0 0 0 0 0 0 0 0 0 0 0 0
##$SHL_EXPANDCF10= (0..143)
0 0 0 0 0 0 0 0 0 0 0 0 0 0 0 0 0 0 0 0 0 0 0 0 0 0 0 0 0 0 0 0 0 0 0 0
0 0 0 0 0 0 0 0 0 0 0 0 0 0 0 0 0 0 0 0 0 0 0 0 0 0 0 0 0 0 0 0 0 0 0 0
0 0 0 0 0 0 0 0 0 0 0 0 0 0 0 0 0 0 0 0 0 0 0 0 0 0 0 0 0 0 0 0 0 0 0 0
0 0 0 0 0 0 0 0 0 0 0 0 0 0 0 0 0 0 0 0 0 0 0 0 0 0 0 0 0 0 0 0 0 0 0 0
##$SHL_EXPANDCF11= (0..143)
0 0 0 0 0 0 0 0 0 0 0 0 0 0 0 0 0 0 0 0 0 0 0 0 0 0 0 0 0 0 0 0 0 0 0 0
0 0 0 0 0 0 0 0 0 0 0 0 0 0 0 0 0 0 0 0 0 0 0 0 0 0 0 0 0 0 0 0 0 0 0 0
0 0 0 0 0 0 0 0 0 0 0 0 0 0 0 0 0 0 0 0 0 0 0 0 0 0 0 0 0 0 0 0 0 0 0 0
0 0 0 0 0 0 0 0 0 0 0 0 0 0 0 0 0 0 0 0 0 0 0 0 0 0 0 0 0 0 0 0 0 0 0 0
##$SHL_EXPANDCF12= (0..143)
0 0 0 0 0 0 0 0 0 0 0 0 0 0 0 0 0 0 0 0 0 0 0 0 0 0 0 0 0 0 0 0 0 0 0 0
0 0 0 0 0 0 0 0 0 0 0 0 0 0 0 0 0 0 0 0 0 0 0 0 0 0 0 0 0 0 0 0 0 0 0 0
0 0 0 0 0 0 0 0 0 0 0 0 0 0 0 0 0 0 0 0 0 0 0 0 0 0 0 0 0 0 0 0 0 0 0 0
0 0 0 0 0 0 0 0 0 0 0 0 0 0 0 0 0 0 0 0 0 0 0 0 0 0 0 0 0 0 0 0 0 0 0 0
##$SHL_EXPANDCF13= (0..143)
0 0 0 0 0 0 0 0 0 0 0 0 0 0 0 0 0 0 0 0 0 0 0 0 0 0 0 0 0 0 0 0 0 0 0 0
0 0 0 0 0 0 0 0 0 0 0 0 0 0 0 0 0 0 0 0 0 0 0 0 0 0 0 0 0 0 0 0 0 0 0 0
0 0 0 0 0 0 0 0 0 0 0 0 0 0 0 0 0 0 0 0 0 0 0 0 0 0 0 0 0 0 0 0 0 0 0 0
0 0 0 0 0 0 0 0 0 0 0 0 0 0 0 0 0 0 0 0 0 0 0 0 0 0 0 0 0 0 0 0 0 0 0 0
##$SHL_EXPANDCF14= (0..143)
0 0 0 0 0 0 0 0 0 0 0 0 0 0 0 0 0 0 0 0 0 0 0 0 0 0 0 0 0 0 0 0 0 0 0 0
0 0 0 0 0 0 0 0 0 0 0 0 0 0 0 0 0 0 0 0 0 0 0 0 0 0 0 0 0 0 0 0 0 0 0 0
0 0 0 0 0 0 0 0 0 0 0 0 0 0 0 0 0 0 0 0 0 0 0 0 0 0 0 0 0 0 0 0 0 0 0 0
0 0 0 0 0 0 0 0 0 0 0 0 0 0 0 0 0 0 0 0 0 0 0 0 0 0 0 0 0 0 0 0 0 0 0 0
##$SHL_EXPANDCF15= (0..143)
0 0 0 0 0 0 0 0 0 0 0 0 0 0 0 0 0 0 0 0 0 0 0 0 0 0 0 0 0 0 0 0 0 0 0 0
0 0 0 0 0 0 0 0 0 0 0 0 0 0 0 0 0 0 0 0 0 0 0 0 0 0 0 0 0 0 0 0 0 0 0 0
0 0 0 0 0 0 0 0 0 0 0 0 0 0 0 0 0 0 0 0 0 0 0 0 0 0 0 0 0 0 0 0 0 0 0 0
0 0 0 0 0 0 0 0 0 0 0 0 0 0 0 0 0 0 0 0 0 0 0 0 0 0 0 0 0 0 0 0 0 0 0 0
##$SHL_EXPANDCF2= (0..143)
0 0 0 0 0 0 0 0 0 0 0 0 0 0 0 0 0 0 0 0 0 0 0 0 0 0 0 0 0 0 0 0 0 0 0 0
0 0 0 0 0 0 0 0 0 0 0 0 0 0 0 0 0 0 0 0 0 0 0 0 0 0 0 0 0 0 0 0 0 0 0 0
0 0 0 0 0 0 0 0 0 0 0 0 0 0 0 0 0 0 0 0 0 0 0 0 0 0 0 0 0 0 0 0 0 0 0 0
0 0 0 0 0 0 0 0 0 0 0 0 0 0 0 0 0 0 0 0 0 0 0 0 0 0 0 0 0 0 0 0 0 0 0 0
##$SHL_EXPANDCF3= (0..143)
0 0 0 0 0 0 0 0 0 0 0 0 0 0 0 0 0 0 0 0 0 0 0 0 0 0 0 0 0 0 0 0 0 0 0 0
0 0 0 0 0 0 0 0 0 0 0 0 0 0 0 0 0 0 0 0 0 0 0 0 0 0 0 0 0 0 0 0 0 0 0 0
0 0 0 0 0 0 0 0 0 0 0 0 0 0 0 0 0 0 0 0 0 0 0 0 0 0 0 0 0 0 0 0 0 0 0 0
0 0 0 0 0 0 0 0 0 0 0 0 0 0 0 0 0 0 0 0 0 0 0 0 0 0 0 0 0 0 0 0 0 0 0 0
##$SHL_EXPANDCF4= (0..143)
0 0 0 0 0 0 0 0 0 0 0 0 0 0 0 0 0 0 0 0 0 0 0 0 0 0 0 0 0 0 0 0 0 0 0 0
0 0 0 0 0 0 0 0 0 0 0 0 0 0 0 0 0 0 0 0 0 0 0 0 0 0 0 0 0 0 0 0 0 0 0 0
0 0 0 0 0 0 0 0 0 0 0 0 0 0 0 0 0 0 0 0 0 0 0 0 0 0 0 0 0 0 0 0 0 0 0 0
0 0 0 0 0 0 0 0 0 0 0 0 0 0 0 0 0 0 0 0 0 0 0 0 0 0 0 0 0 0 0 0 0 0 0 0
##$SHL_EXPANDCF5= (0..143)
0 0 0 0 0 0 0 0 0 0 0 0 0 0 0 0 0 0 0 0 0 0 0 0 0 0 0 0 0 0 0 0 0 0 0 0
0 0 0 0 0 0 0 0 0 0 0 0 0 0 0 0 0 0 0 0 0 0 0 0 0 0 0 0 0 0 0 0 0 0 0 0
0 0 0 0 0 0 0 0 0 0 0 0 0 0 0 0 0 0 0 0 0 0 0 0 0 0 0 0 0 0 0 0 0 0 0 0
0 0 0 0 0 0 0 0 0 0 0 0 0 0 0 0 0 0 0 0 0 0 0 0 0 0 0 0 0 0 0 0 0 0 0 0
##$SHL_EXPANDCF6= (0..143)
0 0 0 0 0 0 0 0 0 0 0 0 0 0 0 0 0 0 0 0 0 0 0 0 0 0 0 0 0 0 0 0 0 0 0 0
0 0 0 0 0 0 0 0 0 0 0 0 0 0 0 0 0 0 0 0 0 0 0 0 0 0 0 0 0 0 0 0 0 0 0 0
0 0 0 0 0 0 0 0 0 0 0 0 0 0 0 0 0 0 0 0 0 0 0 0 0 0 0 0 0 0 0 0 0 0 0 0
0 0 0 0 0 0 0 0 0 0 0 0 0 0 0 0 0 0 0 0 0 0 0 0 0 0 0 0 0 0 0 0 0 0 0 0
##$SHL_EXPANDCF7= (0..143)
0 0 0 0 0 0 0 0 0 0 0 0 0 0 0 0 0 0 0 0 0 0 0 0 0 0 0 0 0 0 0 0 0 0 0 0
0 0 0 0 0 0 0 0 0 0 0 0 0 0 0 0 0 0 0 0 0 0 0 0 0 0 0 0 0 0 0 0 0 0 0 0
0 0 0 0 0 0 0 0 0 0 0 0 0 0 0 0 0 0 0 0 0 0 0 0 0 0 0 0 0 0 0 0 0 0 0 0
0 0 0 0 0 0 0 0 0 0 0 0 0 0 0 0 0 0 0 0 0 0 0 0 0 0 0 0 0 0 0 0 0 0 0 0
##$SHL_EXPANDCF8= (0..143)
0 0 0 0 0 0 0 0 0 0 0 0 0 0 0 0 0 0 0 0 0 0 0 0 0 0 0 0 0 0 0 0 0 0 0 0
0 0 0 0 0 0 0 0 0 0 0 0 0 0 0 0 0 0 0 0 0 0 0 0 0 0 0 0 0 0 0 0 0 0 0 0
0 0 0 0 0 0 0 0 0 0 0 0 0 0 0 0 0 0 0 0 0 0 0 0 0 0 0 0 0 0 0 0 0 0 0 0
0 0 0 0 0 0 0 0 0 0 0 0 0 0 0 0 0 0 0 0 0 0 0 0 0 0 0 0 0 0 0 0 0 0 0 0
##$SHL_EXPANDCF9= (0..143)
0 0 0 0 0 0 0 0 0 0 0 0 0 0 0 0 0 0 0 0 0 0 0 0 0 0 0 0 0 0 0 0 0 0 0 0
0 0 0 0 0 0 0 0 0 0 0 0 0 0 0 0 0 0 0 0 0 0 0 0 0 0 0 0 0 0 0 0 0 0 0 0
0 0 0 0 0 0 0 0 0 0 0 0 0 0 0 0 0 0 0 0 0 0 0 0 0 0 0 0 0 0 0 0 0 0 0 0
0 0 0 0 0 0 0 0 0 0 0 0 0 0 0 0 0 0 0 0 0 0 0 0 0 0 0 0 0 0 0 0 0 0 0 0
##$SHL_EXPFAC= (0..15)
0 0 0 0 0 0 0 0 0 0 0 0 0 0 0 0
##$SHL_FRACEND= (0..15)
0 0 0 0 0 0 0 0 0 0 0 0 0 0 0 0
##$SHL_FRACORG= (0..15)
0 0 0 0 0 0 0 0 0 0 0 0 0 0 0 0
##$SHL_FRACSTART= (0..15)
0 0 0 0 0 0 0 0 0 0 0 0 0 0 0 0
##$SHL_FULLHALF= (0..15)
0 0 0 0 0 0 0 0 0 0 0 0 0 0 0 0
##$SHL_FUNCAMP= (0..15)
0 0 0 0 0 0 0 0 0 0 0 0 0 0 0 0
##$SHL_FUNCTION= (0..15)
<User> <> <> <> <> <> <> <> <> <> <> <> <> <> <> <>
##$SHL_GCO= (0..15)
<> <> <> <> <> <> <> <> <> <> <> <> <> <> <> <>
##$SHL_GCOCOEFFS0= (0..59)
0 0 0 0 0 0 0 0 0 0 0 0 0 0 0 0 0 0 0 0 0 0 0 0 0 0 0 0 0 0 0 0 0 0 0 0
0 0 0 0 0 0 0 0 0 0 0 0 0 0 0 0 0 0 0 0 0 0 0 0
##$SHL_GCOCOEFFS1= (0..59)
0 0 0 0 0 0 0 0 0 0 0 0 0 0 0 0 0 0 0 0 0 0 0 0 0 0 0 0 0 0 0 0 0 0 0 0
0 0 0 0 0 0 0 0 0 0 0 0 0 0 0 0 0 0 0 0 0 0 0 0
##$SHL_GCOCOEFFS10= (0..59)
0 0 0 0 0 0 0 0 0 0 0 0 0 0 0 0 0 0 0 0 0 0 0 0 0 0 0 0 0 0 0 0 0 0 0 0
0 0 0 0 0 0 0 0 0 0 0 0 0 0 0 0 0 0 0 0 0 0 0 0
##$SHL_GCOCOEFFS11= (0..59)
0 0 0 0 0 0 0 0 0 0 0 0 0 0 0 0 0 0 0 0 0 0 0 0 0 0 0 0 0 0 0 0 0 0 0 0
0 0 0 0 0 0 0 0 0 0 0 0 0 0 0 0 0 0 0 0 0 0 0 0
##$SHL_GCOCOEFFS12= (0..59)
0 0 0 0 0 0 0 0 0 0 0 0 0 0 0 0 0 0 0 0 0 0 0 0 0 0 0 0 0 0 0 0 0 0 0 0
0 0 0 0 0 0 0 0 0 0 0 0 0 0 0 0 0 0 0 0 0 0 0 0
##$SHL_GCOCOEFFS13= (0..59)
0 0 0 0 0 0 0 0 0 0 0 0 0 0 0 0 0 0 0 0 0 0 0 0 0 0 0 0 0 0 0 0 0 0 0 0
0 0 0 0 0 0 0 0 0 0 0 0 0 0 0 0 0 0 0 0 0 0 0 0
##$SHL_GCOCOEFFS14= (0..59)
0 0 0 0 0 0 0 0 0 0 0 0 0 0 0 0 0 0 0 0 0 0 0 0 0 0 0 0 0 0 0 0 0 0 0 0
0 0 0 0 0 0 0 0 0 0 0 0 0 0 0 0 0 0 0 0 0 0 0 0
##$SHL_GCOCOEFFS15= (0..59)
0 0 0 0 0 0 0 0 0 0 0 0 0 0 0 0 0 0 0 0 0 0 0 0 0 0 0 0 0 0 0 0 0 0 0 0
0 0 0 0 0 0 0 0 0 0 0 0 0 0 0 0 0 0 0 0 0 0 0 0
##$SHL_GCOCOEFFS2= (0..59)
0 0 0 0 0 0 0 0 0 0 0 0 0 0 0 0 0 0 0 0 0 0 0 0 0 0 0 0 0 0 0 0 0 0 0 0
0 0 0 0 0 0 0 0 0 0 0 0 0 0 0 0 0 0 0 0 0 0 0 0
##$SHL_GCOCOEFFS3= (0..59)
0 0 0 0 0 0 0 0 0 0 0 0 0 0 0 0 0 0 0 0 0 0 0 0 0 0 0 0 0 0 0 0 0 0 0 0
0 0 0 0 0 0 0 0 0 0 0 0 0 0 0 0 0 0 0 0 0 0 0 0
##$SHL_GCOCOEFFS4= (0..59)
0 0 0 0 0 0 0 0 0 0 0 0 0 0 0 0 0 0 0 0 0 0 0 0 0 0 0 0 0 0 0 0 0 0 0 0
0 0 0 0 0 0 0 0 0 0 0 0 0 0 0 0 0 0 0 0 0 0 0 0
##$SHL_GCOCOEFFS5= (0..59)
0 0 0 0 0 0 0 0 0 0 0 0 0 0 0 0 0 0 0 0 0 0 0 0 0 0 0 0 0 0 0 0 0 0 0 0
0 0 0 0 0 0 0 0 0 0 0 0 0 0 0 0 0 0 0 0 0 0 0 0
##$SHL_GCOCOEFFS6= (0..59)
0 0 0 0 0 0 0 0 0 0 0 0 0 0 0 0 0 0 0 0 0 0 0 0 0 0 0 0 0 0 0 0 0 0 0 0
0 0 0 0 0 0 0 0 0 0 0 0 0 0 0 0 0 0 0 0 0 0 0 0
##$SHL_GCOCOEFFS7= (0..59)
0 0 0 0 0 0 0 0 0 0 0 0 0 0 0 0 0 0 0 0 0 0 0 0 0 0 0 0 0 0 0 0 0 0 0 0
0 0 0 0 0 0 0 0 0 0 0 0 0 0 0 0 0 0 0 0 0 0 0 0
##$SHL_GCOCOEFFS8= (0..59)
0 0 0 0 0 0 0 0 0 0 0 0 0 0 0 0 0 0 0 0 0 0 0 0 0 0 0 0 0 0 0 0 0 0 0 0
0 0 0 0 0 0 0 0 0 0 0 0 0 0 0 0 0 0 0 0 0 0 0 0
##$SHL_GCOCOEFFS9= (0..59)
0 0 0 0 0 0 0 0 0 0 0 0 0 0 0 0 0 0 0 0 0 0 0 0 0 0 0 0 0 0 0 0 0 0 0 0
0 0 0 0 0 0 0 0 0 0 0 0 0 0 0 0 0 0 0 0 0 0 0 0
##$SHL_INTEGFAC= (0..15)
1 0 0 0 0 0 0 0 0 0 0 0 0 0 0 0
##$SHL_LB= (0..15)
0 0 0 0 0 0 0 0 0 0 0 0 0 0 0 0
##$SHL_LEFTLIMIT= (0..15)
0 0 0 0 0 0 0 0 0 0 0 0 0 0 0 0
##$SHL_LENGTH= (0..15)
100000 0 0 0 0 0 0 0 0 0 0 0 0 0 0 0
##$SHL_MAN= (0..15)
<> <> <> <> <> <> <> <> <> <> <> <> <> <> <> <>
##$SHL_MEANAMP= (0..15)
0 0 0 0 0 0 0 0 0 0 0 0 0 0 0 0
##$SHL_MODAMP= (0..15)
0 0 0 0 0 0 0 0 0 0 0 0 0 0 0 0
##$SHL_MODE= (0..15)
0 0 0 0 0 0 0 0 0 0 0 0 0 0 0 0
##$SHL_MODFREQ= (0..15)
0 0 0 0 0 0 0 0 0 0 0 0 0 0 0 0
##$SHL_MODPHASE= (0..15)
0 0 0 0 0 0 0 0 0 0 0 0 0 0 0 0
##$SHL_MODSCALE= (0..15)
0 0 0 0 0 0 0 0 0 0 0 0 0 0 0 0
##$SHL_MODSW= (0..15)
0 0 0 0 0 0 0 0 0 0 0 0 0 0 0 0
##$SHL_MODSWDIR= (0..15)
-1 -1 -1 -1 -1 -1 -1 -1 -1 -1 -1 -1 -1 -1 -1 -1
##$SHL_MU= (0..15)
0 0 0 0 0 0 0 0 0 0 0 0 0 0 0 0
##$SHL_NPOINTS= (0..15)
1000 0 0 0 0 0 0 0 0 0 0 0 0 0 0 0
##$SHL_OFFS= (0..15)
<> <> <> <> <> <> <> <> <> <> <> <> <> <> <> <>
##$SHL_OFFSCOEFF0= (0..95)
0 0 0 0 0 0 0 0 0 0 0 0 0 0 0 0 0 0 0 0 0 0 0 0 0 0 0 0 0 0 0 0 0 0 0 0
0 0 0 0 0 0 0 0 0 0 0 0 0 0 0 0 0 0 0 0 0 0 0 0 0 0 0 0 0 0 0 0 0 0 0 0
0 0 0 0 0 0 0 0 0 0 0 0 0 0 0 0 0 0 0 0 0 0 0 0
##$SHL_OFFSCOEFF1= (0..95)
0 0 0 0 0 0 0 0 0 0 0 0 0 0 0 0 0 0 0 0 0 0 0 0 0 0 0 0 0 0 0 0 0 0 0 0
0 0 0 0 0 0 0 0 0 0 0 0 0 0 0 0 0 0 0 0 0 0 0 0 0 0 0 0 0 0 0 0 0 0 0 0
0 0 0 0 0 0 0 0 0 0 0 0 0 0 0 0 0 0 0 0 0 0 0 0
##$SHL_OFFSCOEFF10= (0..95)
0 0 0 0 0 0 0 0 0 0 0 0 0 0 0 0 0 0 0 0 0 0 0 0 0 0 0 0 0 0 0 0 0 0 0 0
0 0 0 0 0 0 0 0 0 0 0 0 0 0 0 0 0 0 0 0 0 0 0 0 0 0 0 0 0 0 0 0 0 0 0 0
0 0 0 0 0 0 0 0 0 0 0 0 0 0 0 0 0 0 0 0 0 0 0 0
##$SHL_OFFSCOEFF11= (0..95)
0 0 0 0 0 0 0 0 0 0 0 0 0 0 0 0 0 0 0 0 0 0 0 0 0 0 0 0 0 0 0 0 0 0 0 0
0 0 0 0 0 0 0 0 0 0 0 0 0 0 0 0 0 0 0 0 0 0 0 0 0 0 0 0 0 0 0 0 0 0 0 0
0 0 0 0 0 0 0 0 0 0 0 0 0 0 0 0 0 0 0 0 0 0 0 0
##$SHL_OFFSCOEFF12= (0..95)
0 0 0 0 0 0 0 0 0 0 0 0 0 0 0 0 0 0 0 0 0 0 0 0 0 0 0 0 0 0 0 0 0 0 0 0
0 0 0 0 0 0 0 0 0 0 0 0 0 0 0 0 0 0 0 0 0 0 0 0 0 0 0 0 0 0 0 0 0 0 0 0
0 0 0 0 0 0 0 0 0 0 0 0 0 0 0 0 0 0 0 0 0 0 0 0
##$SHL_OFFSCOEFF13= (0..95)
0 0 0 0 0 0 0 0 0 0 0 0 0 0 0 0 0 0 0 0 0 0 0 0 0 0 0 0 0 0 0 0 0 0 0 0
0 0 0 0 0 0 0 0 0 0 0 0 0 0 0 0 0 0 0 0 0 0 0 0 0 0 0 0 0 0 0 0 0 0 0 0
0 0 0 0 0 0 0 0 0 0 0 0 0 0 0 0 0 0 0 0 0 0 0 0
##$SHL_OFFSCOEFF14= (0..95)
0 0 0 0 0 0 0 0 0 0 0 0 0 0 0 0 0 0 0 0 0 0 0 0 0 0 0 0 0 0 0 0 0 0 0 0
0 0 0 0 0 0 0 0 0 0 0 0 0 0 0 0 0 0 0 0 0 0 0 0 0 0 0 0 0 0 0 0 0 0 0 0
0 0 0 0 0 0 0 0 0 0 0 0 0 0 0 0 0 0 0 0 0 0 0 0
##$SHL_OFFSCOEFF15= (0..95)
0 0 0 0 0 0 0 0 0 0 0 0 0 0 0 0 0 0 0 0 0 0 0 0 0 0 0 0 0 0 0 0 0 0 0 0
0 0 0 0 0 0 0 0 0 0 0 0 0 0 0 0 0 0 0 0 0 0 0 0 0 0 0 0 0 0 0 0 0 0 0 0
0 0 0 0 0 0 0 0 0 0 0 0 0 0 0 0 0 0 0 0 0 0 0 0
##$SHL_OFFSCOEFF2= (0..95)
0 0 0 0 0 0 0 0 0 0 0 0 0 0 0 0 0 0 0 0 0 0 0 0 0 0 0 0 0 0 0 0 0 0 0 0
0 0 0 0 0 0 0 0 0 0 0 0 0 0 0 0 0 0 0 0 0 0 0 0 0 0 0 0 0 0 0 0 0 0 0 0
0 0 0 0 0 0 0 0 0 0 0 0 0 0 0 0 0 0 0 0 0 0 0 0
##$SHL_OFFSCOEFF3= (0..95)
0 0 0 0 0 0 0 0 0 0 0 0 0 0 0 0 0 0 0 0 0 0 0 0 0 0 0 0 0 0 0 0 0 0 0 0
0 0 0 0 0 0 0 0 0 0 0 0 0 0 0 0 0 0 0 0 0 0 0 0 0 0 0 0 0 0 0 0 0 0 0 0
0 0 0 0 0 0 0 0 0 0 0 0 0 0 0 0 0 0 0 0 0 0 0 0
##$SHL_OFFSCOEFF4= (0..95)
0 0 0 0 0 0 0 0 0 0 0 0 0 0 0 0 0 0 0 0 0 0 0 0 0 0 0 0 0 0 0 0 0 0 0 0
0 0 0 0 0 0 0 0 0 0 0 0 0 0 0 0 0 0 0 0 0 0 0 0 0 0 0 0 0 0 0 0 0 0 0 0
0 0 0 0 0 0 0 0 0 0 0 0 0 0 0 0 0 0 0 0 0 0 0 0
##$SHL_OFFSCOEFF5= (0..95)
0 0 0 0 0 0 0 0 0 0 0 0 0 0 0 0 0 0 0 0 0 0 0 0 0 0 0 0 0 0 0 0 0 0 0 0
0 0 0 0 0 0 0 0 0 0 0 0 0 0 0 0 0 0 0 0 0 0 0 0 0 0 0 0 0 0 0 0 0 0 0 0
0 0 0 0 0 0 0 0 0 0 0 0 0 0 0 0 0 0 0 0 0 0 0 0
##$SHL_OFFSCOEFF6= (0..95)
0 0 0 0 0 0 0 0 0 0 0 0 0 0 0 0 0 0 0 0 0 0 0 0 0 0 0 0 0 0 0 0 0 0 0 0
0 0 0 0 0 0 0 0 0 0 0 0 0 0 0 0 0 0 0 0 0 0 0 0 0 0 0 0 0 0 0 0 0 0 0 0
0 0 0 0 0 0 0 0 0 0 0 0 0 0 0 0 0 0 0 0 0 0 0 0
##$SHL_OFFSCOEFF7= (0..95)
0 0 0 0 0 0 0 0 0 0 0 0 0 0 0 0 0 0 0 0 0 0 0 0 0 0 0 0 0 0 0 0 0 0 0 0
0 0 0 0 0 0 0 0 0 0 0 0 0 0 0 0 0 0 0 0 0 0 0 0 0 0 0 0 0 0 0 0 0 0 0 0
0 0 0 0 0 0 0 0 0 0 0 0 0 0 0 0 0 0 0 0 0 0 0 0
##$SHL_OFFSCOEFF8= (0..95)
0 0 0 0 0 0 0 0 0 0 0 0 0 0 0 0 0 0 0 0 0 0 0 0 0 0 0 0 0 0 0 0 0 0 0 0
0 0 0 0 0 0 0 0 0 0 0 0 0 0 0 0 0 0 0 0 0 0 0 0 0 0 0 0 0 0 0 0 0 0 0 0
0 0 0 0 0 0 0 0 0 0 0 0 0 0 0 0 0 0 0 0 0 0 0 0
##$SHL_OFFSCOEFF9= (0..95)
0 0 0 0 0 0 0 0 0 0 0 0 0 0 0 0 0 0 0 0 0 0 0 0 0 0 0 0 0 0 0 0 0 0 0 0
0 0 0 0 0 0 0 0 0 0 0 0 0 0 0 0 0 0 0 0 0 0 0 0 0 0 0 0 0 0 0 0 0 0 0 0
0 0 0 0 0 0 0 0 0 0 0 0 0 0 0 0 0 0 0 0 0 0 0 0
##$SHL_PHASE= (0..15)
0 0 0 0 0 0 0 0 0 0 0 0 0 0 0 0
##$SHL_PHASEFAC= (0..15)
0 0 0 0 0 0 0 0 0 0 0 0 0 0 0 0
##$SHL_POWERINDEX= (0..15)
0 0 0 0 0 0 0 0 0 0 0 0 0 0 0 0
##$SHL_QUADCOEFF= (0..15)
0 0 0 0 0 0 0 0 0 0 0 0 0 0 0 0
##$SHL_RIGHTLIMIT= (0..15)
0 0 0 0 0 0 0 0 0 0 0 0 0 0 0 0
##$SHL_SCALEFACTOR= (0..15)
1 1 1 1 1 1 1 1 1 1 1 1 1 1 1 1
##$SHL_SF= (0..15)
<> <> <> <> <> <> <> <> <> <> <> <> <> <> <> <>
##$SHL_SFCOEFFS0= (0..200)
0 0 0 0 0 0 0 0 0 0 0 0 0 0 0 0 0 0 0 0 0 0 0 0 0 0 0 0 0 0 0 0 0 0 0 0
0 0 0 0 0 0 0 0 0 0 0 0 0 0 0 0 0 0 0 0 0 0 0 0 0 0 0 0 0 0 0 0 0 0 0 0
0 0 0 0 0 0 0 0 0 0 0 0 0 0 0 0 0 0 0 0 0 0 0 0 0 0 0 0 0 0 0 0 0 0 0 0
0 0 0 0 0 0 0 0 0 0 0 0 0 0 0 0 0 0 0 0 0 0 0 0 0 0 0 0 0 0 0 0 0 0 0 0
0 0 0 0 0 0 0 0 0 0 0 0 0 0 0 0 0 0 0 0 0 0 0 0 0 0 0 0 0 0 0 0 0 0 0 0
0 0 0 0 0 0 0 0 0 0 0 0 0 0 0 0 0 0 0 0 0
##$SHL_SFCOEFFS1= (0..200)
0 0 0 0 0 0 0 0 0 0 0 0 0 0 0 0 0 0 0 0 0 0 0 0 0 0 0 0 0 0 0 0 0 0 0 0
0 0 0 0 0 0 0 0 0 0 0 0 0 0 0 0 0 0 0 0 0 0 0 0 0 0 0 0 0 0 0 0 0 0 0 0
0 0 0 0 0 0 0 0 0 0 0 0 0 0 0 0 0 0 0 0 0 0 0 0 0 0 0 0 0 0 0 0 0 0 0 0
0 0 0 0 0 0 0 0 0 0 0 0 0 0 0 0 0 0 0 0 0 0 0 0 0 0 0 0 0 0 0 0 0 0 0 0
0 0 0 0 0 0 0 0 0 0 0 0 0 0 0 0 0 0 0 0 0 0 0 0 0 0 0 0 0 0 0 0 0 0 0 0
0 0 0 0 0 0 0 0 0 0 0 0 0 0 0 0 0 0 0 0 0
##$SHL_SFCOEFFS10= (0..200)
0 0 0 0 0 0 0 0 0 0 0 0 0 0 0 0 0 0 0 0 0 0 0 0 0 0 0 0 0 0 0 0 0 0 0 0
0 0 0 0 0 0 0 0 0 0 0 0 0 0 0 0 0 0 0 0 0 0 0 0 0 0 0 0 0 0 0 0 0 0 0 0
0 0 0 0 0 0 0 0 0 0 0 0 0 0 0 0 0 0 0 0 0 0 0 0 0 0 0 0 0 0 0 0 0 0 0 0
0 0 0 0 0 0 0 0 0 0 0 0 0 0 0 0 0 0 0 0 0 0 0 0 0 0 0 0 0 0 0 0 0 0 0 0
0 0 0 0 0 0 0 0 0 0 0 0 0 0 0 0 0 0 0 0 0 0 0 0 0 0 0 0 0 0 0 0 0 0 0 0
0 0 0 0 0 0 0 0 0 0 0 0 0 0 0 0 0 0 0 0 0
##$SHL_SFCOEFFS11= (0..200)
0 0 0 0 0 0 0 0 0 0 0 0 0 0 0 0 0 0 0 0 0 0 0 0 0 0 0 0 0 0 0 0 0 0 0 0
0 0 0 0 0 0 0 0 0 0 0 0 0 0 0 0 0 0 0 0 0 0 0 0 0 0 0 0 0 0 0 0 0 0 0 0
0 0 0 0 0 0 0 0 0 0 0 0 0 0 0 0 0 0 0 0 0 0 0 0 0 0 0 0 0 0 0 0 0 0 0 0
0 0 0 0 0 0 0 0 0 0 0 0 0 0 0 0 0 0 0 0 0 0 0 0 0 0 0 0 0 0 0 0 0 0 0 0
0 0 0 0 0 0 0 0 0 0 0 0 0 0 0 0 0 0 0 0 0 0 0 0 0 0 0 0 0 0 0 0 0 0 0 0
0 0 0 0 0 0 0 0 0 0 0 0 0 0 0 0 0 0 0 0 0
##$SHL_SFCOEFFS12= (0..200)
0 0 0 0 0 0 0 0 0 0 0 0 0 0 0 0 0 0 0 0 0 0 0 0 0 0 0 0 0 0 0 0 0 0 0 0
0 0 0 0 0 0 0 0 0 0 0 0 0 0 0 0 0 0 0 0 0 0 0 0 0 0 0 0 0 0 0 0 0 0 0 0
0 0 0 0 0 0 0 0 0 0 0 0 0 0 0 0 0 0 0 0 0 0 0 0 0 0 0 0 0 0 0 0 0 0 0 0
0 0 0 0 0 0 0 0 0 0 0 0 0 0 0 0 0 0 0 0 0 0 0 0 0 0 0 0 0 0 0 0 0 0 0 0
0 0 0 0 0 0 0 0 0 0 0 0 0 0 0 0 0 0 0 0 0 0 0 0 0 0 0 0 0 0 0 0 0 0 0 0
0 0 0 0 0 0 0 0 0 0 0 0 0 0 0 0 0 0 0 0 0
##$SHL_SFCOEFFS13= (0..200)
0 0 0 0 0 0 0 0 0 0 0 0 0 0 0 0 0 0 0 0 0 0 0 0 0 0 0 0 0 0 0 0 0 0 0 0
0 0 0 0 0 0 0 0 0 0 0 0 0 0 0 0 0 0 0 0 0 0 0 0 0 0 0 0 0 0 0 0 0 0 0 0
0 0 0 0 0 0 0 0 0 0 0 0 0 0 0 0 0 0 0 0 0 0 0 0 0 0 0 0 0 0 0 0 0 0 0 0
0 0 0 0 0 0 0 0 0 0 0 0 0 0 0 0 0 0 0 0 0 0 0 0 0 0 0 0 0 0 0 0 0 0 0 0
0 0 0 0 0 0 0 0 0 0 0 0 0 0 0 0 0 0 0 0 0 0 0 0 0 0 0 0 0 0 0 0 0 0 0 0
0 0 0 0 0 0 0 0 0 0 0 0 0 0 0 0 0 0 0 0 0
##$SHL_SFCOEFFS14= (0..200)
0 0 0 0 0 0 0 0 0 0 0 0 0 0 0 0 0 0 0 0 0 0 0 0 0 0 0 0 0 0 0 0 0 0 0 0
0 0 0 0 0 0 0 0 0 0 0 0 0 0 0 0 0 0 0 0 0 0 0 0 0 0 0 0 0 0 0 0 0 0 0 0
0 0 0 0 0 0 0 0 0 0 0 0 0 0 0 0 0 0 0 0 0 0 0 0 0 0 0 0 0 0 0 0 0 0 0 0
0 0 0 0 0 0 0 0 0 0 0 0 0 0 0 0 0 0 0 0 0 0 0 0 0 0 0 0 0 0 0 0 0 0 0 0
0 0 0 0 0 0 0 0 0 0 0 0 0 0 0 0 0 0 0 0 0 0 0 0 0 0 0 0 0 0 0 0 0 0 0 0
0 0 0 0 0 0 0 0 0 0 0 0 0 0 0 0 0 0 0 0 0
##$SHL_SFCOEFFS15= (0..200)
0 0 0 0 0 0 0 0 0 0 0 0 0 0 0 0 0 0 0 0 0 0 0 0 0 0 0 0 0 0 0 0 0 0 0 0
0 0 0 0 0 0 0 0 0 0 0 0 0 0 0 0 0 0 0 0 0 0 0 0 0 0 0 0 0 0 0 0 0 0 0 0
0 0 0 0 0 0 0 0 0 0 0 0 0 0 0 0 0 0 0 0 0 0 0 0 0 0 0 0 0 0 0 0 0 0 0 0
0 0 0 0 0 0 0 0 0 0 0 0 0 0 0 0 0 0 0 0 0 0 0 0 0 0 0 0 0 0 0 0 0 0 0 0
0 0 0 0 0 0 0 0 0 0 0 0 0 0 0 0 0 0 0 0 0 0 0 0 0 0 0 0 0 0 0 0 0 0 0 0
0 0 0 0 0 0 0 0 0 0 0 0 0 0 0 0 0 0 0 0 0
##$SHL_SFCOEFFS2= (0..200)
0 0 0 0 0 0 0 0 0 0 0 0 0 0 0 0 0 0 0 0 0 0 0 0 0 0 0 0 0 0 0 0 0 0 0 0
0 0 0 0 0 0 0 0 0 0 0 0 0 0 0 0 0 0 0 0 0 0 0 0 0 0 0 0 0 0 0 0 0 0 0 0
0 0 0 0 0 0 0 0 0 0 0 0 0 0 0 0 0 0 0 0 0 0 0 0 0 0 0 0 0 0 0 0 0 0 0 0
0 0 0 0 0 0 0 0 0 0 0 0 0 0 0 0 0 0 0 0 0 0 0 0 0 0 0 0 0 0 0 0 0 0 0 0
0 0 0 0 0 0 0 0 0 0 0 0 0 0 0 0 0 0 0 0 0 0 0 0 0 0 0 0 0 0 0 0 0 0 0 0
0 0 0 0 0 0 0 0 0 0 0 0 0 0 0 0 0 0 0 0 0
##$SHL_SFCOEFFS3= (0..200)
0 0 0 0 0 0 0 0 0 0 0 0 0 0 0 0 0 0 0 0 0 0 0 0 0 0 0 0 0 0 0 0 0 0 0 0
0 0 0 0 0 0 0 0 0 0 0 0 0 0 0 0 0 0 0 0 0 0 0 0 0 0 0 0 0 0 0 0 0 0 0 0
0 0 0 0 0 0 0 0 0 0 0 0 0 0 0 0 0 0 0 0 0 0 0 0 0 0 0 0 0 0 0 0 0 0 0 0
0 0 0 0 0 0 0 0 0 0 0 0 0 0 0 0 0 0 0 0 0 0 0 0 0 0 0 0 0 0 0 0 0 0 0 0
0 0 0 0 0 0 0 0 0 0 0 0 0 0 0 0 0 0 0 0 0 0 0 0 0 0 0 0 0 0 0 0 0 0 0 0
0 0 0 0 0 0 0 0 0 0 0 0 0 0 0 0 0 0 0 0 0
##$SHL_SFCOEFFS4= (0..200)
0 0 0 0 0 0 0 0 0 0 0 0 0 0 0 0 0 0 0 0 0 0 0 0 0 0 0 0 0 0 0 0 0 0 0 0
0 0 0 0 0 0 0 0 0 0 0 0 0 0 0 0 0 0 0 0 0 0 0 0 0 0 0 0 0 0 0 0 0 0 0 0
0 0 0 0 0 0 0 0 0 0 0 0 0 0 0 0 0 0 0 0 0 0 0 0 0 0 0 0 0 0 0 0 0 0 0 0
0 0 0 0 0 0 0 0 0 0 0 0 0 0 0 0 0 0 0 0 0 0 0 0 0 0 0 0 0 0 0 0 0 0 0 0
0 0 0 0 0 0 0 0 0 0 0 0 0 0 0 0 0 0 0 0 0 0 0 0 0 0 0 0 0 0 0 0 0 0 0 0
0 0 0 0 0 0 0 0 0 0 0 0 0 0 0 0 0 0 0 0 0
##$SHL_SFCOEFFS5= (0..200)
0 0 0 0 0 0 0 0 0 0 0 0 0 0 0 0 0 0 0 0 0 0 0 0 0 0 0 0 0 0 0 0 0 0 0 0
0 0 0 0 0 0 0 0 0 0 0 0 0 0 0 0 0 0 0 0 0 0 0 0 0 0 0 0 0 0 0 0 0 0 0 0
0 0 0 0 0 0 0 0 0 0 0 0 0 0 0 0 0 0 0 0 0 0 0 0 0 0 0 0 0 0 0 0 0 0 0 0
0 0 0 0 0 0 0 0 0 0 0 0 0 0 0 0 0 0 0 0 0 0 0 0 0 0 0 0 0 0 0 0 0 0 0 0
0 0 0 0 0 0 0 0 0 0 0 0 0 0 0 0 0 0 0 0 0 0 0 0 0 0 0 0 0 0 0 0 0 0 0 0
0 0 0 0 0 0 0 0 0 0 0 0 0 0 0 0 0 0 0 0 0
##$SHL_SFCOEFFS6= (0..200)
0 0 0 0 0 0 0 0 0 0 0 0 0 0 0 0 0 0 0 0 0 0 0 0 0 0 0 0 0 0 0 0 0 0 0 0
0 0 0 0 0 0 0 0 0 0 0 0 0 0 0 0 0 0 0 0 0 0 0 0 0 0 0 0 0 0 0 0 0 0 0 0
0 0 0 0 0 0 0 0 0 0 0 0 0 0 0 0 0 0 0 0 0 0 0 0 0 0 0 0 0 0 0 0 0 0 0 0
0 0 0 0 0 0 0 0 0 0 0 0 0 0 0 0 0 0 0 0 0 0 0 0 0 0 0 0 0 0 0 0 0 0 0 0
0 0 0 0 0 0 0 0 0 0 0 0 0 0 0 0 0 0 0 0 0 0 0 0 0 0 0 0 0 0 0 0 0 0 0 0
0 0 0 0 0 0 0 0 0 0 0 0 0 0 0 0 0 0 0 0 0
##$SHL_SFCOEFFS7= (0..200)
0 0 0 0 0 0 0 0 0 0 0 0 0 0 0 0 0 0 0 0 0 0 0 0 0 0 0 0 0 0 0 0 0 0 0 0
0 0 0 0 0 0 0 0 0 0 0 0 0 0 0 0 0 0 0 0 0 0 0 0 0 0 0 0 0 0 0 0 0 0 0 0
0 0 0 0 0 0 0 0 0 0 0 0 0 0 0 0 0 0 0 0 0 0 0 0 0 0 0 0 0 0 0 0 0 0 0 0
0 0 0 0 0 0 0 0 0 0 0 0 0 0 0 0 0 0 0 0 0 0 0 0 0 0 0 0 0 0 0 0 0 0 0 0
0 0 0 0 0 0 0 0 0 0 0 0 0 0 0 0 0 0 0 0 0 0 0 0 0 0 0 0 0 0 0 0 0 0 0 0
0 0 0 0 0 0 0 0 0 0 0 0 0 0 0 0 0 0 0 0 0
##$SHL_SFCOEFFS8= (0..200)
0 0 0 0 0 0 0 0 0 0 0 0 0 0 0 0 0 0 0 0 0 0 0 0 0 0 0 0 0 0 0 0 0 0 0 0
0 0 0 0 0 0 0 0 0 0 0 0 0 0 0 0 0 0 0 0 0 0 0 0 0 0 0 0 0 0 0 0 0 0 0 0
0 0 0 0 0 0 0 0 0 0 0 0 0 0 0 0 0 0 0 0 0 0 0 0 0 0 0 0 0 0 0 0 0 0 0 0
0 0 0 0 0 0 0 0 0 0 0 0 0 0 0 0 0 0 0 0 0 0 0 0 0 0 0 0 0 0 0 0 0 0 0 0
0 0 0 0 0 0 0 0 0 0 0 0 0 0 0 0 0 0 0 0 0 0 0 0 0 0 0 0 0 0 0 0 0 0 0 0
0 0 0 0 0 0 0 0 0 0 0 0 0 0 0 0 0 0 0 0 0
##$SHL_SFCOEFFS9= (0..200)
0 0 0 0 0 0 0 0 0 0 0 0 0 0 0 0 0 0 0 0 0 0 0 0 0 0 0 0 0 0 0 0 0 0 0 0
0 0 0 0 0 0 0 0 0 0 0 0 0 0 0 0 0 0 0 0 0 0 0 0 0 0 0 0 0 0 0 0 0 0 0 0
0 0 0 0 0 0 0 0 0 0 0 0 0 0 0 0 0 0 0 0 0 0 0 0 0 0 0 0 0 0 0 0 0 0 0 0
0 0 0 0 0 0 0 0 0 0 0 0 0 0 0 0 0 0 0 0 0 0 0 0 0 0 0 0 0 0 0 0 0 0 0 0
0 0 0 0 0 0 0 0 0 0 0 0 0 0 0 0 0 0 0 0 0 0 0 0 0 0 0 0 0 0 0 0 0 0 0 0
0 0 0 0 0 0 0 0 0 0 0 0 0 0 0 0 0 0 0 0 0
##$SHL_SMOOTHED= (0..15)
0 0 0 0 0 0 0 0 0 0 0 0 0 0 0 0
##$SHL_SMOOTHING= (0..15)
0 0 0 0 0 0 0 0 0 0 0 0 0 0 0 0
##$SHL_SPOAL= (0..15)
0 0 0 0 0 0 0 0 0 0 0 0 0 0 0 0
##$SHL_SPOFFS= (0..15)
0 0 0 0 0 0 0 0 0 0 0 0 0 0 0 0
##$SHL_SPOPH= (0..15)
0 0 0 0 0 0 0 0 0 0 0 0 0 0 0 0
##$SHL_STARTAMP= (0..15)
0 0 0 0 0 0 0 0 0 0 0 0 0 0 0 0
##$SHL_SW= (0..15)
0 0 0 0 0 0 0 0 0 0 0 0 0 0 0 0
##$SHL_SWDIR= (0..15)
-1 -1 -1 -1 -1 -1 -1 -1 -1 -1 -1 -1 -1 -1 -1 -1
##$SHL_TANKAPPA= (0..15)
0 0 0 0 0 0 0 0 0 0 0 0 0 0 0 0
##$SHL_TOTROT= (0..15)
90 0 0 0 0 0 0 0 0 0 0 0 0 0 0 0
##$SHL_TRUNCLEV= (0..15)
0 0 0 0 0 0 0 0 0 0 0 0 0 0 0 0
##$SHL_TYPE= (0..15)
<Excitation> <> <> <> <> <> <> <> <> <> <> <> <> <> <> <>
##$SHL_WINDOWSIZE= (0..15)
0 0 0 0 0 0 0 0 0 0 0 0 0 0 0 0
##$SHL_ZETA= (0..15)
0 0 0 0 0 0 0 0 0 0 0 0 0 0 0 0
##NPOINTS= 1000
##XYPOINTS= (XY..XY)
28.559411, 66.997279
25.481249, 68.117821
22.380972, 69.020959
19.264980, 69.599806
16.141999, 69.664776
13.025828, 68.846405
9.943175, 66.325609
6.961442, 59.925885
4.322099, 42.419093
3.107308, 356.193663
4.628842, 314.046443
7.344439, 298.845388
10.346739, 293.190577
13.436270, 290.973076
16.554455, 290.303946
19.677150, 290.452504
22.791498, 291.082641
25.889188, 292.019431
28.964021, 293.163210
32.010903, 294.453143
35.025368, 295.850040
38.003342, 297.327530
40.941011, 298.867226
43.834748, 300.455919
46.681073, 302.083875
49.476623, 303.743765
52.218140, 305.429964
54.902460, 307.138083
57.526508, 308.864647
60.087294, 310.606866
62.581915, 312.362478
65.007551, 314.129623
67.361469, 315.906763
69.641021, 317.692609
71.843648, 319.486076
73.966882, 321.286241
76.008346, 323.092315
77.965756, 324.903617
79.836926, 326.719556
81.619765, 328.539616
83.312284, 330.363345
84.912597, 332.190342
86.418918, 334.020250
87.829568, 335.852753
89.142977, 337.687562
90.357682, 339.524419
91.472329, 341.363088
92.485678, 343.203352
93.396602, 345.045011
94.204085, 346.887881
94.907231, 348.731788
95.505256, 350.576567
95.997496, 352.422065
96.383402, 354.268132
96.662546, 356.114625
96.834616, 357.961405
96.899422, 359.808334
96.856891, 1.655278
96.707072, 3.502100
96.450129, 5.348664
96.086350, 7.194831
95.616138, 9.040459
95.040018, 10.885400
94.358629, 12.729501
93.572730, 14.572600
92.683196, 16.414525
91.691016, 18.255095
90.597294, 20.094112
89.403249, 21.931364
88.110209, 23.766619
86.719615, 25.599622
85.233016, 27.430094
83.652068, 29.257723
81.978534, 31.082162
80.214280, 32.903019
78.361275, 34.719853
76.421587, 36.532163
74.397384, 38.339375
72.290929, 40.140828
70.104579, 41.935756
67.840785, 43.723267
65.502087, 45.502312
63.091114, 47.271649
60.610581, 49.029796
58.063291, 50.774966
55.452130, 52.504989
52.780070, 54.217196
50.050167, 55.908271
47.265566, 57.574038
44.429507, 59.209160
41.545328, 60.806709
38.616484, 62.357526
35.646569, 63.849235
32.639352, 65.264708
29.598846, 66.579544
26.529421, 67.757763
23.436013, 68.744060
20.324530, 69.448934
17.202717, 69.717759
14.082152, 69.259616
10.983626, 67.460195
7.954679, 62.795126
5.145097, 50.558626
3.223127, 15.374327
3.885590, 324.286209
6.370159, 302.361522
9.312299, 294.563179
12.381970, 291.495149
15.494077, 290.414843
18.617035, 290.335859
21.735306, 290.827571
24.839425, 291.674118
27.922634, 292.755888
30.979534, 294.001425
34.005482, 295.365465
36.996288, 296.817973
39.948060, 298.338240
42.857115, 299.911531
45.719924, 301.527077
48.533089, 303.176826
51.293316, 304.854637
53.997411, 306.555741
56.642268, 308.276384
59.224869, 310.013564
61.742282, 311.764853
64.191658, 313.528269
66.570234, 315.302170
68.875333, 317.085190
71.104368, 318.876179
73.254837, 320.674165
75.324332, 322.478313
77.310539, 324.287910
79.211237, 326.102335
81.024303, 327.921050
82.747714, 329.743580
84.379548, 331.569509
85.917984, 333.398466
87.361308, 335.230121
88.707911, 337.064177
89.956295, 338.900366
91.105069, 340.738445
92.152954, 342.578190
93.098783, 344.419397
93.941503, 346.261876
94.680178, 348.105449
95.313985, 349.949950
95.842219, 351.795221
96.264293, 353.641111
96.579736, 355.487475
96.788198, 357.334173
96.889448, 359.181067
96.883372, 1.028021
96.769977, 2.874899
96.549390, 4.721567
96.221856, 6.567884
95.787738, 8.413712
95.247521, 10.258903
94.601804, 12.103307
93.851307, 13.946764
92.996865, 15.789108
92.039427, 17.630160
90.980061, 19.469727
89.819944, 21.307603
88.560369, 23.143564
87.202738, 24.977362
85.748564, 26.808727
84.199467, 28.637359
82.557173, 30.462922
80.823514, 32.285042
79.000423, 34.103296
77.089937, 35.917203
75.094188, 37.726216
73.015408, 39.529705
70.855922, 41.326942
68.618149, 43.117081
66.304600, 44.899130
63.917873, 46.671918
61.460654, 48.434048
58.935717, 50.183847
56.345919, 51.919286
53.694203, 53.637880
50.983597, 55.336552
48.217214, 57.011447
45.398262, 58.657662
42.530045, 60.268872
39.615975, 61.836761
36.659595, 63.350187
33.664611, 64.793856
30.634942, 66.146208
27.574819, 67.375843
24.488954, 68.435216
21.382859, 69.248822
18.263511, 69.689312
15.140832, 69.524574
12.031460, 68.285305
8.970184, 64.876050
6.054286, 56.171853
3.677068, 31.383730
3.341576, 338.806179
5.440655, 307.338848
8.291131, 296.437037
11.332210, 292.234509
14.434836, 290.637186
17.556334, 290.283404
20.677459, 290.612676
23.787239, 291.355551
26.878206, 292.367244
29.944592, 293.563250
32.981540, 294.891018
35.984730, 296.316182
38.950181, 297.815337
41.874146, 299.371994
44.753049, 300.974208
47.583448, 302.613113
50.362017, 304.281987
53.085528, 305.975646
55.750846, 307.690023
58.354924, 309.421885
60.894800, 311.168625
63.367597, 312.928121
65.770523, 314.698627
68.100872, 316.478688
70.356024, 318.267089
72.533450, 320.062798
74.630711, 321.864939
76.645458, 323.672759
78.575439, 325.485609
80.418499, 327.302923
82.172580, 329.124206
83.835725, 330.949025
85.406078, 332.776992
86.881890, 334.607766
88.261516, 336.441038
89.543419, 338.276531
90.726171, 340.113994
91.808457, 341.953197
92.789070, 343.793930
93.666919, 345.635997
94.441029, 347.479218
95.110536, 349.323422
95.674697, 351.168448
96.132883, 353.014145
96.484586, 354.860364
96.729414, 356.706964
96.867094, 358.553806
96.897473, 0.400755
96.820518, 2.247675
96.636314, 4.094429
96.345067, 5.940881
95.947099, 7.786891
95.442854, 9.632315
94.832893, 11.477003
94.117894, 13.320801
93.298653, 15.163542
92.376081, 17.005054
91.351205, 18.845147
90.225166, 20.683622
88.999218, 22.520260
87.674725, 24.354821
86.253163, 26.187045
84.736115, 28.016641
83.125273, 29.843286
81.422431, 31.666620
79.629491, 33.486238
77.748452, 35.301679
75.781414, 37.112420
73.730577, 38.917861
71.598234, 40.717310
69.386773, 42.509964
67.098672, 44.294882
64.736501, 46.070959
62.302916, 47.836881
59.800661, 49.591076
57.232566, 51.331646
54.601543, 53.056272
51.910592, 54.762099
49.162798, 56.445560
46.361334, 58.102144
43.509472, 59.726061
40.610584, 61.309749
37.668167, 62.843145
34.685866, 64.312553
31.667521, 65.698850
28.617242, 66.974510
25.539550, 68.098438
22.439636, 69.006492
19.323870, 69.592855
16.200916, 69.670127
13.084432, 68.873855
10.000735, 66.398360
7.015867, 60.111300
4.364699, 42.956346
3.103731, 357.279029
4.583860, 314.520114
7.289447, 299.011381
10.288999, 293.256158
13.377606, 290.997239
16.495528, 290.307547
19.618277, 290.444518
22.732869, 291.067513
25.830935, 291.999602
28.906249, 293.140126
31.953701, 294.427715
34.968817, 295.822869
37.947515, 297.299029
40.885979, 298.837686
43.780578, 300.425554
46.627828, 302.052843
49.424367, 303.712187
52.166933, 305.397934
54.852361, 307.105674
57.477573, 308.831918
60.039581, 310.573864
62.535476, 312.329241
64.962440, 314.096184
67.317735, 315.873147
69.598715, 317.658840
71.802817, 319.452172
73.927571, 321.252219
75.970599, 323.058188
77.929615, 324.869397
79.802432, 326.685253
81.586956, 328.505240
83.281198, 330.328904
84.883267, 332.155842
86.391377, 333.985699
87.803848, 335.818155
89.119105, 337.652923
90.335685, 339.489744
91.452232, 341.328381
92.467503, 343.168616
93.380369, 345.010251
94.189813, 346.853100
94.894935, 348.696988
95.494950, 350.541753
95.989191, 352.387238
96.377108, 354.233296
96.658269, 356.079783
96.832362, 357.926558
96.899193, 359.773486
96.858687, 1.620431
96.710891, 3.467256
96.455967, 5.313826
96.094200, 7.160002
95.625992, 9.005642
95.051865, 10.850597
94.372456, 12.694715
93.588521, 14.537835
92.700933, 16.379784
91.710680, 18.220381
90.618863, 20.059429
89.426699, 21.896716
88.135514, 23.732011
86.746747, 25.565060
85.261944, 27.395582
83.682760, 29.223268
82.010956, 31.047770
80.248396, 32.868699
78.397046, 34.685614
76.458974, 36.498014
74.436345, 38.305328
72.331420, 40.106896
70.146556, 41.901955
67.884200, 43.689616
65.546891, 45.468831
63.137256, 47.238364
60.658011, 48.996737
58.111954, 50.742171
55.501971, 52.472502
52.831031, 54.185074
50.102190, 55.876584
47.318592, 57.542873
44.483473, 59.178631
41.600171, 60.776966
38.672137, 62.328767
35.702962, 63.821732
32.696413, 65.238841
29.656497, 66.555863
26.587574, 67.737094
23.494567, 68.727700
20.383361, 69.439037
17.261653, 69.718176
14.140916, 69.277921
11.041669, 67.513363
8.010594, 62.928833
5.193749, 50.927311
3.240314, 16.373820
3.849219, 324.973261
6.317154, 302.594253
9.255174, 294.652651
12.323515, 291.530019
15.435194, 290.424061
18.558119, 290.331159
21.676577, 290.814524
24.781031, 291.655686
27.864688, 292.733787
30.922130, 293.976713
33.948701, 295.338833
36.940207, 296.789886
39.892751, 298.309026
42.802644, 299.881426
45.666358, 301.496257
48.480490, 303.145422
51.241746, 304.822751
53.946929, 306.523454
56.592932, 308.243757
59.176735, 309.980649
61.695404, 311.731692
64.146090, 313.494895
66.526027, 315.268611
68.832537, 317.051471
71.063030, 318.842320
73.215004, 320.640181
75.286049, 322.444220
77.273848, 324.253720
79.176179, 326.068060
80.990918, 327.886698
82.716039, 329.709160
84.349617, 331.535028
85.889832, 333.363931
87.334965, 335.195538
88.683408, 337.029552
89.933659, 338.865703
91.084324, 340.703748
92.134123, 342.543464
93.081888, 344.384645
93.926563, 346.227102
94.667209, 348.070656
95.303002, 349.915141
95.833234, 351.760398
96.257315, 353.606278
96.574774, 355.452635
96.785257, 357.299328
96.888531, 359.146219
96.884480, 0.993173
96.773110, 2.840054
96.554543, 4.686727
96.229023, 6.533052
95.796913, 8.378890
95.258692, 10.224095
94.614960, 12.068515
93.866433, 13.911992
93.013943, 15.754359
92.058439, 17.595436
91.000985, 19.435033
89.842758, 21.272943
88.585047, 23.108942
87.229253, 24.942784
85.776885, 26.774197
84.229563, 28.602884
82.589011, 30.428508
80.857058, 32.250697
79.035637, 34.069028
77.126780, 35.883022
75.132619, 37.692133
73.055384, 39.495732
70.897399, 41.293095
68.661081, 43.083377
66.348938, 44.865589
63.963567, 46.638563
61.507653, 48.400909
58.983967, 50.150958
56.395366, 51.886689
53.744790, 53.605627
51.035266, 55.304708
48.269907, 56.980093
45.451917, 58.626903
42.584597, 60.238843
39.671360, 61.807642
36.715745, 63.322221
33.721454, 64.767382
30.692401, 66.121710
27.632812, 67.354035
24.547384, 68.417205
21.441612, 69.236408
18.322436, 69.685628
15.199696, 69.535564
12.089841, 68.323649
9.027094, 64.973598
6.106559, 56.428356
3.710143, 32.140431
3.319341, 339.745181
5.390810, 307.671559
8.234900, 296.559423
11.274060, 292.283153
14.376039, 290.653298
17.497398, 290.282608
20.618648, 290.602040
23.728718, 291.338710
26.820097, 292.346245
29.886993, 293.539334
32.924538, 294.864977
35.928403, 296.288547
38.894602, 297.786475
41.819383, 299.342169
44.699168, 300.943614
47.530514, 302.581894
50.310091, 304.250255
53.034670, 305.943487
55.701115, 307.657506
58.306376, 309.389063
60.847490, 311.135543
63.321578, 312.894816
65.725848, 314.665128
68.057591, 316.445022
70.314186, 318.233275
72.493101, 320.028855
74.591896, 321.830882
76.608221, 323.638601
78.539823, 325.451361
80.384542, 327.268596
82.140320, 329.089809
83.805198, 330.914564
85.377318, 332.742475
86.854930, 334.573199
88.236385, 336.406427
89.520145, 338.241880
90.704781, 340.079308
91.788974, 341.918481
92.771516, 343.759186
93.651314, 345.601230
94.427388, 347.444431
95.098877, 349.288617
95.665031, 351.133630
96.125223, 352.979315
96.478938, 354.825525
96.725785, 356.672120
96.865489, 358.518959
96.897893, 0.365907
96.822963, 2.212828
96.640781, 4.059587
96.351551, 5.906046
95.955593, 7.752065
95.453348, 9.597502
94.845376, 11.442206
94.132352, 13.286021
93.315069, 15.128784
92.394438, 16.970321
91.371482, 18.810443
90.247341, 20.648950
89.023265, 22.485625
87.700618, 24.320228
86.280874, 26.152498
84.765612, 27.982146
83.156523, 29.808850
81.455401, 31.632251
79.664142, 33.451943
77.784746, 35.267467
75.819311, 37.078302
73.770034, 38.883850
71.639207, 40.683419
69.429216, 42.476208
67.142537, 44.261282
64.781739, 46.037538
62.349477, 47.803665
59.848492, 49.558098
57.281612, 51.298944
54.651750, 53.023896
51.961901, 54.730108
49.215150, 56.414029
46.414669, 58.071170
43.563726, 59.695766
40.665694, 61.280297
37.724065, 62.814755
34.742482, 64.285526
31.724780, 65.673614
28.675063, 66.951688
25.597843, 68.078979
22.498294, 68.991912
19.382757, 69.585727
16.259835, 69.675179
13.143046, 68.900738
10.058327, 66.469865
7.070391, 60.293304
4.407727, 43.482462
3.101344, 358.366552
4.539247, 315.003845
7.234544, 299.180442
10.231286, 293.322885
13.318951, 291.021932
16.436602, 290.311432
19.559401, 290.436700
22.674234, 291.052492
25.772674, 291.979845
28.848467, 293.117094
31.896488, 294.402326
34.912253, 295.795727
37.891674, 297.270549
40.830931, 298.808164
43.726390, 300.395203
46.574566, 302.021823
49.372091, 303.680619
52.115705, 305.365912
54.802240, 307.073272
57.428617, 308.799194
59.991844, 310.540866
62.489013, 312.296008
64.917303, 314.062748
67.273976, 315.839535
69.556381, 317.625074
71.761957, 319.418271
73.888230, 321.218199
75.932822, 323.024063
77.893444, 324.835178
79.767906, 326.650952
81.554116, 328.470865
83.250078, 330.294463
84.853903, 332.121343
86.363802, 333.951148
87.778092, 335.783558
89.095198, 337.618285
90.313652, 339.455069
91.432098, 341.293674
92.449291, 343.133881
93.364099, 344.975492
94.175503, 346.818319
94.882601, 348.662189
95.484606, 350.506939
95.980848, 352.352412
96.370776, 354.198460
96.653954, 356.044940
96.830069, 357.891712
96.898925, 359.738638
96.860445, 1.585583
96.714672, 3.432412
96.461767, 5.278989
96.102013, 7.125173
95.635809, 8.970824
95.063674, 10.815794
94.386245, 12.659929
93.604274, 14.503069
92.718634, 16.345042
91.730308, 18.185666
90.640396, 20.024746
89.450113, 21.862068
88.160784, 23.697403
86.773844, 25.530496
85.290838, 27.361069
83.713419, 29.188812
82.043345, 31.013377
80.282480, 32.834377
78.432787, 34.651372
76.496331, 36.463863
74.475277, 38.271279
72.371883, 40.072962
70.188504, 41.868152
67.927587, 43.655961
65.591669, 45.435346
63.183374, 47.205075
60.705416, 48.963674
58.160593, 50.709370
55.551789, 52.440010
52.881972, 54.152945
50.154195, 55.844887
47.371600, 57.511697
44.537423, 59.148090
41.654998, 60.747207
38.727775, 62.299988
35.759343, 63.794202
32.753462, 65.212939
29.714136, 66.532135
26.645717, 67.716358
23.553114, 68.711242
20.442189, 69.428990
17.320590, 69.718346
14.199687, 69.295777
11.099735, 67.565598
8.066575, 63.060187
5.242653, 51.288465
3.258547, 17.362056
3.813471, 325.673989
6.264288, 302.831525
9.198090, 294.743681
12.265075, 291.565565
15.376314, 290.433625
18.499200, 290.326659
21.617843, 290.801601
24.722631, 291.637337
27.806733, 292.711744
30.864714, 293.952044
33.891908, 295.312231
36.884112, 296.761823
39.837426, 298.279830
42.748157, 299.851336
45.612774, 301.465448
48.427873, 303.114028
51.190156, 304.790874
53.896426, 306.491173
56.543573, 308.211137
59.128578, 309.947740
61.648503, 311.698536
64.100497, 313.461525
66.481794, 315.235057
68.789714, 317.017755
71.021664, 318.808462
73.175142, 320.606199
75.247736, 322.410129
77.237126, 324.219532
79.141090, 326.033785
80.957501, 327.852347
82.684331, 329.674741
84.319653, 331.500549
85.861646, 333.329398
87.308589, 335.160957
88.658870, 336.994927
89.910987, 338.831040
91.063543, 340.669052
92.115257, 342.508738
93.064957, 344.349894
93.911586, 346.192328
94.654203, 348.035863
95.291981, 349.880331
95.824210, 351.725576
96.250299, 353.571445
96.569773, 355.417794
96.782277, 357.264482
96.887575, 359.111371
96.885550, 0.958325
96.776204, 2.805209
96.559658, 4.651886
96.236153, 6.498220
95.806050, 8.344068
95.269826, 10.189286
94.628078, 12.033723
93.881521, 13.877219
93.030984, 15.719608
92.077415, 17.560712
91.021874, 19.400339
89.865536, 21.238283
88.609690, 23.074320
87.255732, 24.908204
85.805173, 26.739667
84.259627, 28.568407
82.620817, 30.394093
80.890571, 32.216350
79.070819, 34.034758
77.163592, 35.848839
75.171021, 37.658047
73.095332, 39.461757
70.938849, 41.259245
68.703986, 43.049669
66.393249, 44.832044
64.009235, 46.605204
61.554627, 48.367765
59.032194, 50.118064
56.444791, 51.854087
53.795356, 53.573368
51.086916, 55.272856
48.322581, 56.948729
45.505553, 58.596132
42.639134, 60.208798
39.726730, 61.778504
36.771881, 63.294231
33.778284, 64.740876
30.749850, 66.097168
27.690795, 67.332168
24.605807, 68.399109
21.500361, 69.223866
18.381359, 69.681737
15.258565, 69.546191
12.148237, 68.361279
9.084049, 65.069473
6.158987, 56.679887
3.743914, 32.882978
3.298078, 340.697044
5.341190, 308.011136
8.178729, 296.683986
11.215931, 292.332674
14.317248, 290.669838
17.438462, 290.282049
20.559832, 290.591550
23.670190, 291.321964
26.761979, 292.325312
29.829385, 293.515464
32.867525, 294.838970
35.872063, 296.260937
38.839008, 297.757634
41.764604, 299.312361
44.645270, 300.913033
47.477561, 302.550686
50.258145, 304.218532
52.983791, 305.911336
55.651361, 307.624994
58.257804, 309.356246
60.800156, 311.102466
63.275535, 312.861515
65.681147, 314.631633
68.014283, 316.411358
70.272320, 318.199463
72.452724, 319.994914
74.553052, 321.796826
76.570955, 323.604445
78.504175, 325.417115
80.350553, 327.234270
82.108027, 329.055412
83.774638, 330.880104
85.348525, 332.707959
86.827935, 334.538633
88.211219, 336.371816
89.496837, 338.207230
90.683355, 340.044623
91.769454, 341.883764
92.753925, 343.724443
93.635671, 345.566463
94.413711, 347.409644
95.087180, 349.253813
95.655328, 351.098812
96.117524, 352.944485
96.473253, 354.790687
96.722119, 356.637276
96.863846, 358.484112
96.898276, 0.331059
96.825370, 2.177982
96.645210, 4.024745
96.357997, 5.871210
95.964049, 7.717240
95.463805, 9.562688
94.857822, 11.407408
94.146773, 13.251242
93.331449, 15.094026
92.412759, 16.935587
91.391724, 18.775738
90.269480, 20.614278
89.047278, 22.450989
87.726478, 24.285633
86.308550, 26.117950
84.795076, 27.947651
83.187741, 29.774414
81.488338, 31.597880
79.698761, 33.417646
77.821009, 35.233254
75.857178, 37.044183
73.809462, 38.849836
71.680152, 40.649525
69.471631, 42.442450
67.186377, 44.227680
64.826953, 46.004113
62.396014, 47.770445
59.896300, 49.525115
57.330636, 51.266237
54.701934, 52.991514
52.013189, 54.698109
49.267483, 56.382489
46.467986, 58.040184
43.617964, 59.665457
40.720788, 61.250828
37.779949, 62.786343
34.799085, 64.258471
31.782027, 65.648339
28.732874, 66.928814
25.656128, 68.059446
22.556947, 68.977221
19.441641, 69.578424
16.318755, 69.679934
13.201671, 68.927064
10.115950, 66.540146
7.125014, 60.471969
4.451168, 43.997658
3.100149, 359.455373
4.495012, 315.497850
7.179732, 299.352636
10.173603, 293.390777
13.260306, 291.047162
16.377678, 290.315604
19.500523, 290.429052
22.615594, 291.037581
25.714405, 291.960163
28.790676, 293.094114
31.839263, 294.376974
34.855675, 295.768614
37.835819, 297.242092
40.775867, 298.778659
43.672186, 300.364866
46.521285, 301.990814
49.319797, 303.649060
52.064458, 305.333897
54.752098, 307.040876
57.379638, 308.766475
59.944083, 310.507873
62.442526, 312.262780
64.872141, 314.029316
67.230189, 315.805926
69.514020, 317.591310
71.721068, 319.384372
73.848861, 321.184180
75.895015, 322.989939
77.857242, 324.800961
79.733349, 326.616652
81.521243, 328.436492
83.218926, 330.260024
84.824506, 332.086846
86.336193, 333.916599
87.752302, 335.748962
89.071255, 337.583648
90.291584, 339.420396
91.411929, 341.258968
92.431043, 343.099147
93.347793, 344.940733
94.161157, 346.783539
94.870230, 348.627391
95.474225, 350.472125
95.972468, 352.317586
96.364405, 354.163625
96.649601, 356.010098
96.827739, 357.856865
96.898619, 359.703790
96.862164, 1.550736
96.718414, 3.397568
96.467529, 5.244151
96.109787, 7.090344
95.645587, 8.936006
95.075446, 10.780990
94.399996, 12.625143
93.619991, 14.468303
92.736297, 16.310300
91.749899, 18.150951
90.661894, 19.990062
89.473493, 21.827419
88.186019, 23.662794
86.800907, 25.495932
85.319698, 27.326556
83.744045, 29.154354
82.075703, 30.978983
80.316532, 32.800054
78.468496, 34.617129
76.533658, 36.429710
74.514179, 38.237227
72.412318, 40.039025
70.230426, 41.834345
67.970949, 43.622303
65.636421, 45.401858
63.229467, 47.171782
60.752798, 48.930606
58.209210, 50.676565
55.601586, 52.407511
52.932892, 54.120808
50.206180, 55.813182
47.424590, 57.480511
44.591355, 59.117535
41.709809, 60.717431
38.783399, 62.271187
35.815709, 63.766646
32.810500, 65.187002
29.771766, 66.508359
26.703853, 67.695556
23.611655, 68.694687
20.501012, 69.418793
17.379526, 69.718270
14.258464, 69.313189
11.157822, 67.616914
8.122620, 63.189232
5.291803, 51.642261
3.277807, 18.338575
3.778363, 326.388533
6.211564, 303.073444
9.141048, 294.836297
12.206648, 291.601796
15.317437, 290.443540
18.440280, 290.322359
21.559105, 290.788804
24.664222, 291.619072
27.748768, 292.689759
30.807287, 293.927417
33.835102, 295.285662
36.828004, 296.733784
39.782086, 298.250654
42.693653, 299.821261
45.559173, 301.434652
48.375236, 303.082645
51.138546, 304.759005
53.845902, 306.458899
56.494193, 308.178522
59.080397, 309.914835
61.601577, 311.665383
64.054878, 313.428159
66.437534, 315.201505
68.746863, 316.984041
70.980270, 318.774607
73.135252, 320.572220
75.209393, 322.376040
77.200375, 324.185346
79.105970, 325.999513
80.924052, 327.817997
82.652590, 329.640323
84.289657, 331.466070
85.833426, 333.294865
87.282178, 335.126376
88.634297, 336.960303
89.888279, 338.796378
91.042726, 340.634356
92.096354, 342.474013
93.047989, 344.315143
93.896572, 346.157554
94.641159, 348.001070
95.280922, 349.845522
95.815149, 351.690754
96.243245, 353.536613
96.564734, 355.382954
96.779260, 357.229637
96.886582, 359.076523
##END=
##XYPOINTS= (XY..XY)
100.000000, 0.000000
100.000000, 0.000000
100.000000, 0.000000
100.000000, 0.000000
100.000000, 0.000000
100.000000, 0.000000
100.000000, 0.000000
100.000000, 0.000000
100.000000, 0.000000
100.000000, 0.000000
100.000000, 0.000000
100.000000, 0.000000
100.000000, 0.000000
100.000000, 0.000000
100.000000, 0.000000
100.000000, 0.000000
100.000000, 0.000000
100.000000, 0.000000
100.000000, 0.000000
100.000000, 0.000000
100.000000, 0.000000
100.000000, 0.000000
100.000000, 0.000000
100.000000, 0.000000
100.000000, 0.000000
100.000000, 0.000000
100.000000, 0.000000
100.000000, 0.000000
100.000000, 0.000000
100.000000, 0.000000
100.000000, 0.000000
100.000000, 0.000000
100.000000, 0.000000
100.000000, 0.000000
100.000000, 0.000000
100.000000, 0.000000
100.000000, 0.000000
100.000000, 0.000000
100.000000, 0.000000
100.000000, 0.000000
100.000000, 0.000000
100.000000, 0.000000
100.000000, 0.000000
100.000000, 0.000000
100.000000, 0.000000
100.000000, 0.000000
100.000000, 0.000000
100.000000, 0.000000
100.000000, 0.000000
100.000000, 0.000000
100.000000, 0.000000
100.000000, 0.000000
100.000000, 0.000000
100.000000, 0.000000
100.000000, 0.000000
100.000000, 0.000000
100.000000, 0.000000
100.000000, 0.000000
100.000000, 0.000000
100.000000, 0.000000
100.000000, 0.000000
100.000000, 0.000000
100.000000, 0.000000
100.000000, 0.000000
100.000000, 0.000000
100.000000, 0.000000
100.000000, 0.000000
100.000000, 0.000000
100.000000, 0.000000
100.000000, 0.000000
100.000000, 0.000000
100.000000, 0.000000
100.000000, 0.000000
100.000000, 0.000000
100.000000, 0.000000
100.000000, 0.000000
100.000000, 0.000000
100.000000, 0.000000
100.000000, 0.000000
100.000000, 0.000000
100.000000, 0.000000
100.000000, 0.000000
100.000000, 0.000000
100.000000, 0.000000
100.000000, 0.000000
100.000000, 0.000000
100.000000, 0.000000
100.000000, 0.000000
100.000000, 0.000000
100.000000, 0.000000
100.000000, 0.000000
100.000000, 0.000000
100.000000, 0.000000
100.000000, 0.000000
100.000000, 0.000000
100.000000, 0.000000
100.000000, 0.000000
100.000000, 0.000000
100.000000, 0.000000
100.000000, 0.000000
100.000000, 0.000000
100.000000, 0.000000
100.000000, 0.000000
100.000000, 0.000000
100.000000, 0.000000
100.000000, 0.000000
100.000000, 0.000000
100.000000, 0.000000
100.000000, 0.000000
100.000000, 0.000000
100.000000, 0.000000
100.000000, 0.000000
100.000000, 0.000000
100.000000, 0.000000
100.000000, 0.000000
100.000000, 0.000000
100.000000, 0.000000
100.000000, 0.000000
100.000000, 0.000000
100.000000, 0.000000
100.000000, 0.000000
100.000000, 0.000000
100.000000, 0.000000
100.000000, 0.000000
100.000000, 0.000000
100.000000, 0.000000
100.000000, 0.000000
100.000000, 0.000000
100.000000, 0.000000
100.000000, 0.000000
100.000000, 0.000000
100.000000, 0.000000
100.000000, 0.000000
100.000000, 0.000000
100.000000, 0.000000
100.000000, 0.000000
100.000000, 0.000000
100.000000, 0.000000
100.000000, 0.000000
100.000000, 0.000000
100.000000, 0.000000
100.000000, 0.000000
100.000000, 0.000000
100.000000, 0.000000
100.000000, 0.000000
100.000000, 0.000000
100.000000, 0.000000
100.000000, 0.000000
100.000000, 0.000000
100.000000, 0.000000
100.000000, 0.000000
100.000000, 0.000000
100.000000, 0.000000
100.000000, 0.000000
100.000000, 0.000000
100.000000, 0.000000
100.000000, 0.000000
100.000000, 0.000000
100.000000, 0.000000
100.000000, 0.000000
100.000000, 0.000000
100.000000, 0.000000
100.000000, 0.000000
100.000000, 0.000000
100.000000, 0.000000
100.000000, 0.000000
100.000000, 0.000000
100.000000, 0.000000
100.000000, 0.000000
100.000000, 0.000000
100.000000, 0.000000
100.000000, 0.000000
100.000000, 0.000000
100.000000, 0.000000
100.000000, 0.000000
100.000000, 0.000000
100.000000, 0.000000
100.000000, 0.000000
100.000000, 0.000000
100.000000, 0.000000
100.000000, 0.000000
100.000000, 0.000000
100.000000, 0.000000
100.000000, 0.000000
100.000000, 0.000000
100.000000, 0.000000
100.000000, 0.000000
100.000000, 0.000000
100.000000, 0.000000
100.000000, 0.000000
100.000000, 0.000000
100.000000, 0.000000
100.000000, 0.000000
100.000000, 0.000000
100.000000, 0.000000
100.000000, 0.000000
100.000000, 0.000000
100.000000, 0.000000
100.000000, 0.000000
100.000000, 0.000000
100.000000, 0.000000
100.000000, 0.000000
100.000000, 0.000000
100.000000, 0.000000
100.000000, 0.000000
100.000000, 0.000000
100.000000, 0.000000
100.000000, 0.000000
100.000000, 0.000000
100.000000, 0.000000
100.000000, 0.000000
100.000000, 0.000000
100.000000, 0.000000
100.000000, 0.000000
100.000000, 0.000000
100.000000, 0.000000
100.000000, 0.000000
100.000000, 0.000000
100.000000, 0.000000
100.000000, 0.000000
100.000000, 0.000000
100.000000, 0.000000
100.000000, 0.000000
100.000000, 0.000000
100.000000, 0.000000
100.000000, 0.000000
100.000000, 0.000000
100.000000, 0.000000
100.000000, 0.000000
100.000000, 0.000000
100.000000, 0.000000
100.000000, 0.000000
100.000000, 0.000000
100.000000, 0.000000
100.000000, 0.000000
100.000000, 0.000000
100.000000, 0.000000
100.000000, 0.000000
100.000000, 0.000000
100.000000, 0.000000
100.000000, 0.000000
100.000000, 0.000000
100.000000, 0.000000
100.000000, 0.000000
100.000000, 0.000000
100.000000, 0.000000
100.000000, 0.000000
100.000000, 0.000000
100.000000, 0.000000
100.000000, 0.000000
100.000000, 0.000000
100.000000, 0.000000
100.000000, 0.000000
100.000000, 0.000000
100.000000, 0.000000
100.000000, 0.000000
100.000000, 0.000000
100.000000, 0.000000
100.000000, 0.000000
100.000000, 0.000000
100.000000, 0.000000
100.000000, 0.000000
100.000000, 0.000000
100.000000, 0.000000
100.000000, 0.000000
100.000000, 0.000000
100.000000, 0.000000
100.000000, 0.000000
100.000000, 0.000000
100.000000, 0.000000
100.000000, 0.000000
100.000000, 0.000000
100.000000, 0.000000
100.000000, 0.000000
100.000000, 0.000000
100.000000, 0.000000
100.000000, 0.000000
100.000000, 0.000000
100.000000, 0.000000
100.000000, 0.000000
100.000000, 0.000000
100.000000, 0.000000
100.000000, 0.000000
100.000000, 0.000000
100.000000, 0.000000
100.000000, 0.000000
100.000000, 0.000000
100.000000, 0.000000
100.000000, 0.000000
100.000000, 0.000000
100.000000, 0.000000
100.000000, 0.000000
100.000000, 0.000000
100.000000, 0.000000
100.000000, 0.000000
100.000000, 0.000000
100.000000, 0.000000
100.000000, 0.000000
100.000000, 0.000000
100.000000, 0.000000
100.000000, 0.000000
100.000000, 0.000000
100.000000, 0.000000
100.000000, 0.000000
100.000000, 0.000000
100.000000, 0.000000
100.000000, 0.000000
100.000000, 0.000000
100.000000, 0.000000
100.000000, 0.000000
100.000000, 0.000000
100.000000, 0.000000
100.000000, 0.000000
100.000000, 0.000000
100.000000, 0.000000
100.000000, 0.000000
100.000000, 0.000000
100.000000, 0.000000
100.000000, 0.000000
100.000000, 0.000000
100.000000, 0.000000
100.000000, 0.000000
100.000000, 0.000000
100.000000, 0.000000
100.000000, 0.000000
100.000000, 0.000000
100.000000, 0.000000
100.000000, 0.000000
100.000000, 0.000000
100.000000, 0.000000
100.000000, 0.000000
100.000000, 0.000000
100.000000, 0.000000
100.000000, 0.000000
100.000000, 0.000000
100.000000, 0.000000
100.000000, 0.000000
100.000000, 0.000000
100.000000, 0.000000
100.000000, 0.000000
100.000000, 0.000000
100.000000, 0.000000
100.000000, 0.000000
100.000000, 0.000000
100.000000, 0.000000
100.000000, 0.000000
100.000000, 0.000000
100.000000, 0.000000
100.000000, 0.000000
100.000000, 0.000000
100.000000, 0.000000
100.000000, 0.000000
100.000000, 0.000000
100.000000, 0.000000
100.000000, 0.000000
100.000000, 0.000000
100.000000, 0.000000
100.000000, 0.000000
100.000000, 0.000000
100.000000, 0.000000
100.000000, 0.000000
100.000000, 0.000000
100.000000, 0.000000
100.000000, 0.000000
100.000000, 0.000000
100.000000, 0.000000
100.000000, 0.000000
100.000000, 0.000000
100.000000, 0.000000
100.000000, 0.000000
100.000000, 0.000000
100.000000, 0.000000
100.000000, 0.000000
100.000000, 0.000000
100.000000, 0.000000
100.000000, 0.000000
100.000000, 0.000000
100.000000, 0.000000
100.000000, 0.000000
100.000000, 0.000000
100.000000, 0.000000
100.000000, 0.000000
100.000000, 0.000000
100.000000, 0.000000
100.000000, 0.000000
100.000000, 0.000000
100.000000, 0.000000
100.000000, 0.000000
100.000000, 0.000000
100.000000, 0.000000
100.000000, 0.000000
100.000000, 0.000000
100.000000, 0.000000
100.000000, 0.000000
100.000000, 0.000000
100.000000, 0.000000
100.000000, 0.000000
100.000000, 0.000000
100.000000, 0.000000
100.000000, 0.000000
100.000000, 0.000000
100.000000, 0.000000
100.000000, 0.000000
100.000000, 0.000000
100.000000, 0.000000
100.000000, 0.000000
100.000000, 0.000000
100.000000, 0.000000
100.000000, 0.000000
100.000000, 0.000000
100.000000, 0.000000
100.000000, 0.000000
100.000000, 0.000000
100.000000, 0.000000
100.000000, 0.000000
100.000000, 0.000000
100.000000, 0.000000
100.000000, 0.000000
100.000000, 0.000000
100.000000, 0.000000
100.000000, 0.000000
100.000000, 0.000000
100.000000, 0.000000
100.000000, 0.000000
100.000000, 0.000000
100.000000, 0.000000
100.000000, 0.000000
100.000000, 0.000000
100.000000, 0.000000
100.000000, 0.000000
100.000000, 0.000000
100.000000, 0.000000
100.000000, 0.000000
100.000000, 0.000000
100.000000, 0.000000
100.000000, 0.000000
100.000000, 0.000000
100.000000, 0.000000
100.000000, 0.000000
100.000000, 0.000000
100.000000, 0.000000
100.000000, 0.000000
100.000000, 0.000000
100.000000, 0.000000
100.000000, 0.000000
100.000000, 0.000000
100.000000, 0.000000
100.000000, 0.000000
100.000000, 0.000000
100.000000, 0.000000
100.000000, 0.000000
100.000000, 0.000000
100.000000, 0.000000
100.000000, 0.000000
100.000000, 0.000000
100.000000, 0.000000
100.000000, 0.000000
100.000000, 0.000000
100.000000, 0.000000
100.000000, 0.000000
100.000000, 0.000000
100.000000, 0.000000
100.000000, 0.000000
100.000000, 0.000000
100.000000, 0.000000
100.000000, 0.000000
100.000000, 0.000000
100.000000, 0.000000
100.000000, 0.000000
100.000000, 0.000000
100.000000, 0.000000
100.000000, 0.000000
100.000000, 0.000000
100.000000, 0.000000
100.000000, 0.000000
100.000000, 0.000000
100.000000, 0.000000
100.000000, 0.000000
100.000000, 0.000000
100.000000, 0.000000
100.000000, 0.000000
100.000000, 0.000000
100.000000, 0.000000
100.000000, 0.000000
100.000000, 0.000000
100.000000, 0.000000
100.000000, 0.000000
100.000000, 0.000000
100.000000, 0.000000
100.000000, 0.000000
100.000000, 0.000000
100.000000, 0.000000
100.000000, 0.000000
100.000000, 0.000000
100.000000, 0.000000
100.000000, 0.000000
100.000000, 0.000000
100.000000, 0.000000
100.000000, 0.000000
100.000000, 0.000000
100.000000, 0.000000
100.000000, 0.000000
100.000000, 0.000000
100.000000, 0.000000
100.000000, 0.000000
100.000000, 0.000000
100.000000, 0.000000
100.000000, 0.000000
100.000000, 0.000000
100.000000, 0.000000
100.000000, 0.000000
100.000000, 0.000000
100.000000, 0.000000
100.000000, 0.000000
100.000000, 0.000000
100.000000, 0.000000
100.000000, 0.000000
100.000000, 0.000000
100.000000, 0.000000
100.000000, 0.000000
100.000000, 0.000000
100.000000, 0.000000
100.000000, 0.000000
100.000000, 0.000000
100.000000, 0.000000
100.000000, 0.000000
100.000000, 0.000000
100.000000, 0.000000
100.000000, 0.000000
100.000000, 0.000000
100.000000, 0.000000
100.000000, 0.000000
100.000000, 0.000000
100.000000, 0.000000
100.000000, 0.000000
100.000000, 0.000000
100.000000, 0.000000
100.000000, 0.000000
100.000000, 0.000000
100.000000, 0.000000
100.000000, 0.000000
100.000000, 0.000000
100.000000, 0.000000
100.000000, 0.000000
100.000000, 0.000000
100.000000, 0.000000
100.000000, 0.000000
100.000000, 0.000000
100.000000, 0.000000
100.000000, 0.000000
100.000000, 0.000000
100.000000, 0.000000
100.000000, 0.000000
100.000000, 0.000000
100.000000, 0.000000
100.000000, 0.000000
100.000000, 0.000000
100.000000, 0.000000
100.000000, 0.000000
100.000000, 0.000000
100.000000, 0.000000
100.000000, 0.000000
100.000000, 0.000000
100.000000, 0.000000
100.000000, 0.000000
100.000000, 0.000000
100.000000, 0.000000
100.000000, 0.000000
100.000000, 0.000000
100.000000, 0.000000
100.000000, 0.000000
100.000000, 0.000000
100.000000, 0.000000
100.000000, 0.000000
100.000000, 0.000000
100.000000, 0.000000
100.000000, 0.000000
100.000000, 0.000000
100.000000, 0.000000
100.000000, 0.000000
100.000000, 0.000000
100.000000, 0.000000
100.000000, 0.000000
100.000000, 0.000000
100.000000, 0.000000
100.000000, 0.000000
100.000000, 0.000000
100.000000, 0.000000
100.000000, 0.000000
100.000000, 0.000000
100.000000, 0.000000
100.000000, 0.000000
100.000000, 0.000000
100.000000, 0.000000
100.000000, 0.000000
100.000000, 0.000000
100.000000, 0.000000
100.000000, 0.000000
100.000000, 0.000000
100.000000, 0.000000
100.000000, 0.000000
100.000000, 0.000000
100.000000, 0.000000
100.000000, 0.000000
100.000000, 0.000000
100.000000, 0.000000
100.000000, 0.000000
100.000000, 0.000000
100.000000, 0.000000
100.000000, 0.000000
100.000000, 0.000000
100.000000, 0.000000
100.000000, 0.000000
100.000000, 0.000000
100.000000, 0.000000
100.000000, 0.000000
100.000000, 0.000000
100.000000, 0.000000
100.000000, 0.000000
100.000000, 0.000000
100.000000, 0.000000
100.000000, 0.000000
100.000000, 0.000000
100.000000, 0.000000
100.000000, 0.000000
100.000000, 0.000000
100.000000, 0.000000
100.000000, 0.000000
100.000000, 0.000000
100.000000, 0.000000
100.000000, 0.000000
100.000000, 0.000000
100.000000, 0.000000
100.000000, 0.000000
100.000000, 0.000000
100.000000, 0.000000
100.000000, 0.000000
100.000000, 0.000000
100.000000, 0.000000
100.000000, 0.000000
100.000000, 0.000000
100.000000, 0.000000
100.000000, 0.000000
100.000000, 0.000000
100.000000, 0.000000
100.000000, 0.000000
100.000000, 0.000000
100.000000, 0.000000
100.000000, 0.000000
100.000000, 0.000000
100.000000, 0.000000
100.000000, 0.000000
100.000000, 0.000000
100.000000, 0.000000
100.000000, 0.000000
100.000000, 0.000000
100.000000, 0.000000
100.000000, 0.000000
100.000000, 0.000000
100.000000, 0.000000
100.000000, 0.000000
100.000000, 0.000000
100.000000, 0.000000
100.000000, 0.000000
100.000000, 0.000000
100.000000, 0.000000
100.000000, 0.000000
100.000000, 0.000000
100.000000, 0.000000
100.000000, 0.000000
100.000000, 0.000000
100.000000, 0.000000
100.000000, 0.000000
100.000000, 0.000000
100.000000, 0.000000
100.000000, 0.000000
100.000000, 0.000000
100.000000, 0.000000
100.000000, 0.000000
100.000000, 0.000000
100.000000, 0.000000
100.000000, 0.000000
100.000000, 0.000000
100.000000, 0.000000
100.000000, 0.000000
100.000000, 0.000000
100.000000, 0.000000
100.000000, 0.000000
100.000000, 0.000000
100.000000, 0.000000
100.000000, 0.000000
100.000000, 0.000000
100.000000, 0.000000
100.000000, 0.000000
100.000000, 0.000000
100.000000, 0.000000
100.000000, 0.000000
100.000000, 0.000000
100.000000, 0.000000
100.000000, 0.000000
100.000000, 0.000000
100.000000, 0.000000
100.000000, 0.000000
100.000000, 0.000000
100.000000, 0.000000
100.000000, 0.000000
100.000000, 0.000000
100.000000, 0.000000
100.000000, 0.000000
100.000000, 0.000000
100.000000, 0.000000
100.000000, 0.000000
100.000000, 0.000000
100.000000, 0.000000
100.000000, 0.000000
100.000000, 0.000000
100.000000, 0.000000
100.000000, 0.000000
100.000000, 0.000000
100.000000, 0.000000
100.000000, 0.000000
100.000000, 0.000000
100.000000, 0.000000
100.000000, 0.000000
100.000000, 0.000000
100.000000, 0.000000
100.000000, 0.000000
100.000000, 0.000000
100.000000, 0.000000
100.000000, 0.000000
100.000000, 0.000000
100.000000, 0.000000
100.000000, 0.000000
100.000000, 0.000000
100.000000, 0.000000
100.000000, 0.000000
100.000000, 0.000000
100.000000, 0.000000
100.000000, 0.000000
100.000000, 0.000000
100.000000, 0.000000
100.000000, 0.000000
100.000000, 0.000000
100.000000, 0.000000
100.000000, 0.000000
100.000000, 0.000000
100.000000, 0.000000
100.000000, 0.000000
100.000000, 0.000000
100.000000, 0.000000
100.000000, 0.000000
100.000000, 0.000000
100.000000, 0.000000
100.000000, 0.000000
100.000000, 0.000000
100.000000, 0.000000
100.000000, 0.000000
100.000000, 0.000000
100.000000, 0.000000
100.000000, 0.000000
100.000000, 0.000000
100.000000, 0.000000
100.000000, 0.000000
100.000000, 0.000000
100.000000, 0.000000
100.000000, 0.000000
100.000000, 0.000000
100.000000, 0.000000
100.000000, 0.000000
100.000000, 0.000000
100.000000, 0.000000
100.000000, 0.000000
100.000000, 0.000000
100.000000, 0.000000
100.000000, 0.000000
100.000000, 0.000000
100.000000, 0.000000
100.000000, 0.000000
100.000000, 0.000000
100.000000, 0.000000
100.000000, 0.000000
100.000000, 0.000000
100.000000, 0.000000
100.000000, 0.000000
100.000000, 0.000000
100.000000, 0.000000
100.000000, 0.000000
100.000000, 0.000000
100.000000, 0.000000
100.000000, 0.000000
100.000000, 0.000000
100.000000, 0.000000
100.000000, 0.000000
100.000000, 0.000000
100.000000, 0.000000
100.000000, 0.000000
100.000000, 0.000000
100.000000, 0.000000
100.000000, 0.000000
100.000000, 0.000000
100.000000, 0.000000
100.000000, 0.000000
100.000000, 0.000000
100.000000, 0.000000
100.000000, 0.000000
100.000000, 0.000000
100.000000, 0.000000
100.000000, 0.000000
100.000000, 0.000000
100.000000, 0.000000
100.000000, 0.000000
100.000000, 0.000000
100.000000, 0.000000
100.000000, 0.000000
100.000000, 0.000000
100.000000, 0.000000
100.000000, 0.000000
100.000000, 0.000000
100.000000, 0.000000
100.000000, 0.000000
100.000000, 0.000000
100.000000, 0.000000
100.000000, 0.000000
100.000000, 0.000000
100.000000, 0.000000
100.000000, 0.000000
100.000000, 0.000000
100.000000, 0.000000
100.000000, 0.000000
100.000000, 0.000000
100.000000, 0.000000
100.000000, 0.000000
100.000000, 0.000000
100.000000, 0.000000
100.000000, 0.000000
100.000000, 0.000000
100.000000, 0.000000
100.000000, 0.000000
100.000000, 0.000000
100.000000, 0.000000
100.000000, 0.000000
100.000000, 0.000000
100.000000, 0.000000
100.000000, 0.000000
100.000000, 0.000000
100.000000, 0.000000
100.000000, 0.000000
100.000000, 0.000000
100.000000, 0.000000
100.000000, 0.000000
100.000000, 0.000000
100.000000, 0.000000
100.000000, 0.000000
100.000000, 0.000000
100.000000, 0.000000
100.000000, 0.000000
100.000000, 0.000000
100.000000, 0.000000
100.000000, 0.000000
100.000000, 0.000000
100.000000, 0.000000
100.000000, 0.000000
100.000000, 0.000000
100.000000, 0.000000
100.000000, 0.000000
100.000000, 0.000000
100.000000, 0.000000
100.000000, 0.000000
100.000000, 0.000000
100.000000, 0.000000
100.000000, 0.000000
100.000000, 0.000000
100.000000, 0.000000
100.000000, 0.000000
100.000000, 0.000000
100.000000, 0.000000
100.000000, 0.000000
100.000000, 0.000000
100.000000, 0.000000
100.000000, 0.000000
100.000000, 0.000000
100.000000, 0.000000
100.000000, 0.000000
100.000000, 0.000000
100.000000, 0.000000
100.000000, 0.000000
100.000000, 0.000000
100.000000, 0.000000
100.000000, 0.000000
100.000000, 0.000000
100.000000, 0.000000
100.000000, 0.000000
100.000000, 0.000000
100.000000, 0.000000
100.000000, 0.000000
100.000000, 0.000000
100.000000, 0.000000
100.000000, 0.000000
100.000000, 0.000000
100.000000, 0.000000
100.000000, 0.000000
100.000000, 0.000000
100.000000, 0.000000
100.000000, 0.000000
100.000000, 0.000000
100.000000, 0.000000
100.000000, 0.000000
100.000000, 0.000000
100.000000, 0.000000
100.000000, 0.000000
100.000000, 0.000000
100.000000, 0.000000
100.000000, 0.000000
100.000000, 0.000000
100.000000, 0.000000
100.000000, 0.000000
100.000000, 0.000000
100.000000, 0.000000
100.000000, 0.000000
100.000000, 0.000000
100.000000, 0.000000
100.000000, 0.000000
100.000000, 0.000000
100.000000, 0.000000
100.000000, 0.000000
100.000000, 0.000000
100.000000, 0.000000
100.000000, 0.000000
100.000000, 0.000000
100.000000, 0.000000
100.000000, 0.000000
100.000000, 0.000000
100.000000, 0.000000
100.000000, 0.000000
100.000000, 0.000000
100.000000, 0.000000
100.000000, 0.000000
100.000000, 0.000000
100.000000, 0.000000
100.000000, 0.000000
100.000000, 0.000000
100.000000, 0.000000
100.000000, 0.000000
100.000000, 0.000000
100.000000, 0.000000
100.000000, 0.000000
100.000000, 0.000000
100.000000, 0.000000
100.000000, 0.000000
100.000000, 0.000000
100.000000, 0.000000
100.000000, 0.000000
100.000000, 0.000000
100.000000, 0.000000
100.000000, 0.000000
100.000000, 0.000000
100.000000, 0.000000
100.000000, 0.000000
100.000000, 0.000000
100.000000, 0.000000
100.000000, 0.000000
100.000000, 0.000000
100.000000, 0.000000
100.000000, 0.000000
100.000000, 0.000000
100.000000, 0.000000
100.000000, 0.000000
100.000000, 0.000000
100.000000, 0.000000
100.000000, 0.000000
100.000000, 0.000000
100.000000, 0.000000
100.000000, 0.000000
100.000000, 0.000000
100.000000, 0.000000
100.000000, 0.000000
100.000000, 0.000000
100.000000, 0.000000
100.000000, 0.000000
100.000000, 0.000000
100.000000, 0.000000
100.000000, 0.000000
100.000000, 0.000000
100.000000, 0.000000
100.000000, 0.000000
100.000000, 0.000000
100.000000, 0.000000
100.000000, 0.000000
100.000000, 0.000000
100.000000, 0.000000
100.000000, 0.000000
100.000000, 0.000000
100.000000, 0.000000
100.000000, 0.000000
100.000000, 0.000000
100.000000, 0.000000
100.000000, 0.000000
100.000000, 0.000000
100.000000, 0.000000
100.000000, 0.000000
##END=
