##TITLE= Parameter file, TopSpin 3.6.5
##JCAMPDX= 5.0
##DATATYPE= Parameter Values
##ORIGIN= Bruker BioSpin GmbH
##OWNER= nmrservice
$$ 2023-08-25 16:41:30.503 +0100  nmrservice@aberlour
$$ C:/Bruker/cam-ts3/wave/p_cpg-vack2_F15
$$ process C:\Bruker\TopSpin3.6.5\prog\mod\xwinshape.exe
##MINX= 1.50329200
##MAXX= 89.65268800
##MINY= 0.05114600
##MAXY= 359.36139600
##$SHAPE_ADDPHASE= 0
##$SHAPE_AMP= 89.65268771
##$SHAPE_BWFAC= 0
##$SHAPE_BWFAC50= 0
##$SHAPE_CALCBW= yes
##$SHAPE_CALCINTEG= yes
##$SHAPE_EXMODE= <Excitation>
##$SHAPE_EXPAND= <>
##$SHAPE_EXPANDCF= (0..143)
0 0 0 0 0 0 0 0 0 0 0 0 0 0 0 0 0 0 0 0 0 0 0 0 0 0 0 0 0 0 0 0 0 0 0 0
0 0 0 0 0 0 0 0 0 0 0 0 0 0 0 0 0 0 0 0 0 0 0 0 0 0 0 0 0 0 0 0 0 0 0 0
0 0 0 0 0 0 0 0 0 0 0 0 0 0 0 0 0 0 0 0 0 0 0 0 0 0 0 0 0 0 0 0 0 0 0 0
0 0 0 0 0 0 0 0 0 0 0 0 0 0 0 0 0 0 0 0 0 0 0 0 0 0 0 0 0 0 0 0 0 0 0 0
##$SHAPE_EXPFAC= 0
##$SHAPE_FRACEND= 0
##$SHAPE_FRACORG= 0
##$SHAPE_FRACSTART= 0
##$SHAPE_INTEGFAC= 0
##$SHAPE_KEEPRES= yes
##$SHAPE_LENGTH= 100000
##$SHAPE_MAN= <M>
##$SHAPE_MODE= 3
##$SHAPE_MODFREQ= 0
##$SHAPE_MODPHASE= 0
##$SHAPE_MODSCALE= 0
##$SHAPE_MODSW= 0
##$SHAPE_MODSWDIR= -1
##$SHAPE_NPOINTS= 1000
##$SHAPE_OFFS= <2 3>
##$SHAPE_OFFSCOEFF= (0..95)
-592.1 0 100 -724.1 0 88.2 -629.7 0 80.8 0 0 0 0 0 0 0 0 0 0 0 0 0 0 0
0 0 0 0 0 0 0 0 0 0 0 0 0 0 0 0 0 0 0 0 0 0 0 0 0 0 0 0 0 0 0 0 0 0 0 0
0 0 0 0 0 0 0 0 0 0 0 0 0 0 0 0 0 0 0 0 0 0 0 0 0 0 0 0 0 0 0 0 0 0 0 0
##$SHAPE_PARAMETER= <>
##$SHAPE_REPHFAC= 0
##$SHAPE_RES= 0
##$SHAPE_SCALEFAC= 1.11541553
##$SHAPE_SCALETYPE= 0
##$SHAPE_SPOAL= 0
##$SHAPE_SPOFFS= 0
##$SHAPE_SPOPH= 0
##$SHAPE_TOTROT= 90
##$SHAPE_TYPE= <Excitation>
##$SHAPE_USER_DEF= 0
##$SHAPE_VERSION= 2.1
##$SHL_ADDPHASE= (0..15)
0 0 0 0 0 0 0 0 0 0 0 0 0 0 0 0
##$SHL_ALIGNOFFSET= (0..15)
0 0 0 0 0 0 0 0 0 0 0 0 0 0 0 0
##$SHL_AMP= (0..15)
100 0 0 0 0 0 0 0 0 0 0 0 0 0 0 0
##$SHL_AMPFAC= (0..15)
0 0 0 0 0 0 0 0 0 0 0 0 0 0 0 0
##$SHL_BETA= (0..15)
0 0 0 0 0 0 0 0 0 0 0 0 0 0 0 0
##$SHL_BWFAC= (0..15)
1.116 0 0 0 0 0 0 0 0 0 0 0 0 0 0 0
##$SHL_CALCBW= (0..15)
yes yes yes yes yes yes yes yes yes yes yes yes yes yes yes yes
##$SHL_CALCINTEG= (0..15)
yes yes yes yes yes yes yes yes yes yes yes yes yes yes yes yes
##$SHL_CENTERAMP= (0..15)
0 0 0 0 0 0 0 0 0 0 0 0 0 0 0 0
##$SHL_CYCNUM= (0..15)
0 0 0 0 0 0 0 0 0 0 0 0 0 0 0 0
##$SHL_DIPOLCPL= (0..15)
0 0 0 0 0 0 0 0 0 0 0 0 0 0 0 0
##$SHL_ENDAMP= (0..15)
0 0 0 0 0 0 0 0 0 0 0 0 0 0 0 0
##$SHL_EXMODE= (0..15)
<Excitation> <> <> <> <> <> <> <> <> <> <> <> <> <> <> <>
##$SHL_EXPAND= (0..15)
<> <> <> <> <> <> <> <> <> <> <> <> <> <> <> <>
##$SHL_EXPANDCF0= (0..143)
0 0 0 0 0 0 0 0 0 0 0 0 0 0 0 0 0 0 0 0 0 0 0 0 0 0 0 0 0 0 0 0 0 0 0 0
0 0 0 0 0 0 0 0 0 0 0 0 0 0 0 0 0 0 0 0 0 0 0 0 0 0 0 0 0 0 0 0 0 0 0 0
0 0 0 0 0 0 0 0 0 0 0 0 0 0 0 0 0 0 0 0 0 0 0 0 0 0 0 0 0 0 0 0 0 0 0 0
0 0 0 0 0 0 0 0 0 0 0 0 0 0 0 0 0 0 0 0 0 0 0 0 0 0 0 0 0 0 0 0 0 0 0 0
##$SHL_EXPANDCF1= (0..143)
0 0 0 0 0 0 0 0 0 0 0 0 0 0 0 0 0 0 0 0 0 0 0 0 0 0 0 0 0 0 0 0 0 0 0 0
0 0 0 0 0 0 0 0 0 0 0 0 0 0 0 0 0 0 0 0 0 0 0 0 0 0 0 0 0 0 0 0 0 0 0 0
0 0 0 0 0 0 0 0 0 0 0 0 0 0 0 0 0 0 0 0 0 0 0 0 0 0 0 0 0 0 0 0 0 0 0 0
0 0 0 0 0 0 0 0 0 0 0 0 0 0 0 0 0 0 0 0 0 0 0 0 0 0 0 0 0 0 0 0 0 0 0 0
##$SHL_EXPANDCF10= (0..143)
0 0 0 0 0 0 0 0 0 0 0 0 0 0 0 0 0 0 0 0 0 0 0 0 0 0 0 0 0 0 0 0 0 0 0 0
0 0 0 0 0 0 0 0 0 0 0 0 0 0 0 0 0 0 0 0 0 0 0 0 0 0 0 0 0 0 0 0 0 0 0 0
0 0 0 0 0 0 0 0 0 0 0 0 0 0 0 0 0 0 0 0 0 0 0 0 0 0 0 0 0 0 0 0 0 0 0 0
0 0 0 0 0 0 0 0 0 0 0 0 0 0 0 0 0 0 0 0 0 0 0 0 0 0 0 0 0 0 0 0 0 0 0 0
##$SHL_EXPANDCF11= (0..143)
0 0 0 0 0 0 0 0 0 0 0 0 0 0 0 0 0 0 0 0 0 0 0 0 0 0 0 0 0 0 0 0 0 0 0 0
0 0 0 0 0 0 0 0 0 0 0 0 0 0 0 0 0 0 0 0 0 0 0 0 0 0 0 0 0 0 0 0 0 0 0 0
0 0 0 0 0 0 0 0 0 0 0 0 0 0 0 0 0 0 0 0 0 0 0 0 0 0 0 0 0 0 0 0 0 0 0 0
0 0 0 0 0 0 0 0 0 0 0 0 0 0 0 0 0 0 0 0 0 0 0 0 0 0 0 0 0 0 0 0 0 0 0 0
##$SHL_EXPANDCF12= (0..143)
0 0 0 0 0 0 0 0 0 0 0 0 0 0 0 0 0 0 0 0 0 0 0 0 0 0 0 0 0 0 0 0 0 0 0 0
0 0 0 0 0 0 0 0 0 0 0 0 0 0 0 0 0 0 0 0 0 0 0 0 0 0 0 0 0 0 0 0 0 0 0 0
0 0 0 0 0 0 0 0 0 0 0 0 0 0 0 0 0 0 0 0 0 0 0 0 0 0 0 0 0 0 0 0 0 0 0 0
0 0 0 0 0 0 0 0 0 0 0 0 0 0 0 0 0 0 0 0 0 0 0 0 0 0 0 0 0 0 0 0 0 0 0 0
##$SHL_EXPANDCF13= (0..143)
0 0 0 0 0 0 0 0 0 0 0 0 0 0 0 0 0 0 0 0 0 0 0 0 0 0 0 0 0 0 0 0 0 0 0 0
0 0 0 0 0 0 0 0 0 0 0 0 0 0 0 0 0 0 0 0 0 0 0 0 0 0 0 0 0 0 0 0 0 0 0 0
0 0 0 0 0 0 0 0 0 0 0 0 0 0 0 0 0 0 0 0 0 0 0 0 0 0 0 0 0 0 0 0 0 0 0 0
0 0 0 0 0 0 0 0 0 0 0 0 0 0 0 0 0 0 0 0 0 0 0 0 0 0 0 0 0 0 0 0 0 0 0 0
##$SHL_EXPANDCF14= (0..143)
0 0 0 0 0 0 0 0 0 0 0 0 0 0 0 0 0 0 0 0 0 0 0 0 0 0 0 0 0 0 0 0 0 0 0 0
0 0 0 0 0 0 0 0 0 0 0 0 0 0 0 0 0 0 0 0 0 0 0 0 0 0 0 0 0 0 0 0 0 0 0 0
0 0 0 0 0 0 0 0 0 0 0 0 0 0 0 0 0 0 0 0 0 0 0 0 0 0 0 0 0 0 0 0 0 0 0 0
0 0 0 0 0 0 0 0 0 0 0 0 0 0 0 0 0 0 0 0 0 0 0 0 0 0 0 0 0 0 0 0 0 0 0 0
##$SHL_EXPANDCF15= (0..143)
0 0 0 0 0 0 0 0 0 0 0 0 0 0 0 0 0 0 0 0 0 0 0 0 0 0 0 0 0 0 0 0 0 0 0 0
0 0 0 0 0 0 0 0 0 0 0 0 0 0 0 0 0 0 0 0 0 0 0 0 0 0 0 0 0 0 0 0 0 0 0 0
0 0 0 0 0 0 0 0 0 0 0 0 0 0 0 0 0 0 0 0 0 0 0 0 0 0 0 0 0 0 0 0 0 0 0 0
0 0 0 0 0 0 0 0 0 0 0 0 0 0 0 0 0 0 0 0 0 0 0 0 0 0 0 0 0 0 0 0 0 0 0 0
##$SHL_EXPANDCF2= (0..143)
0 0 0 0 0 0 0 0 0 0 0 0 0 0 0 0 0 0 0 0 0 0 0 0 0 0 0 0 0 0 0 0 0 0 0 0
0 0 0 0 0 0 0 0 0 0 0 0 0 0 0 0 0 0 0 0 0 0 0 0 0 0 0 0 0 0 0 0 0 0 0 0
0 0 0 0 0 0 0 0 0 0 0 0 0 0 0 0 0 0 0 0 0 0 0 0 0 0 0 0 0 0 0 0 0 0 0 0
0 0 0 0 0 0 0 0 0 0 0 0 0 0 0 0 0 0 0 0 0 0 0 0 0 0 0 0 0 0 0 0 0 0 0 0
##$SHL_EXPANDCF3= (0..143)
0 0 0 0 0 0 0 0 0 0 0 0 0 0 0 0 0 0 0 0 0 0 0 0 0 0 0 0 0 0 0 0 0 0 0 0
0 0 0 0 0 0 0 0 0 0 0 0 0 0 0 0 0 0 0 0 0 0 0 0 0 0 0 0 0 0 0 0 0 0 0 0
0 0 0 0 0 0 0 0 0 0 0 0 0 0 0 0 0 0 0 0 0 0 0 0 0 0 0 0 0 0 0 0 0 0 0 0
0 0 0 0 0 0 0 0 0 0 0 0 0 0 0 0 0 0 0 0 0 0 0 0 0 0 0 0 0 0 0 0 0 0 0 0
##$SHL_EXPANDCF4= (0..143)
0 0 0 0 0 0 0 0 0 0 0 0 0 0 0 0 0 0 0 0 0 0 0 0 0 0 0 0 0 0 0 0 0 0 0 0
0 0 0 0 0 0 0 0 0 0 0 0 0 0 0 0 0 0 0 0 0 0 0 0 0 0 0 0 0 0 0 0 0 0 0 0
0 0 0 0 0 0 0 0 0 0 0 0 0 0 0 0 0 0 0 0 0 0 0 0 0 0 0 0 0 0 0 0 0 0 0 0
0 0 0 0 0 0 0 0 0 0 0 0 0 0 0 0 0 0 0 0 0 0 0 0 0 0 0 0 0 0 0 0 0 0 0 0
##$SHL_EXPANDCF5= (0..143)
0 0 0 0 0 0 0 0 0 0 0 0 0 0 0 0 0 0 0 0 0 0 0 0 0 0 0 0 0 0 0 0 0 0 0 0
0 0 0 0 0 0 0 0 0 0 0 0 0 0 0 0 0 0 0 0 0 0 0 0 0 0 0 0 0 0 0 0 0 0 0 0
0 0 0 0 0 0 0 0 0 0 0 0 0 0 0 0 0 0 0 0 0 0 0 0 0 0 0 0 0 0 0 0 0 0 0 0
0 0 0 0 0 0 0 0 0 0 0 0 0 0 0 0 0 0 0 0 0 0 0 0 0 0 0 0 0 0 0 0 0 0 0 0
##$SHL_EXPANDCF6= (0..143)
0 0 0 0 0 0 0 0 0 0 0 0 0 0 0 0 0 0 0 0 0 0 0 0 0 0 0 0 0 0 0 0 0 0 0 0
0 0 0 0 0 0 0 0 0 0 0 0 0 0 0 0 0 0 0 0 0 0 0 0 0 0 0 0 0 0 0 0 0 0 0 0
0 0 0 0 0 0 0 0 0 0 0 0 0 0 0 0 0 0 0 0 0 0 0 0 0 0 0 0 0 0 0 0 0 0 0 0
0 0 0 0 0 0 0 0 0 0 0 0 0 0 0 0 0 0 0 0 0 0 0 0 0 0 0 0 0 0 0 0 0 0 0 0
##$SHL_EXPANDCF7= (0..143)
0 0 0 0 0 0 0 0 0 0 0 0 0 0 0 0 0 0 0 0 0 0 0 0 0 0 0 0 0 0 0 0 0 0 0 0
0 0 0 0 0 0 0 0 0 0 0 0 0 0 0 0 0 0 0 0 0 0 0 0 0 0 0 0 0 0 0 0 0 0 0 0
0 0 0 0 0 0 0 0 0 0 0 0 0 0 0 0 0 0 0 0 0 0 0 0 0 0 0 0 0 0 0 0 0 0 0 0
0 0 0 0 0 0 0 0 0 0 0 0 0 0 0 0 0 0 0 0 0 0 0 0 0 0 0 0 0 0 0 0 0 0 0 0
##$SHL_EXPANDCF8= (0..143)
0 0 0 0 0 0 0 0 0 0 0 0 0 0 0 0 0 0 0 0 0 0 0 0 0 0 0 0 0 0 0 0 0 0 0 0
0 0 0 0 0 0 0 0 0 0 0 0 0 0 0 0 0 0 0 0 0 0 0 0 0 0 0 0 0 0 0 0 0 0 0 0
0 0 0 0 0 0 0 0 0 0 0 0 0 0 0 0 0 0 0 0 0 0 0 0 0 0 0 0 0 0 0 0 0 0 0 0
0 0 0 0 0 0 0 0 0 0 0 0 0 0 0 0 0 0 0 0 0 0 0 0 0 0 0 0 0 0 0 0 0 0 0 0
##$SHL_EXPANDCF9= (0..143)
0 0 0 0 0 0 0 0 0 0 0 0 0 0 0 0 0 0 0 0 0 0 0 0 0 0 0 0 0 0 0 0 0 0 0 0
0 0 0 0 0 0 0 0 0 0 0 0 0 0 0 0 0 0 0 0 0 0 0 0 0 0 0 0 0 0 0 0 0 0 0 0
0 0 0 0 0 0 0 0 0 0 0 0 0 0 0 0 0 0 0 0 0 0 0 0 0 0 0 0 0 0 0 0 0 0 0 0
0 0 0 0 0 0 0 0 0 0 0 0 0 0 0 0 0 0 0 0 0 0 0 0 0 0 0 0 0 0 0 0 0 0 0 0
##$SHL_EXPFAC= (0..15)
0 0 0 0 0 0 0 0 0 0 0 0 0 0 0 0
##$SHL_FRACEND= (0..15)
0 0 0 0 0 0 0 0 0 0 0 0 0 0 0 0
##$SHL_FRACORG= (0..15)
0 0 0 0 0 0 0 0 0 0 0 0 0 0 0 0
##$SHL_FRACSTART= (0..15)
0 0 0 0 0 0 0 0 0 0 0 0 0 0 0 0
##$SHL_FULLHALF= (0..15)
0 0 0 0 0 0 0 0 0 0 0 0 0 0 0 0
##$SHL_FUNCAMP= (0..15)
0 0 0 0 0 0 0 0 0 0 0 0 0 0 0 0
##$SHL_FUNCTION= (0..15)
<User> <> <> <> <> <> <> <> <> <> <> <> <> <> <> <>
##$SHL_GCO= (0..15)
<> <> <> <> <> <> <> <> <> <> <> <> <> <> <> <>
##$SHL_GCOCOEFFS0= (0..59)
0 0 0 0 0 0 0 0 0 0 0 0 0 0 0 0 0 0 0 0 0 0 0 0 0 0 0 0 0 0 0 0 0 0 0 0
0 0 0 0 0 0 0 0 0 0 0 0 0 0 0 0 0 0 0 0 0 0 0 0
##$SHL_GCOCOEFFS1= (0..59)
0 0 0 0 0 0 0 0 0 0 0 0 0 0 0 0 0 0 0 0 0 0 0 0 0 0 0 0 0 0 0 0 0 0 0 0
0 0 0 0 0 0 0 0 0 0 0 0 0 0 0 0 0 0 0 0 0 0 0 0
##$SHL_GCOCOEFFS10= (0..59)
0 0 0 0 0 0 0 0 0 0 0 0 0 0 0 0 0 0 0 0 0 0 0 0 0 0 0 0 0 0 0 0 0 0 0 0
0 0 0 0 0 0 0 0 0 0 0 0 0 0 0 0 0 0 0 0 0 0 0 0
##$SHL_GCOCOEFFS11= (0..59)
0 0 0 0 0 0 0 0 0 0 0 0 0 0 0 0 0 0 0 0 0 0 0 0 0 0 0 0 0 0 0 0 0 0 0 0
0 0 0 0 0 0 0 0 0 0 0 0 0 0 0 0 0 0 0 0 0 0 0 0
##$SHL_GCOCOEFFS12= (0..59)
0 0 0 0 0 0 0 0 0 0 0 0 0 0 0 0 0 0 0 0 0 0 0 0 0 0 0 0 0 0 0 0 0 0 0 0
0 0 0 0 0 0 0 0 0 0 0 0 0 0 0 0 0 0 0 0 0 0 0 0
##$SHL_GCOCOEFFS13= (0..59)
0 0 0 0 0 0 0 0 0 0 0 0 0 0 0 0 0 0 0 0 0 0 0 0 0 0 0 0 0 0 0 0 0 0 0 0
0 0 0 0 0 0 0 0 0 0 0 0 0 0 0 0 0 0 0 0 0 0 0 0
##$SHL_GCOCOEFFS14= (0..59)
0 0 0 0 0 0 0 0 0 0 0 0 0 0 0 0 0 0 0 0 0 0 0 0 0 0 0 0 0 0 0 0 0 0 0 0
0 0 0 0 0 0 0 0 0 0 0 0 0 0 0 0 0 0 0 0 0 0 0 0
##$SHL_GCOCOEFFS15= (0..59)
0 0 0 0 0 0 0 0 0 0 0 0 0 0 0 0 0 0 0 0 0 0 0 0 0 0 0 0 0 0 0 0 0 0 0 0
0 0 0 0 0 0 0 0 0 0 0 0 0 0 0 0 0 0 0 0 0 0 0 0
##$SHL_GCOCOEFFS2= (0..59)
0 0 0 0 0 0 0 0 0 0 0 0 0 0 0 0 0 0 0 0 0 0 0 0 0 0 0 0 0 0 0 0 0 0 0 0
0 0 0 0 0 0 0 0 0 0 0 0 0 0 0 0 0 0 0 0 0 0 0 0
##$SHL_GCOCOEFFS3= (0..59)
0 0 0 0 0 0 0 0 0 0 0 0 0 0 0 0 0 0 0 0 0 0 0 0 0 0 0 0 0 0 0 0 0 0 0 0
0 0 0 0 0 0 0 0 0 0 0 0 0 0 0 0 0 0 0 0 0 0 0 0
##$SHL_GCOCOEFFS4= (0..59)
0 0 0 0 0 0 0 0 0 0 0 0 0 0 0 0 0 0 0 0 0 0 0 0 0 0 0 0 0 0 0 0 0 0 0 0
0 0 0 0 0 0 0 0 0 0 0 0 0 0 0 0 0 0 0 0 0 0 0 0
##$SHL_GCOCOEFFS5= (0..59)
0 0 0 0 0 0 0 0 0 0 0 0 0 0 0 0 0 0 0 0 0 0 0 0 0 0 0 0 0 0 0 0 0 0 0 0
0 0 0 0 0 0 0 0 0 0 0 0 0 0 0 0 0 0 0 0 0 0 0 0
##$SHL_GCOCOEFFS6= (0..59)
0 0 0 0 0 0 0 0 0 0 0 0 0 0 0 0 0 0 0 0 0 0 0 0 0 0 0 0 0 0 0 0 0 0 0 0
0 0 0 0 0 0 0 0 0 0 0 0 0 0 0 0 0 0 0 0 0 0 0 0
##$SHL_GCOCOEFFS7= (0..59)
0 0 0 0 0 0 0 0 0 0 0 0 0 0 0 0 0 0 0 0 0 0 0 0 0 0 0 0 0 0 0 0 0 0 0 0
0 0 0 0 0 0 0 0 0 0 0 0 0 0 0 0 0 0 0 0 0 0 0 0
##$SHL_GCOCOEFFS8= (0..59)
0 0 0 0 0 0 0 0 0 0 0 0 0 0 0 0 0 0 0 0 0 0 0 0 0 0 0 0 0 0 0 0 0 0 0 0
0 0 0 0 0 0 0 0 0 0 0 0 0 0 0 0 0 0 0 0 0 0 0 0
##$SHL_GCOCOEFFS9= (0..59)
0 0 0 0 0 0 0 0 0 0 0 0 0 0 0 0 0 0 0 0 0 0 0 0 0 0 0 0 0 0 0 0 0 0 0 0
0 0 0 0 0 0 0 0 0 0 0 0 0 0 0 0 0 0 0 0 0 0 0 0
##$SHL_INTEGFAC= (0..15)
1 0 0 0 0 0 0 0 0 0 0 0 0 0 0 0
##$SHL_LB= (0..15)
0 0 0 0 0 0 0 0 0 0 0 0 0 0 0 0
##$SHL_LEFTLIMIT= (0..15)
0 0 0 0 0 0 0 0 0 0 0 0 0 0 0 0
##$SHL_LENGTH= (0..15)
100000 0 0 0 0 0 0 0 0 0 0 0 0 0 0 0
##$SHL_MAN= (0..15)
<> <> <> <> <> <> <> <> <> <> <> <> <> <> <> <>
##$SHL_MEANAMP= (0..15)
0 0 0 0 0 0 0 0 0 0 0 0 0 0 0 0
##$SHL_MODAMP= (0..15)
0 0 0 0 0 0 0 0 0 0 0 0 0 0 0 0
##$SHL_MODE= (0..15)
0 0 0 0 0 0 0 0 0 0 0 0 0 0 0 0
##$SHL_MODFREQ= (0..15)
0 0 0 0 0 0 0 0 0 0 0 0 0 0 0 0
##$SHL_MODPHASE= (0..15)
0 0 0 0 0 0 0 0 0 0 0 0 0 0 0 0
##$SHL_MODSCALE= (0..15)
0 0 0 0 0 0 0 0 0 0 0 0 0 0 0 0
##$SHL_MODSW= (0..15)
0 0 0 0 0 0 0 0 0 0 0 0 0 0 0 0
##$SHL_MODSWDIR= (0..15)
-1 -1 -1 -1 -1 -1 -1 -1 -1 -1 -1 -1 -1 -1 -1 -1
##$SHL_MU= (0..15)
0 0 0 0 0 0 0 0 0 0 0 0 0 0 0 0
##$SHL_NPOINTS= (0..15)
1000 0 0 0 0 0 0 0 0 0 0 0 0 0 0 0
##$SHL_OFFS= (0..15)
<> <> <> <> <> <> <> <> <> <> <> <> <> <> <> <>
##$SHL_OFFSCOEFF0= (0..95)
0 0 0 0 0 0 0 0 0 0 0 0 0 0 0 0 0 0 0 0 0 0 0 0 0 0 0 0 0 0 0 0 0 0 0 0
0 0 0 0 0 0 0 0 0 0 0 0 0 0 0 0 0 0 0 0 0 0 0 0 0 0 0 0 0 0 0 0 0 0 0 0
0 0 0 0 0 0 0 0 0 0 0 0 0 0 0 0 0 0 0 0 0 0 0 0
##$SHL_OFFSCOEFF1= (0..95)
0 0 0 0 0 0 0 0 0 0 0 0 0 0 0 0 0 0 0 0 0 0 0 0 0 0 0 0 0 0 0 0 0 0 0 0
0 0 0 0 0 0 0 0 0 0 0 0 0 0 0 0 0 0 0 0 0 0 0 0 0 0 0 0 0 0 0 0 0 0 0 0
0 0 0 0 0 0 0 0 0 0 0 0 0 0 0 0 0 0 0 0 0 0 0 0
##$SHL_OFFSCOEFF10= (0..95)
0 0 0 0 0 0 0 0 0 0 0 0 0 0 0 0 0 0 0 0 0 0 0 0 0 0 0 0 0 0 0 0 0 0 0 0
0 0 0 0 0 0 0 0 0 0 0 0 0 0 0 0 0 0 0 0 0 0 0 0 0 0 0 0 0 0 0 0 0 0 0 0
0 0 0 0 0 0 0 0 0 0 0 0 0 0 0 0 0 0 0 0 0 0 0 0
##$SHL_OFFSCOEFF11= (0..95)
0 0 0 0 0 0 0 0 0 0 0 0 0 0 0 0 0 0 0 0 0 0 0 0 0 0 0 0 0 0 0 0 0 0 0 0
0 0 0 0 0 0 0 0 0 0 0 0 0 0 0 0 0 0 0 0 0 0 0 0 0 0 0 0 0 0 0 0 0 0 0 0
0 0 0 0 0 0 0 0 0 0 0 0 0 0 0 0 0 0 0 0 0 0 0 0
##$SHL_OFFSCOEFF12= (0..95)
0 0 0 0 0 0 0 0 0 0 0 0 0 0 0 0 0 0 0 0 0 0 0 0 0 0 0 0 0 0 0 0 0 0 0 0
0 0 0 0 0 0 0 0 0 0 0 0 0 0 0 0 0 0 0 0 0 0 0 0 0 0 0 0 0 0 0 0 0 0 0 0
0 0 0 0 0 0 0 0 0 0 0 0 0 0 0 0 0 0 0 0 0 0 0 0
##$SHL_OFFSCOEFF13= (0..95)
0 0 0 0 0 0 0 0 0 0 0 0 0 0 0 0 0 0 0 0 0 0 0 0 0 0 0 0 0 0 0 0 0 0 0 0
0 0 0 0 0 0 0 0 0 0 0 0 0 0 0 0 0 0 0 0 0 0 0 0 0 0 0 0 0 0 0 0 0 0 0 0
0 0 0 0 0 0 0 0 0 0 0 0 0 0 0 0 0 0 0 0 0 0 0 0
##$SHL_OFFSCOEFF14= (0..95)
0 0 0 0 0 0 0 0 0 0 0 0 0 0 0 0 0 0 0 0 0 0 0 0 0 0 0 0 0 0 0 0 0 0 0 0
0 0 0 0 0 0 0 0 0 0 0 0 0 0 0 0 0 0 0 0 0 0 0 0 0 0 0 0 0 0 0 0 0 0 0 0
0 0 0 0 0 0 0 0 0 0 0 0 0 0 0 0 0 0 0 0 0 0 0 0
##$SHL_OFFSCOEFF15= (0..95)
0 0 0 0 0 0 0 0 0 0 0 0 0 0 0 0 0 0 0 0 0 0 0 0 0 0 0 0 0 0 0 0 0 0 0 0
0 0 0 0 0 0 0 0 0 0 0 0 0 0 0 0 0 0 0 0 0 0 0 0 0 0 0 0 0 0 0 0 0 0 0 0
0 0 0 0 0 0 0 0 0 0 0 0 0 0 0 0 0 0 0 0 0 0 0 0
##$SHL_OFFSCOEFF2= (0..95)
0 0 0 0 0 0 0 0 0 0 0 0 0 0 0 0 0 0 0 0 0 0 0 0 0 0 0 0 0 0 0 0 0 0 0 0
0 0 0 0 0 0 0 0 0 0 0 0 0 0 0 0 0 0 0 0 0 0 0 0 0 0 0 0 0 0 0 0 0 0 0 0
0 0 0 0 0 0 0 0 0 0 0 0 0 0 0 0 0 0 0 0 0 0 0 0
##$SHL_OFFSCOEFF3= (0..95)
0 0 0 0 0 0 0 0 0 0 0 0 0 0 0 0 0 0 0 0 0 0 0 0 0 0 0 0 0 0 0 0 0 0 0 0
0 0 0 0 0 0 0 0 0 0 0 0 0 0 0 0 0 0 0 0 0 0 0 0 0 0 0 0 0 0 0 0 0 0 0 0
0 0 0 0 0 0 0 0 0 0 0 0 0 0 0 0 0 0 0 0 0 0 0 0
##$SHL_OFFSCOEFF4= (0..95)
0 0 0 0 0 0 0 0 0 0 0 0 0 0 0 0 0 0 0 0 0 0 0 0 0 0 0 0 0 0 0 0 0 0 0 0
0 0 0 0 0 0 0 0 0 0 0 0 0 0 0 0 0 0 0 0 0 0 0 0 0 0 0 0 0 0 0 0 0 0 0 0
0 0 0 0 0 0 0 0 0 0 0 0 0 0 0 0 0 0 0 0 0 0 0 0
##$SHL_OFFSCOEFF5= (0..95)
0 0 0 0 0 0 0 0 0 0 0 0 0 0 0 0 0 0 0 0 0 0 0 0 0 0 0 0 0 0 0 0 0 0 0 0
0 0 0 0 0 0 0 0 0 0 0 0 0 0 0 0 0 0 0 0 0 0 0 0 0 0 0 0 0 0 0 0 0 0 0 0
0 0 0 0 0 0 0 0 0 0 0 0 0 0 0 0 0 0 0 0 0 0 0 0
##$SHL_OFFSCOEFF6= (0..95)
0 0 0 0 0 0 0 0 0 0 0 0 0 0 0 0 0 0 0 0 0 0 0 0 0 0 0 0 0 0 0 0 0 0 0 0
0 0 0 0 0 0 0 0 0 0 0 0 0 0 0 0 0 0 0 0 0 0 0 0 0 0 0 0 0 0 0 0 0 0 0 0
0 0 0 0 0 0 0 0 0 0 0 0 0 0 0 0 0 0 0 0 0 0 0 0
##$SHL_OFFSCOEFF7= (0..95)
0 0 0 0 0 0 0 0 0 0 0 0 0 0 0 0 0 0 0 0 0 0 0 0 0 0 0 0 0 0 0 0 0 0 0 0
0 0 0 0 0 0 0 0 0 0 0 0 0 0 0 0 0 0 0 0 0 0 0 0 0 0 0 0 0 0 0 0 0 0 0 0
0 0 0 0 0 0 0 0 0 0 0 0 0 0 0 0 0 0 0 0 0 0 0 0
##$SHL_OFFSCOEFF8= (0..95)
0 0 0 0 0 0 0 0 0 0 0 0 0 0 0 0 0 0 0 0 0 0 0 0 0 0 0 0 0 0 0 0 0 0 0 0
0 0 0 0 0 0 0 0 0 0 0 0 0 0 0 0 0 0 0 0 0 0 0 0 0 0 0 0 0 0 0 0 0 0 0 0
0 0 0 0 0 0 0 0 0 0 0 0 0 0 0 0 0 0 0 0 0 0 0 0
##$SHL_OFFSCOEFF9= (0..95)
0 0 0 0 0 0 0 0 0 0 0 0 0 0 0 0 0 0 0 0 0 0 0 0 0 0 0 0 0 0 0 0 0 0 0 0
0 0 0 0 0 0 0 0 0 0 0 0 0 0 0 0 0 0 0 0 0 0 0 0 0 0 0 0 0 0 0 0 0 0 0 0
0 0 0 0 0 0 0 0 0 0 0 0 0 0 0 0 0 0 0 0 0 0 0 0
##$SHL_PHASE= (0..15)
0 0 0 0 0 0 0 0 0 0 0 0 0 0 0 0
##$SHL_PHASEFAC= (0..15)
0 0 0 0 0 0 0 0 0 0 0 0 0 0 0 0
##$SHL_POWERINDEX= (0..15)
0 0 0 0 0 0 0 0 0 0 0 0 0 0 0 0
##$SHL_QUADCOEFF= (0..15)
0 0 0 0 0 0 0 0 0 0 0 0 0 0 0 0
##$SHL_RIGHTLIMIT= (0..15)
0 0 0 0 0 0 0 0 0 0 0 0 0 0 0 0
##$SHL_SCALEFACTOR= (0..15)
1 1 1 1 1 1 1 1 1 1 1 1 1 1 1 1
##$SHL_SF= (0..15)
<> <> <> <> <> <> <> <> <> <> <> <> <> <> <> <>
##$SHL_SFCOEFFS0= (0..200)
0 0 0 0 0 0 0 0 0 0 0 0 0 0 0 0 0 0 0 0 0 0 0 0 0 0 0 0 0 0 0 0 0 0 0 0
0 0 0 0 0 0 0 0 0 0 0 0 0 0 0 0 0 0 0 0 0 0 0 0 0 0 0 0 0 0 0 0 0 0 0 0
0 0 0 0 0 0 0 0 0 0 0 0 0 0 0 0 0 0 0 0 0 0 0 0 0 0 0 0 0 0 0 0 0 0 0 0
0 0 0 0 0 0 0 0 0 0 0 0 0 0 0 0 0 0 0 0 0 0 0 0 0 0 0 0 0 0 0 0 0 0 0 0
0 0 0 0 0 0 0 0 0 0 0 0 0 0 0 0 0 0 0 0 0 0 0 0 0 0 0 0 0 0 0 0 0 0 0 0
0 0 0 0 0 0 0 0 0 0 0 0 0 0 0 0 0 0 0 0 0
##$SHL_SFCOEFFS1= (0..200)
0 0 0 0 0 0 0 0 0 0 0 0 0 0 0 0 0 0 0 0 0 0 0 0 0 0 0 0 0 0 0 0 0 0 0 0
0 0 0 0 0 0 0 0 0 0 0 0 0 0 0 0 0 0 0 0 0 0 0 0 0 0 0 0 0 0 0 0 0 0 0 0
0 0 0 0 0 0 0 0 0 0 0 0 0 0 0 0 0 0 0 0 0 0 0 0 0 0 0 0 0 0 0 0 0 0 0 0
0 0 0 0 0 0 0 0 0 0 0 0 0 0 0 0 0 0 0 0 0 0 0 0 0 0 0 0 0 0 0 0 0 0 0 0
0 0 0 0 0 0 0 0 0 0 0 0 0 0 0 0 0 0 0 0 0 0 0 0 0 0 0 0 0 0 0 0 0 0 0 0
0 0 0 0 0 0 0 0 0 0 0 0 0 0 0 0 0 0 0 0 0
##$SHL_SFCOEFFS10= (0..200)
0 0 0 0 0 0 0 0 0 0 0 0 0 0 0 0 0 0 0 0 0 0 0 0 0 0 0 0 0 0 0 0 0 0 0 0
0 0 0 0 0 0 0 0 0 0 0 0 0 0 0 0 0 0 0 0 0 0 0 0 0 0 0 0 0 0 0 0 0 0 0 0
0 0 0 0 0 0 0 0 0 0 0 0 0 0 0 0 0 0 0 0 0 0 0 0 0 0 0 0 0 0 0 0 0 0 0 0
0 0 0 0 0 0 0 0 0 0 0 0 0 0 0 0 0 0 0 0 0 0 0 0 0 0 0 0 0 0 0 0 0 0 0 0
0 0 0 0 0 0 0 0 0 0 0 0 0 0 0 0 0 0 0 0 0 0 0 0 0 0 0 0 0 0 0 0 0 0 0 0
0 0 0 0 0 0 0 0 0 0 0 0 0 0 0 0 0 0 0 0 0
##$SHL_SFCOEFFS11= (0..200)
0 0 0 0 0 0 0 0 0 0 0 0 0 0 0 0 0 0 0 0 0 0 0 0 0 0 0 0 0 0 0 0 0 0 0 0
0 0 0 0 0 0 0 0 0 0 0 0 0 0 0 0 0 0 0 0 0 0 0 0 0 0 0 0 0 0 0 0 0 0 0 0
0 0 0 0 0 0 0 0 0 0 0 0 0 0 0 0 0 0 0 0 0 0 0 0 0 0 0 0 0 0 0 0 0 0 0 0
0 0 0 0 0 0 0 0 0 0 0 0 0 0 0 0 0 0 0 0 0 0 0 0 0 0 0 0 0 0 0 0 0 0 0 0
0 0 0 0 0 0 0 0 0 0 0 0 0 0 0 0 0 0 0 0 0 0 0 0 0 0 0 0 0 0 0 0 0 0 0 0
0 0 0 0 0 0 0 0 0 0 0 0 0 0 0 0 0 0 0 0 0
##$SHL_SFCOEFFS12= (0..200)
0 0 0 0 0 0 0 0 0 0 0 0 0 0 0 0 0 0 0 0 0 0 0 0 0 0 0 0 0 0 0 0 0 0 0 0
0 0 0 0 0 0 0 0 0 0 0 0 0 0 0 0 0 0 0 0 0 0 0 0 0 0 0 0 0 0 0 0 0 0 0 0
0 0 0 0 0 0 0 0 0 0 0 0 0 0 0 0 0 0 0 0 0 0 0 0 0 0 0 0 0 0 0 0 0 0 0 0
0 0 0 0 0 0 0 0 0 0 0 0 0 0 0 0 0 0 0 0 0 0 0 0 0 0 0 0 0 0 0 0 0 0 0 0
0 0 0 0 0 0 0 0 0 0 0 0 0 0 0 0 0 0 0 0 0 0 0 0 0 0 0 0 0 0 0 0 0 0 0 0
0 0 0 0 0 0 0 0 0 0 0 0 0 0 0 0 0 0 0 0 0
##$SHL_SFCOEFFS13= (0..200)
0 0 0 0 0 0 0 0 0 0 0 0 0 0 0 0 0 0 0 0 0 0 0 0 0 0 0 0 0 0 0 0 0 0 0 0
0 0 0 0 0 0 0 0 0 0 0 0 0 0 0 0 0 0 0 0 0 0 0 0 0 0 0 0 0 0 0 0 0 0 0 0
0 0 0 0 0 0 0 0 0 0 0 0 0 0 0 0 0 0 0 0 0 0 0 0 0 0 0 0 0 0 0 0 0 0 0 0
0 0 0 0 0 0 0 0 0 0 0 0 0 0 0 0 0 0 0 0 0 0 0 0 0 0 0 0 0 0 0 0 0 0 0 0
0 0 0 0 0 0 0 0 0 0 0 0 0 0 0 0 0 0 0 0 0 0 0 0 0 0 0 0 0 0 0 0 0 0 0 0
0 0 0 0 0 0 0 0 0 0 0 0 0 0 0 0 0 0 0 0 0
##$SHL_SFCOEFFS14= (0..200)
0 0 0 0 0 0 0 0 0 0 0 0 0 0 0 0 0 0 0 0 0 0 0 0 0 0 0 0 0 0 0 0 0 0 0 0
0 0 0 0 0 0 0 0 0 0 0 0 0 0 0 0 0 0 0 0 0 0 0 0 0 0 0 0 0 0 0 0 0 0 0 0
0 0 0 0 0 0 0 0 0 0 0 0 0 0 0 0 0 0 0 0 0 0 0 0 0 0 0 0 0 0 0 0 0 0 0 0
0 0 0 0 0 0 0 0 0 0 0 0 0 0 0 0 0 0 0 0 0 0 0 0 0 0 0 0 0 0 0 0 0 0 0 0
0 0 0 0 0 0 0 0 0 0 0 0 0 0 0 0 0 0 0 0 0 0 0 0 0 0 0 0 0 0 0 0 0 0 0 0
0 0 0 0 0 0 0 0 0 0 0 0 0 0 0 0 0 0 0 0 0
##$SHL_SFCOEFFS15= (0..200)
0 0 0 0 0 0 0 0 0 0 0 0 0 0 0 0 0 0 0 0 0 0 0 0 0 0 0 0 0 0 0 0 0 0 0 0
0 0 0 0 0 0 0 0 0 0 0 0 0 0 0 0 0 0 0 0 0 0 0 0 0 0 0 0 0 0 0 0 0 0 0 0
0 0 0 0 0 0 0 0 0 0 0 0 0 0 0 0 0 0 0 0 0 0 0 0 0 0 0 0 0 0 0 0 0 0 0 0
0 0 0 0 0 0 0 0 0 0 0 0 0 0 0 0 0 0 0 0 0 0 0 0 0 0 0 0 0 0 0 0 0 0 0 0
0 0 0 0 0 0 0 0 0 0 0 0 0 0 0 0 0 0 0 0 0 0 0 0 0 0 0 0 0 0 0 0 0 0 0 0
0 0 0 0 0 0 0 0 0 0 0 0 0 0 0 0 0 0 0 0 0
##$SHL_SFCOEFFS2= (0..200)
0 0 0 0 0 0 0 0 0 0 0 0 0 0 0 0 0 0 0 0 0 0 0 0 0 0 0 0 0 0 0 0 0 0 0 0
0 0 0 0 0 0 0 0 0 0 0 0 0 0 0 0 0 0 0 0 0 0 0 0 0 0 0 0 0 0 0 0 0 0 0 0
0 0 0 0 0 0 0 0 0 0 0 0 0 0 0 0 0 0 0 0 0 0 0 0 0 0 0 0 0 0 0 0 0 0 0 0
0 0 0 0 0 0 0 0 0 0 0 0 0 0 0 0 0 0 0 0 0 0 0 0 0 0 0 0 0 0 0 0 0 0 0 0
0 0 0 0 0 0 0 0 0 0 0 0 0 0 0 0 0 0 0 0 0 0 0 0 0 0 0 0 0 0 0 0 0 0 0 0
0 0 0 0 0 0 0 0 0 0 0 0 0 0 0 0 0 0 0 0 0
##$SHL_SFCOEFFS3= (0..200)
0 0 0 0 0 0 0 0 0 0 0 0 0 0 0 0 0 0 0 0 0 0 0 0 0 0 0 0 0 0 0 0 0 0 0 0
0 0 0 0 0 0 0 0 0 0 0 0 0 0 0 0 0 0 0 0 0 0 0 0 0 0 0 0 0 0 0 0 0 0 0 0
0 0 0 0 0 0 0 0 0 0 0 0 0 0 0 0 0 0 0 0 0 0 0 0 0 0 0 0 0 0 0 0 0 0 0 0
0 0 0 0 0 0 0 0 0 0 0 0 0 0 0 0 0 0 0 0 0 0 0 0 0 0 0 0 0 0 0 0 0 0 0 0
0 0 0 0 0 0 0 0 0 0 0 0 0 0 0 0 0 0 0 0 0 0 0 0 0 0 0 0 0 0 0 0 0 0 0 0
0 0 0 0 0 0 0 0 0 0 0 0 0 0 0 0 0 0 0 0 0
##$SHL_SFCOEFFS4= (0..200)
0 0 0 0 0 0 0 0 0 0 0 0 0 0 0 0 0 0 0 0 0 0 0 0 0 0 0 0 0 0 0 0 0 0 0 0
0 0 0 0 0 0 0 0 0 0 0 0 0 0 0 0 0 0 0 0 0 0 0 0 0 0 0 0 0 0 0 0 0 0 0 0
0 0 0 0 0 0 0 0 0 0 0 0 0 0 0 0 0 0 0 0 0 0 0 0 0 0 0 0 0 0 0 0 0 0 0 0
0 0 0 0 0 0 0 0 0 0 0 0 0 0 0 0 0 0 0 0 0 0 0 0 0 0 0 0 0 0 0 0 0 0 0 0
0 0 0 0 0 0 0 0 0 0 0 0 0 0 0 0 0 0 0 0 0 0 0 0 0 0 0 0 0 0 0 0 0 0 0 0
0 0 0 0 0 0 0 0 0 0 0 0 0 0 0 0 0 0 0 0 0
##$SHL_SFCOEFFS5= (0..200)
0 0 0 0 0 0 0 0 0 0 0 0 0 0 0 0 0 0 0 0 0 0 0 0 0 0 0 0 0 0 0 0 0 0 0 0
0 0 0 0 0 0 0 0 0 0 0 0 0 0 0 0 0 0 0 0 0 0 0 0 0 0 0 0 0 0 0 0 0 0 0 0
0 0 0 0 0 0 0 0 0 0 0 0 0 0 0 0 0 0 0 0 0 0 0 0 0 0 0 0 0 0 0 0 0 0 0 0
0 0 0 0 0 0 0 0 0 0 0 0 0 0 0 0 0 0 0 0 0 0 0 0 0 0 0 0 0 0 0 0 0 0 0 0
0 0 0 0 0 0 0 0 0 0 0 0 0 0 0 0 0 0 0 0 0 0 0 0 0 0 0 0 0 0 0 0 0 0 0 0
0 0 0 0 0 0 0 0 0 0 0 0 0 0 0 0 0 0 0 0 0
##$SHL_SFCOEFFS6= (0..200)
0 0 0 0 0 0 0 0 0 0 0 0 0 0 0 0 0 0 0 0 0 0 0 0 0 0 0 0 0 0 0 0 0 0 0 0
0 0 0 0 0 0 0 0 0 0 0 0 0 0 0 0 0 0 0 0 0 0 0 0 0 0 0 0 0 0 0 0 0 0 0 0
0 0 0 0 0 0 0 0 0 0 0 0 0 0 0 0 0 0 0 0 0 0 0 0 0 0 0 0 0 0 0 0 0 0 0 0
0 0 0 0 0 0 0 0 0 0 0 0 0 0 0 0 0 0 0 0 0 0 0 0 0 0 0 0 0 0 0 0 0 0 0 0
0 0 0 0 0 0 0 0 0 0 0 0 0 0 0 0 0 0 0 0 0 0 0 0 0 0 0 0 0 0 0 0 0 0 0 0
0 0 0 0 0 0 0 0 0 0 0 0 0 0 0 0 0 0 0 0 0
##$SHL_SFCOEFFS7= (0..200)
0 0 0 0 0 0 0 0 0 0 0 0 0 0 0 0 0 0 0 0 0 0 0 0 0 0 0 0 0 0 0 0 0 0 0 0
0 0 0 0 0 0 0 0 0 0 0 0 0 0 0 0 0 0 0 0 0 0 0 0 0 0 0 0 0 0 0 0 0 0 0 0
0 0 0 0 0 0 0 0 0 0 0 0 0 0 0 0 0 0 0 0 0 0 0 0 0 0 0 0 0 0 0 0 0 0 0 0
0 0 0 0 0 0 0 0 0 0 0 0 0 0 0 0 0 0 0 0 0 0 0 0 0 0 0 0 0 0 0 0 0 0 0 0
0 0 0 0 0 0 0 0 0 0 0 0 0 0 0 0 0 0 0 0 0 0 0 0 0 0 0 0 0 0 0 0 0 0 0 0
0 0 0 0 0 0 0 0 0 0 0 0 0 0 0 0 0 0 0 0 0
##$SHL_SFCOEFFS8= (0..200)
0 0 0 0 0 0 0 0 0 0 0 0 0 0 0 0 0 0 0 0 0 0 0 0 0 0 0 0 0 0 0 0 0 0 0 0
0 0 0 0 0 0 0 0 0 0 0 0 0 0 0 0 0 0 0 0 0 0 0 0 0 0 0 0 0 0 0 0 0 0 0 0
0 0 0 0 0 0 0 0 0 0 0 0 0 0 0 0 0 0 0 0 0 0 0 0 0 0 0 0 0 0 0 0 0 0 0 0
0 0 0 0 0 0 0 0 0 0 0 0 0 0 0 0 0 0 0 0 0 0 0 0 0 0 0 0 0 0 0 0 0 0 0 0
0 0 0 0 0 0 0 0 0 0 0 0 0 0 0 0 0 0 0 0 0 0 0 0 0 0 0 0 0 0 0 0 0 0 0 0
0 0 0 0 0 0 0 0 0 0 0 0 0 0 0 0 0 0 0 0 0
##$SHL_SFCOEFFS9= (0..200)
0 0 0 0 0 0 0 0 0 0 0 0 0 0 0 0 0 0 0 0 0 0 0 0 0 0 0 0 0 0 0 0 0 0 0 0
0 0 0 0 0 0 0 0 0 0 0 0 0 0 0 0 0 0 0 0 0 0 0 0 0 0 0 0 0 0 0 0 0 0 0 0
0 0 0 0 0 0 0 0 0 0 0 0 0 0 0 0 0 0 0 0 0 0 0 0 0 0 0 0 0 0 0 0 0 0 0 0
0 0 0 0 0 0 0 0 0 0 0 0 0 0 0 0 0 0 0 0 0 0 0 0 0 0 0 0 0 0 0 0 0 0 0 0
0 0 0 0 0 0 0 0 0 0 0 0 0 0 0 0 0 0 0 0 0 0 0 0 0 0 0 0 0 0 0 0 0 0 0 0
0 0 0 0 0 0 0 0 0 0 0 0 0 0 0 0 0 0 0 0 0
##$SHL_SMOOTHED= (0..15)
0 0 0 0 0 0 0 0 0 0 0 0 0 0 0 0
##$SHL_SMOOTHING= (0..15)
0 0 0 0 0 0 0 0 0 0 0 0 0 0 0 0
##$SHL_SPOAL= (0..15)
0 0 0 0 0 0 0 0 0 0 0 0 0 0 0 0
##$SHL_SPOFFS= (0..15)
0 0 0 0 0 0 0 0 0 0 0 0 0 0 0 0
##$SHL_SPOPH= (0..15)
0 0 0 0 0 0 0 0 0 0 0 0 0 0 0 0
##$SHL_STARTAMP= (0..15)
0 0 0 0 0 0 0 0 0 0 0 0 0 0 0 0
##$SHL_SW= (0..15)
0 0 0 0 0 0 0 0 0 0 0 0 0 0 0 0
##$SHL_SWDIR= (0..15)
-1 -1 -1 -1 -1 -1 -1 -1 -1 -1 -1 -1 -1 -1 -1 -1
##$SHL_TANKAPPA= (0..15)
0 0 0 0 0 0 0 0 0 0 0 0 0 0 0 0
##$SHL_TOTROT= (0..15)
90 0 0 0 0 0 0 0 0 0 0 0 0 0 0 0
##$SHL_TRUNCLEV= (0..15)
0 0 0 0 0 0 0 0 0 0 0 0 0 0 0 0
##$SHL_TYPE= (0..15)
<Excitation> <> <> <> <> <> <> <> <> <> <> <> <> <> <> <>
##$SHL_WINDOWSIZE= (0..15)
0 0 0 0 0 0 0 0 0 0 0 0 0 0 0 0
##$SHL_ZETA= (0..15)
0 0 0 0 0 0 0 0 0 0 0 0 0 0 0 0
##NPOINTS= 1000
##XYPOINTS= (XY..XY)
44.948213, 294.213795
46.556547, 316.749499
48.103108, 339.405951
49.582338, 2.169165
50.989359, 25.027314
52.319877, 47.970370
53.570111, 70.989813
54.736737, 94.078388
55.816838, 117.229910
56.807874, 140.439102
57.707647, 163.701462
58.514283, 187.013156
59.226210, 210.370926
59.842142, 233.772021
60.361072, 257.214135
60.782254, 280.695355
61.105203, 304.214129
61.329681, 327.769228
61.455695, 351.359722
61.483494, 14.984967
61.413559, 38.644584
61.246606, 62.338454
60.983582, 86.066718
60.625659, 109.829769
60.174240, 133.628266
59.630953, 157.463137
58.997650, 181.335598
58.276415, 205.247169
57.469558, 229.199700
56.579622, 253.195403
55.609387, 277.236892
54.561875, 301.327226
53.440356, 325.469968
52.248362, 349.669250
50.989696, 13.929856
49.668450, 38.257316
48.289026, 62.658019
46.856164, 87.139345
45.374970, 111.709824
43.850963, 136.379320
42.290123, 161.159242
40.698958, 186.062789
39.084581, 211.105222
37.454808, 236.304162
35.818278, 261.679897
34.184599, 287.255666
32.564512, 313.057874
30.970089, 339.116145
29.414946, 5.463069
27.914450, 32.133422
26.485901, 59.162565
25.148607, 86.583628
23.923778, 114.423102
22.834087, 142.694636
21.902773, 171.391368
21.152155, 200.478067
20.601599, 229.885528
20.265180, 259.510415
20.149566, 289.222909
20.252740, 318.881798
20.564027, 348.353111
21.065432, 17.526474
21.733861, 46.324634
22.543577, 74.704935
23.468342, 102.654693
24.482969, 130.183588
25.564242, 157.315799
26.691335, 184.083408
27.845880, 210.521588
29.011829, 236.665454
30.175224, 262.548216
31.323932, 288.200243
32.447390, 313.648712
33.536369, 338.917606
34.582778, 4.027899
35.579493, 28.997829
36.520217, 53.843209
37.399364, 78.577720
38.211970, 103.213194
38.953613, 127.759863
39.620357, 152.226578
40.208695, 176.620996
40.715517, 200.949744
41.138072, 225.218553
41.473942, 249.432376
41.721024, 273.595482
41.877507, 297.711535
41.941860, 321.783663
41.912822, 345.814507
41.789387, 9.806262
41.570798, 33.760713
41.256542, 57.679247
40.846338, 81.562874
40.340140, 105.412221
39.738125, 129.227523
39.040695, 153.008605
38.248471, 176.754839
37.362294, 200.465090
36.383221, 224.137641
35.312526, 247.770078
34.151704, 271.359140
32.902472, 294.900511
31.566778, 318.388532
30.146808, 341.815784
28.645012, 5.172516
27.064124, 28.445789
25.407207, 51.618220
23.677726, 74.666061
21.879656, 97.556178
20.017673, 120.241140
18.097470, 142.650902
16.126352, 164.678047
14.114350, 186.150148
12.076542, 206.774710
10.038227, 226.021916
8.047728, 242.860427
6.211021, 255.176521
4.783209, 259.086420
4.277158, 252.778498
5.037688, 247.654430
6.679720, 253.116746
8.742309, 266.295116
11.006402, 283.557565
13.379479, 303.009278
15.817872, 323.722297
18.297710, 345.214619
20.804002, 7.217184
23.326135, 29.569804
25.855842, 52.171790
28.386193, 74.956925
30.911073, 97.879980
33.424886, 120.909057
35.922391, 144.021032
38.398595, 167.198744
40.848698, 190.429185
43.268050, 213.702316
45.652130, 237.010259
47.996534, 260.346738
50.296967, 283.706684
52.549236, 307.085954
54.749254, 330.481115
56.893040, 353.889292
58.976721, 17.308052
60.996535, 40.735310
62.948837, 64.169260
64.830103, 87.608324
66.636935, 111.051102
68.366066, 134.496342
70.014362, 157.942911
71.578834, 181.389768
73.056639, 204.835949
74.445082, 228.280549
75.741628, 251.722708
76.943902, 275.161597
78.049696, 298.596410
79.056970, 322.026354
79.963863, 345.450640
80.768691, 8.868470
81.469955, 32.279039
82.066342, 55.681516
82.556733, 79.075046
82.940203, 102.458734
83.216028, 125.831643
83.383685, 149.192781
83.442860, 172.541096
83.393446, 195.875460
83.235553, 219.194665
82.969508, 242.497406
82.595858, 265.782269
82.115378, 289.047715
81.529072, 312.292066
80.838181, 335.513481
80.044186, 358.709938
79.148815, 21.879207
78.154052, 45.018822
77.062143, 68.126046
75.875610, 91.197833
74.597259, 114.230788
73.230196, 137.221110
71.777845, 160.164533
70.243967, 183.056261
68.632690, 205.890886
66.948531, 228.662293
65.196442, 251.363553
63.381851, 273.986801
61.510715, 296.523090
59.589594, 318.962236
57.625724, 341.292627
55.627122, 3.501036
53.602704, 25.572403
51.562425, 47.489631
49.517453, 69.233398
47.480362, 90.782029
45.465361, 112.111484
43.488536, 133.195559
41.568100, 154.006427
39.724621, 174.515700
37.981162, 194.696242
36.363275, 214.524961
34.898710, 233.986744
33.616718, 253.079446
32.546816, 271.819417
31.716950, 290.246386
31.151166, 308.425947
30.867103, 326.447805
30.873853, 344.418818
31.170736, 2.451693
31.747381, 20.652092
32.585067, 39.107645
33.658950, 57.881484
34.940574, 77.010958
36.400163, 96.510428
38.008404, 116.376284
39.737618, 136.592459
41.562407, 157.135332
43.459901, 177.977550
45.409748, 199.090722
47.393952, 220.447146
49.396638, 242.020818
51.403803, 263.787929
53.403063, 285.727041
55.383438, 307.819062
57.335148, 330.047110
59.249446, 352.396325
61.118481, 14.853655
62.935176, 37.407653
64.693132, 60.048274
66.386545, 82.766703
68.010145, 105.555189
69.559134, 128.406910
71.029148, 151.315847
72.416218, 174.276680
73.716737, 197.284694
74.927437, 220.335703
76.045371, 243.425980
77.067890, 266.552200
77.992632, 289.711387
78.817510, 312.900874
79.540700, 336.118264
80.160635, 359.361396
80.675995, 22.628320
81.085699, 45.917268
81.388904, 69.226639
81.584996, 92.554974
81.673585, 115.900944
81.654504, 139.263333
81.527800, 162.641029
81.293733, 186.033008
80.952773, 209.438328
80.505594, 232.856117
79.953067, 256.285568
79.296265, 279.725931
78.536450, 303.176503
77.675073, 326.636629
76.713768, 350.105688
75.654351, 13.583094
74.498810, 37.068288
73.249306, 60.560736
71.908162, 84.059920
70.477866, 107.565333
68.961055, 131.076481
67.360519, 154.592867
65.679193, 178.113994
63.920146, 201.639351
62.086582, 225.168413
60.181831, 248.700622
58.209340, 272.235388
56.172673, 295.772065
54.075499, 319.309941
51.921585, 342.848216
49.714796, 6.385976
47.459081, 29.922157
45.158468, 53.455504
42.817060, 76.984509
40.439027, 100.507328
38.028599, 124.021673
35.590059, 147.524646
33.127742, 171.012512
30.646025, 194.480355
28.149333, 217.921554
25.642130, 241.326963
23.128933, 264.683557
20.614328, 287.972124
18.103004, 311.163095
15.599834, 334.208478
13.110052, 357.024911
10.639669, 19.453940
8.196650, 41.153796
5.794931, 61.232571
3.474404, 76.480191
1.503292, 66.206488
1.917829, 4.284170
3.973614, 6.232540
6.164001, 23.453067
8.344845, 44.153874
10.488299, 66.149540
12.583430, 88.765651
14.623786, 111.728035
16.604570, 134.904745
18.521766, 158.224624
20.371804, 181.646039
22.151416, 205.143101
23.857573, 228.698955
25.487447, 252.302237
27.038403, 275.945084
28.507985, 299.621964
29.893916, 323.328952
31.194097, 347.063268
32.406610, 10.822977
33.529720, 34.606788
34.561877, 58.413916
35.501721, 82.243991
36.348084, 106.096991
37.099997, 129.973202
37.756690, 153.873190
38.317599, 177.797789
38.782369, 201.748094
39.150863, 225.725466
39.423161, 249.731544
39.599570, 273.768263
39.680630, 297.837882
39.667121, 321.943016
39.560074, 346.086680
39.360775, 10.272342
39.070786, 34.503990
38.691951, 58.786204
38.226422, 83.124256
37.676674, 107.524221
37.045534, 131.993110
36.336216, 156.539037
35.552361, 181.171410
34.698085, 205.901167
33.778050, 230.741051
32.797538, 255.705934
31.762559, 280.813200
30.679975, 306.083168
29.557659, 331.539575
28.404700, 357.210051
27.231645, 23.126570
26.050798, 49.325732
24.876567, 75.848695
23.725851, 102.740431
22.618425, 130.047811
21.577245, 157.815850
20.628530, 186.081371
19.801404, 214.863586
19.126829, 244.152067
18.635577, 273.894453
18.355262, 303.988624
18.306847, 334.285238
18.501570, 4.604057
18.939346, 34.761061
19.609275, 64.596980
20.491970, 93.996937
21.562800, 122.896358
22.795019, 151.275239
24.162138, 179.146451
25.639401, 206.543322
27.204478, 233.509462
28.837641, 260.091666
30.521634, 286.335569
32.241408, 312.283339
33.983809, 337.972683
35.737286, 3.436651
37.491613, 28.703851
39.237676, 53.798862
40.967276, 78.742720
42.672988, 103.553397
44.348031, 128.246241
45.986180, 152.834369
47.581685, 177.329006
49.129212, 201.739771
50.623796, 226.074922
52.060805, 250.341558
53.435908, 274.545789
54.745056, 298.692881
55.984461, 322.787369
57.150582, 346.833159
58.240118, 10.833609
59.250000, 34.791597
60.177381, 58.709576
61.019637, 82.589626
61.774360, 106.433485
62.439360, 130.242586
63.012662, 154.018081
63.492509, 177.760861
63.877358, 201.471570
64.165887, 225.150617
64.356991, 248.798182
64.449788, 272.414221
64.443623, 295.998461
64.338066, 319.550400
64.132921, 343.069297
63.828226, 6.554156
63.424263, 30.003714
62.921559, 53.416415
62.320897, 76.790382
61.623321, 100.123383
60.830148, 123.412791
59.942981, 146.655525
58.963720, 169.847996
57.894582, 192.986024
56.738122, 216.064752
55.497261, 239.078534
54.175316, 262.020802
52.776042, 284.883909
51.303682, 307.658931
49.763036, 330.335440
48.159531, 352.901224
46.499332, 15.341954
44.789464, 37.640795
43.037974, 59.777945
41.254137, 81.730121
39.448710, 103.469994
37.634253, 124.965630
35.825521, 146.180018
34.039940, 167.070858
32.298145, 187.590917
30.624561, 207.689424
29.047925, 227.315237
27.601588, 246.422667
26.323298, 264.980809
25.254080, 282.986473
24.435779, 300.478909
23.907102, 317.551593
23.698585, 334.353962
23.827750, 351.077243
24.296143, 7.925416
25.089486, 25.081185
26.180810, 42.680157
27.535246, 60.801049
29.114802, 79.470724
30.882020, 98.677369
32.802220, 118.385074
34.844514, 138.545908
36.982010, 159.108286
39.191562, 180.022016
41.453316, 201.240928
43.750210, 222.723935
46.067503, 244.435210
48.392364, 266.343877
50.713522, 288.423512
53.020992, 310.651563
55.305844, 333.008804
57.560027, 355.478829
59.776226, 18.047608
61.947750, 40.703111
64.068445, 63.434990
66.132620, 86.234310
68.134997, 109.093324
70.070665, 132.005292
71.935044, 154.964321
73.723864, 177.965239
75.433136, 201.003483
77.059141, 224.075013
78.598412, 247.176234
80.047728, 270.303930
81.404106, 293.455210
82.664789, 316.627465
83.827248, 339.818322
84.889175, 3.025616
85.848479, 26.247356
86.703288, 49.481702
87.451944, 72.726941
88.093002, 95.981465
88.625232, 119.243760
89.047615, 142.512379
89.359345, 165.785937
89.559828, 189.063093
89.648682, 212.342537
89.625733, 235.622976
89.491023, 258.903129
89.244803, 282.181704
88.887532, 305.457397
88.419885, 328.728872
87.842743, 351.994751
87.157199, 15.253601
86.364558, 38.503917
85.466333, 61.744108
84.464249, 84.972477
83.360243, 108.187201
82.156466, 131.386310
80.855281, 154.567661
79.459268, 177.728904
77.971228, 200.867452
76.394184, 223.980439
74.731390, 247.064672
72.986336, 270.116577
71.162757, 293.132130
69.264649, 316.106781
67.296280, 339.035359
65.262214, 1.911960
63.167336, 24.729812
61.016884, 47.481109
58.816493, 70.156819
56.572249, 92.746437
54.290756, 115.237704
51.979228, 137.616251
49.645599, 159.865184
47.298669, 181.964586
44.948287, 203.890931
42.605588, 225.616433
40.283290, 247.108334
37.996061, 268.328221
35.760977, 289.231519
33.598050, 309.767431
31.530816, 329.879833
29.586894, 349.509898
27.798361, 8.601549
26.201646, 27.111003
24.836508, 45.021102
23.743580, 62.359226
22.960181, 79.213906
22.514750, 95.741238
22.421288, 112.152163
22.675914, 128.679353
23.257146, 145.534995
24.129834, 162.877174
25.251033, 180.796494
26.575668, 199.322027
28.060681, 218.437761
29.667324, 238.100568
31.362020, 258.254681
33.116289, 278.841370
34.906243, 299.804510
36.711908, 321.093270
38.516557, 342.663046
40.306120, 4.475428
42.068678, 26.497698
43.794064, 48.702148
45.473541, 71.065379
47.099544, 93.567638
48.665489, 116.192236
50.165607, 138.925052
51.594832, 161.754109
52.948697, 184.669230
54.223262, 207.661743
55.415057, 230.724251
56.521030, 253.850429
57.538509, 277.034866
58.465177, 300.272933
59.299042, 323.560671
60.038421, 346.894704
60.681920, 10.272164
61.228428, 33.690629
61.677097, 57.148072
62.027341, 80.642826
62.278823, 104.173545
62.431453, 127.739181
62.485380, 151.338962
62.440989, 174.972381
62.298899, 198.639182
62.059955, 222.339356
61.725230, 246.073139
61.296024, 269.841019
60.773859, 293.643735
60.160480, 317.482297
59.457856, 341.357996
58.668180, 5.272430
57.793871, 29.227528
56.837576, 53.225584
55.802174, 77.269301
54.690785, 101.361838
53.506774, 125.506869
52.253761, 149.708659
50.935636, 173.972143
49.556577, 198.303034
48.121069, 222.707945
46.633929, 247.194524
45.100347, 271.771637
43.525924, 296.449557
41.916727, 321.240206
40.279359, 346.157420
38.621038, 11.217254
36.949710, 36.438324
35.274167, 61.842148
33.604210, 87.453492
31.950830, 113.300627
30.326425, 139.415420
28.745029, 165.833087
27.222554, 192.591347
25.776986, 219.728626
24.428478, 247.280849
23.199218, 275.276342
22.112927, 303.728642
21.193814, 332.627632
20.464864, 1.930657
19.945517, 31.556721
19.649076, 61.387579
19.580486, 91.278203
19.735209, 121.075379
20.099625, 150.639010
20.652846, 179.859133
21.369338, 208.664099
22.221585, 237.019712
23.182257, 264.922342
24.225658, 292.389823
25.328498, 319.452889
26.470160, 346.148472
27.632651, 12.515091
28.800379, 38.590029
29.959870, 64.407792
31.099466, 89.999443
32.209057, 115.392447
33.279836, 140.610821
34.304098, 165.675414
35.275073, 190.604257
36.186788, 215.412907
37.033954, 240.114780
37.811879, 264.721446
38.516395, 289.242890
39.143798, 313.687735
39.690806, 338.063436
40.154512, 2.376443
40.532362, 26.632336
40.822126, 50.835939
41.021878, 74.991419
41.129978, 99.102362
41.145060, 123.171837
41.066020, 147.202453
40.892005, 171.196393
40.622406, 195.155452
40.256851, 219.081053
39.795198, 242.974261
39.237532, 266.835785
38.584157, 290.665970
37.835595, 314.464775
36.992582, 338.231739
36.056066, 1.965926
35.027202, 25.665852
33.907356, 49.329374
32.698101, 72.953539
31.401220, 96.534373
30.018711, 120.066587
28.552796, 143.543143
27.005929, 166.954639
25.380825, 190.288379
23.680491, 213.526965
21.908289, 236.646067
20.068033, 259.610801
18.164168, 282.369550
16.202092, 304.842918
14.188777, 326.902741
12.134069, 348.329209
10.053666, 8.715166
7.976850, 27.228931
5.969876, 41.960486
4.218388, 48.147761
3.275673, 37.905520
3.875103, 23.470369
5.581913, 25.605444
7.719174, 38.532124
10.032721, 56.189199
12.435542, 76.097850
14.890925, 97.214039
17.379675, 119.042802
19.889752, 141.323627
22.412435, 163.907539
24.940702, 186.703569
27.468472, 209.653178
29.990221, 232.717048
32.500779, 255.867812
34.995214, 279.085846
37.468765, 302.356709
39.916804, 325.669539
42.334814, 349.015998
44.718372, 12.389577
47.063151, 35.785112
49.364910, 59.198443
51.619500, 82.626176
53.822861, 106.065506
55.971031, 129.514083
58.060147, 152.969915
60.086452, 176.431296
62.046296, 199.896743
63.936148, 223.364953
65.752596, 246.834769
67.492354, 270.305145
69.152270, 293.775131
70.729329, 317.243847
72.220659, 340.710469
73.623537, 4.174216
74.935394, 27.634338
76.153821, 51.090105
77.276570, 74.540800
78.301565, 97.985708
79.226901, 121.424110
80.050854, 144.855274
80.771878, 168.278451
81.388618, 191.692864
81.899906, 215.097706
82.304770, 238.492125
82.602437, 261.875225
82.792336, 285.246051
82.874100, 308.603585
82.847574, 331.946731
82.712815, 355.274311
82.470098, 18.585046
82.119919, 41.877550
81.663001, 65.150308
81.100296, 88.401666
80.432991, 111.629806
79.662516, 134.832728
78.790546, 158.008224
77.819014, 181.153848
76.750114, 204.266885
75.586317, 227.344313
74.330378, 250.382757
72.985352, 273.378440
71.554614, 296.327122
70.041875, 319.224034
68.451212, 342.063795
66.787096, 4.840322
65.054430, 27.546723
63.258591, 50.175170
61.405490, 72.716764
59.501636, 95.161367
57.554218, 117.497429
55.571201, 139.711784
53.561448, 161.789450
51.534863, 183.713411
49.502554, 205.464440
47.477037, 227.020962
45.472456, 248.359042
43.504830, 269.452581
41.592302, 290.273839
39.755364, 310.794487
38.017013, 330.987383
36.402737, 350.829337
34.940249, 10.304990
33.658798, 29.411774
32.587958, 48.165409
31.755815, 66.604814
31.186649, 84.794684
30.898435, 102.823882
30.900678, 120.798668
31.193150, 138.831529
31.765922, 157.028326
32.600659, 175.477236
33.672816, 194.242134
34.954135, 213.361148
36.414959, 232.849339
38.026014, 252.703649
39.759613, 272.908404
41.590318, 293.440235
43.495197, 314.271930
45.453828, 335.375156
47.448142, 356.722216
49.462190, 18.287077
51.481896, 40.045881
53.494809, 61.977132
55.489880, 84.061677
57.457265, 106.282576
59.388160, 128.624908
61.274651, 151.075570
63.109605, 173.623063
64.886565, 196.257300
66.599673, 218.969421
68.243602, 241.751639
69.813502, 264.597097
71.304953, 287.499743
72.713930, 310.454226
74.036774, 333.455804
75.270163, 356.500264
76.411093, 19.583853
77.456862, 42.703220
78.405053, 65.855366
79.253524, 89.037598
80.000397, 112.247495
80.644049, 135.482871
81.183105, 158.741750
81.616430, 182.022339
81.943126, 205.323008
82.162524, 228.642271
82.274180, 251.978768
82.277873, 275.331251
82.173597, 298.698573
81.961561, 322.079674
81.642180, 345.473571
81.216077, 8.879350
80.684075, 32.296158
80.047194, 55.723191
79.306649, 79.159694
78.463844, 102.604946
77.520366, 126.058260
76.477987, 149.518976
75.338650, 172.986451
74.104476, 196.460056
72.777747, 219.939168
71.360911, 243.423167
69.856572, 266.911422
68.267484, 290.403289
66.596549, 313.898099
64.846808, 337.395149
63.021438, 0.893688
61.123745, 24.392905
59.157157, 47.891908
57.125218, 71.389706
55.031584, 94.885179
52.880016, 118.377045
50.674373, 141.863817
48.418605, 165.343748
46.116752, 188.814751
43.772932, 212.274305
41.391342, 235.719321
38.976251, 259.145951
36.532000, 282.549332
34.062996, 305.923207
31.573724, 329.259379
29.068749, 352.546874
26.552735, 15.770649
24.030480, 38.909505
21.506978, 61.932574
18.987533, 84.793121
16.477984, 107.416912
13.985170, 129.678729
11.517977, 151.350279
9.090020, 171.969764
6.727763, 190.458027
4.502134, 203.725827
2.696646, 200.956284
2.412612, 169.608931
3.923686, 159.664482
5.950639, 170.634287
8.075841, 188.325509
10.204024, 208.617725
12.303231, 230.151342
14.358603, 252.369015
16.361357, 275.003549
18.305340, 297.911730
20.185728, 321.010214
21.998460, 344.247369
23.739973, 7.589615
25.407065, 31.014265
26.996817, 54.505515
28.506556, 78.052104
29.933829, 101.645862
31.276391, 125.280803
32.532197, 148.952514
33.699399, 172.657761
34.776346, 196.394206
35.761584, 220.160220
36.653856, 243.954745
37.452108, 267.777200
38.155487, 291.627414
38.763350, 315.505587
39.275265, 339.412253
39.691013, 3.348272
40.010598, 27.314822
40.234248, 51.313406
40.362421, 75.345865
40.395816, 99.414401
40.335376, 123.521613
40.182301, 147.670531
39.938055, 171.864674
39.604383, 196.108113
39.183326, 220.405550
38.677238, 244.762411
38.088811, 269.184960
37.421103, 293.680437
36.677577, 318.257222
35.862139, 342.925026
34.979198, 7.695121
34.033735, 32.580613
33.031383, 57.596751
31.978543, 82.761284
30.882506, 108.094851
29.751630, 133.621395
28.595532, 159.368548
27.425341, 185.367926
26.253981, 211.655191
25.096500, 238.269673
23.970406, 265.253203
22.895973, 292.647693
21.896417, 320.490872
20.997796, 348.809647
20.228427, 17.610993
19.617589, 46.871326
19.193397, 76.527041
18.979944, 106.470582
18.994256, 136.556408
19.243903, 166.618153
19.726081, 196.492833
20.428505, 226.043861
21.331707, 255.175373
22.411932, 283.835210
23.643811, 312.009029
25.002367, 339.710148
26.464245, 6.969154
28.008297, 33.825410
29.615736, 60.321095
31.270027, 86.497498
32.956660, 112.392985
34.662880, 138.042089
36.377428, 163.475273
38.090297, 188.719075
39.792535, 213.796435
41.476072, 238.727098
43.133583, 263.528019
44.758376, 288.213747
46.344301, 312.796770
47.885679, 337.287815
49.377248, 1.696108
50.814111, 26.029591
52.191709, 50.295112
53.505784, 74.498577
54.752364, 98.645084
55.927742, 122.739029
57.028463, 146.784203
58.051317, 170.783864
58.993326, 194.740801
59.851742, 218.657392
60.624040, 242.535640
61.307921, 266.377215
61.901303, 290.183484
62.402324, 313.955528
62.809345, 337.694167
63.120943, 1.399968
63.335918, 25.073259
63.453296, 48.714130
63.472326, 72.322436
63.392486, 95.897794
63.213486, 119.439574
62.935272, 142.946889
62.558030, 166.418580
62.082195, 189.853191
61.508451, 213.248948
60.837744, 236.603718
60.071292, 259.914971
59.210592, 283.179730
58.257437, 306.394509
57.213933, 329.555233
56.082517, 352.657156
54.865987, 15.694743
53.567529, 38.661544
52.190757, 61.550028
50.739765, 84.351393
49.219187, 107.055326
47.634275, 129.649724
45.990998, 152.120353
44.296165, 174.450437
42.557587, 196.620185
40.784276, 218.606242
38.986704, 240.381075
37.177119, 261.912343
35.369948, 283.162325
33.582285, 304.087569
31.834453, 324.639062
30.150635, 344.763416
28.559465, 4.405814
27.094431, 23.515742
25.793796, 42.056525
24.699594, 60.019024
23.855240, 77.437909
23.301475, 94.405606
23.071020, 111.075888
23.183256, 127.649961
23.640814, 144.345236
24.429539, 161.357545
25.521773, 178.832018
26.881497, 196.851974
28.469473, 215.444578
30.247157, 234.595580
32.179034, 254.265425
34.233644, 274.402374
36.383743, 294.951431
38.605993, 315.859595
40.880457, 337.078488
43.190065, 358.565352
45.520104, 20.283112
47.857797, 42.199982
50.191936, 64.288873
52.512598, 86.526759
54.810915, 108.894073
57.078892, 131.374168
59.309261, 153.952844
61.495372, 176.617958
63.631103, 199.359080
65.710790, 222.167226
67.729171, 245.034619
69.681349, 267.954499
71.562750, 290.920966
73.369103, 313.928847
75.096416, 336.973585
76.740959, 0.051146
78.299255, 23.157943
79.768065, 46.290771
81.144385, 69.446750
82.425436, 92.623279
83.608662, 115.817999
84.691728, 139.028753
85.672513, 162.253559
86.549112, 185.490586
87.319833, 208.738127
87.983196, 231.994583
88.537934, 255.258441
88.982991, 278.528264
89.317523, 301.802667
89.540896, 325.080312
89.652688, 348.359890
##END=
##XYPOINTS= (XY..XY)
100.000000, 0.000000
100.000000, 0.000000
100.000000, 0.000000
100.000000, 0.000000
100.000000, 0.000000
100.000000, 0.000000
100.000000, 0.000000
100.000000, 0.000000
100.000000, 0.000000
100.000000, 0.000000
100.000000, 0.000000
100.000000, 0.000000
100.000000, 0.000000
100.000000, 0.000000
100.000000, 0.000000
100.000000, 0.000000
100.000000, 0.000000
100.000000, 0.000000
100.000000, 0.000000
100.000000, 0.000000
100.000000, 0.000000
100.000000, 0.000000
100.000000, 0.000000
100.000000, 0.000000
100.000000, 0.000000
100.000000, 0.000000
100.000000, 0.000000
100.000000, 0.000000
100.000000, 0.000000
100.000000, 0.000000
100.000000, 0.000000
100.000000, 0.000000
100.000000, 0.000000
100.000000, 0.000000
100.000000, 0.000000
100.000000, 0.000000
100.000000, 0.000000
100.000000, 0.000000
100.000000, 0.000000
100.000000, 0.000000
100.000000, 0.000000
100.000000, 0.000000
100.000000, 0.000000
100.000000, 0.000000
100.000000, 0.000000
100.000000, 0.000000
100.000000, 0.000000
100.000000, 0.000000
100.000000, 0.000000
100.000000, 0.000000
100.000000, 0.000000
100.000000, 0.000000
100.000000, 0.000000
100.000000, 0.000000
100.000000, 0.000000
100.000000, 0.000000
100.000000, 0.000000
100.000000, 0.000000
100.000000, 0.000000
100.000000, 0.000000
100.000000, 0.000000
100.000000, 0.000000
100.000000, 0.000000
100.000000, 0.000000
100.000000, 0.000000
100.000000, 0.000000
100.000000, 0.000000
100.000000, 0.000000
100.000000, 0.000000
100.000000, 0.000000
100.000000, 0.000000
100.000000, 0.000000
100.000000, 0.000000
100.000000, 0.000000
100.000000, 0.000000
100.000000, 0.000000
100.000000, 0.000000
100.000000, 0.000000
100.000000, 0.000000
100.000000, 0.000000
100.000000, 0.000000
100.000000, 0.000000
100.000000, 0.000000
100.000000, 0.000000
100.000000, 0.000000
100.000000, 0.000000
100.000000, 0.000000
100.000000, 0.000000
100.000000, 0.000000
100.000000, 0.000000
100.000000, 0.000000
100.000000, 0.000000
100.000000, 0.000000
100.000000, 0.000000
100.000000, 0.000000
100.000000, 0.000000
100.000000, 0.000000
100.000000, 0.000000
100.000000, 0.000000
100.000000, 0.000000
100.000000, 0.000000
100.000000, 0.000000
100.000000, 0.000000
100.000000, 0.000000
100.000000, 0.000000
100.000000, 0.000000
100.000000, 0.000000
100.000000, 0.000000
100.000000, 0.000000
100.000000, 0.000000
100.000000, 0.000000
100.000000, 0.000000
100.000000, 0.000000
100.000000, 0.000000
100.000000, 0.000000
100.000000, 0.000000
100.000000, 0.000000
100.000000, 0.000000
100.000000, 0.000000
100.000000, 0.000000
100.000000, 0.000000
100.000000, 0.000000
100.000000, 0.000000
100.000000, 0.000000
100.000000, 0.000000
100.000000, 0.000000
100.000000, 0.000000
100.000000, 0.000000
100.000000, 0.000000
100.000000, 0.000000
100.000000, 0.000000
100.000000, 0.000000
100.000000, 0.000000
100.000000, 0.000000
100.000000, 0.000000
100.000000, 0.000000
100.000000, 0.000000
100.000000, 0.000000
100.000000, 0.000000
100.000000, 0.000000
100.000000, 0.000000
100.000000, 0.000000
100.000000, 0.000000
100.000000, 0.000000
100.000000, 0.000000
100.000000, 0.000000
100.000000, 0.000000
100.000000, 0.000000
100.000000, 0.000000
100.000000, 0.000000
100.000000, 0.000000
100.000000, 0.000000
100.000000, 0.000000
100.000000, 0.000000
100.000000, 0.000000
100.000000, 0.000000
100.000000, 0.000000
100.000000, 0.000000
100.000000, 0.000000
100.000000, 0.000000
100.000000, 0.000000
100.000000, 0.000000
100.000000, 0.000000
100.000000, 0.000000
100.000000, 0.000000
100.000000, 0.000000
100.000000, 0.000000
100.000000, 0.000000
100.000000, 0.000000
100.000000, 0.000000
100.000000, 0.000000
100.000000, 0.000000
100.000000, 0.000000
100.000000, 0.000000
100.000000, 0.000000
100.000000, 0.000000
100.000000, 0.000000
100.000000, 0.000000
100.000000, 0.000000
100.000000, 0.000000
100.000000, 0.000000
100.000000, 0.000000
100.000000, 0.000000
100.000000, 0.000000
100.000000, 0.000000
100.000000, 0.000000
100.000000, 0.000000
100.000000, 0.000000
100.000000, 0.000000
100.000000, 0.000000
100.000000, 0.000000
100.000000, 0.000000
100.000000, 0.000000
100.000000, 0.000000
100.000000, 0.000000
100.000000, 0.000000
100.000000, 0.000000
100.000000, 0.000000
100.000000, 0.000000
100.000000, 0.000000
100.000000, 0.000000
100.000000, 0.000000
100.000000, 0.000000
100.000000, 0.000000
100.000000, 0.000000
100.000000, 0.000000
100.000000, 0.000000
100.000000, 0.000000
100.000000, 0.000000
100.000000, 0.000000
100.000000, 0.000000
100.000000, 0.000000
100.000000, 0.000000
100.000000, 0.000000
100.000000, 0.000000
100.000000, 0.000000
100.000000, 0.000000
100.000000, 0.000000
100.000000, 0.000000
100.000000, 0.000000
100.000000, 0.000000
100.000000, 0.000000
100.000000, 0.000000
100.000000, 0.000000
100.000000, 0.000000
100.000000, 0.000000
100.000000, 0.000000
100.000000, 0.000000
100.000000, 0.000000
100.000000, 0.000000
100.000000, 0.000000
100.000000, 0.000000
100.000000, 0.000000
100.000000, 0.000000
100.000000, 0.000000
100.000000, 0.000000
100.000000, 0.000000
100.000000, 0.000000
100.000000, 0.000000
100.000000, 0.000000
100.000000, 0.000000
100.000000, 0.000000
100.000000, 0.000000
100.000000, 0.000000
100.000000, 0.000000
100.000000, 0.000000
100.000000, 0.000000
100.000000, 0.000000
100.000000, 0.000000
100.000000, 0.000000
100.000000, 0.000000
100.000000, 0.000000
100.000000, 0.000000
100.000000, 0.000000
100.000000, 0.000000
100.000000, 0.000000
100.000000, 0.000000
100.000000, 0.000000
100.000000, 0.000000
100.000000, 0.000000
100.000000, 0.000000
100.000000, 0.000000
100.000000, 0.000000
100.000000, 0.000000
100.000000, 0.000000
100.000000, 0.000000
100.000000, 0.000000
100.000000, 0.000000
100.000000, 0.000000
100.000000, 0.000000
100.000000, 0.000000
100.000000, 0.000000
100.000000, 0.000000
100.000000, 0.000000
100.000000, 0.000000
100.000000, 0.000000
100.000000, 0.000000
100.000000, 0.000000
100.000000, 0.000000
100.000000, 0.000000
100.000000, 0.000000
100.000000, 0.000000
100.000000, 0.000000
100.000000, 0.000000
100.000000, 0.000000
100.000000, 0.000000
100.000000, 0.000000
100.000000, 0.000000
100.000000, 0.000000
100.000000, 0.000000
100.000000, 0.000000
100.000000, 0.000000
100.000000, 0.000000
100.000000, 0.000000
100.000000, 0.000000
100.000000, 0.000000
100.000000, 0.000000
100.000000, 0.000000
100.000000, 0.000000
100.000000, 0.000000
100.000000, 0.000000
100.000000, 0.000000
100.000000, 0.000000
100.000000, 0.000000
100.000000, 0.000000
100.000000, 0.000000
100.000000, 0.000000
100.000000, 0.000000
100.000000, 0.000000
100.000000, 0.000000
100.000000, 0.000000
100.000000, 0.000000
100.000000, 0.000000
100.000000, 0.000000
100.000000, 0.000000
100.000000, 0.000000
100.000000, 0.000000
100.000000, 0.000000
100.000000, 0.000000
100.000000, 0.000000
100.000000, 0.000000
100.000000, 0.000000
100.000000, 0.000000
100.000000, 0.000000
100.000000, 0.000000
100.000000, 0.000000
100.000000, 0.000000
100.000000, 0.000000
100.000000, 0.000000
100.000000, 0.000000
100.000000, 0.000000
100.000000, 0.000000
100.000000, 0.000000
100.000000, 0.000000
100.000000, 0.000000
100.000000, 0.000000
100.000000, 0.000000
100.000000, 0.000000
100.000000, 0.000000
100.000000, 0.000000
100.000000, 0.000000
100.000000, 0.000000
100.000000, 0.000000
100.000000, 0.000000
100.000000, 0.000000
100.000000, 0.000000
100.000000, 0.000000
100.000000, 0.000000
100.000000, 0.000000
100.000000, 0.000000
100.000000, 0.000000
100.000000, 0.000000
100.000000, 0.000000
100.000000, 0.000000
100.000000, 0.000000
100.000000, 0.000000
100.000000, 0.000000
100.000000, 0.000000
100.000000, 0.000000
100.000000, 0.000000
100.000000, 0.000000
100.000000, 0.000000
100.000000, 0.000000
100.000000, 0.000000
100.000000, 0.000000
100.000000, 0.000000
100.000000, 0.000000
100.000000, 0.000000
100.000000, 0.000000
100.000000, 0.000000
100.000000, 0.000000
100.000000, 0.000000
100.000000, 0.000000
100.000000, 0.000000
100.000000, 0.000000
100.000000, 0.000000
100.000000, 0.000000
100.000000, 0.000000
100.000000, 0.000000
100.000000, 0.000000
100.000000, 0.000000
100.000000, 0.000000
100.000000, 0.000000
100.000000, 0.000000
100.000000, 0.000000
100.000000, 0.000000
100.000000, 0.000000
100.000000, 0.000000
100.000000, 0.000000
100.000000, 0.000000
100.000000, 0.000000
100.000000, 0.000000
100.000000, 0.000000
100.000000, 0.000000
100.000000, 0.000000
100.000000, 0.000000
100.000000, 0.000000
100.000000, 0.000000
100.000000, 0.000000
100.000000, 0.000000
100.000000, 0.000000
100.000000, 0.000000
100.000000, 0.000000
100.000000, 0.000000
100.000000, 0.000000
100.000000, 0.000000
100.000000, 0.000000
100.000000, 0.000000
100.000000, 0.000000
100.000000, 0.000000
100.000000, 0.000000
100.000000, 0.000000
100.000000, 0.000000
100.000000, 0.000000
100.000000, 0.000000
100.000000, 0.000000
100.000000, 0.000000
100.000000, 0.000000
100.000000, 0.000000
100.000000, 0.000000
100.000000, 0.000000
100.000000, 0.000000
100.000000, 0.000000
100.000000, 0.000000
100.000000, 0.000000
100.000000, 0.000000
100.000000, 0.000000
100.000000, 0.000000
100.000000, 0.000000
100.000000, 0.000000
100.000000, 0.000000
100.000000, 0.000000
100.000000, 0.000000
100.000000, 0.000000
100.000000, 0.000000
100.000000, 0.000000
100.000000, 0.000000
100.000000, 0.000000
100.000000, 0.000000
100.000000, 0.000000
100.000000, 0.000000
100.000000, 0.000000
100.000000, 0.000000
100.000000, 0.000000
100.000000, 0.000000
100.000000, 0.000000
100.000000, 0.000000
100.000000, 0.000000
100.000000, 0.000000
100.000000, 0.000000
100.000000, 0.000000
100.000000, 0.000000
100.000000, 0.000000
100.000000, 0.000000
100.000000, 0.000000
100.000000, 0.000000
100.000000, 0.000000
100.000000, 0.000000
100.000000, 0.000000
100.000000, 0.000000
100.000000, 0.000000
100.000000, 0.000000
100.000000, 0.000000
100.000000, 0.000000
100.000000, 0.000000
100.000000, 0.000000
100.000000, 0.000000
100.000000, 0.000000
100.000000, 0.000000
100.000000, 0.000000
100.000000, 0.000000
100.000000, 0.000000
100.000000, 0.000000
100.000000, 0.000000
100.000000, 0.000000
100.000000, 0.000000
100.000000, 0.000000
100.000000, 0.000000
100.000000, 0.000000
100.000000, 0.000000
100.000000, 0.000000
100.000000, 0.000000
100.000000, 0.000000
100.000000, 0.000000
100.000000, 0.000000
100.000000, 0.000000
100.000000, 0.000000
100.000000, 0.000000
100.000000, 0.000000
100.000000, 0.000000
100.000000, 0.000000
100.000000, 0.000000
100.000000, 0.000000
100.000000, 0.000000
100.000000, 0.000000
100.000000, 0.000000
100.000000, 0.000000
100.000000, 0.000000
100.000000, 0.000000
100.000000, 0.000000
100.000000, 0.000000
100.000000, 0.000000
100.000000, 0.000000
100.000000, 0.000000
100.000000, 0.000000
100.000000, 0.000000
100.000000, 0.000000
100.000000, 0.000000
100.000000, 0.000000
100.000000, 0.000000
100.000000, 0.000000
100.000000, 0.000000
100.000000, 0.000000
100.000000, 0.000000
100.000000, 0.000000
100.000000, 0.000000
100.000000, 0.000000
100.000000, 0.000000
100.000000, 0.000000
100.000000, 0.000000
100.000000, 0.000000
100.000000, 0.000000
100.000000, 0.000000
100.000000, 0.000000
100.000000, 0.000000
100.000000, 0.000000
100.000000, 0.000000
100.000000, 0.000000
100.000000, 0.000000
100.000000, 0.000000
100.000000, 0.000000
100.000000, 0.000000
100.000000, 0.000000
100.000000, 0.000000
100.000000, 0.000000
100.000000, 0.000000
100.000000, 0.000000
100.000000, 0.000000
100.000000, 0.000000
100.000000, 0.000000
100.000000, 0.000000
100.000000, 0.000000
100.000000, 0.000000
100.000000, 0.000000
100.000000, 0.000000
100.000000, 0.000000
100.000000, 0.000000
100.000000, 0.000000
100.000000, 0.000000
100.000000, 0.000000
100.000000, 0.000000
100.000000, 0.000000
100.000000, 0.000000
100.000000, 0.000000
100.000000, 0.000000
100.000000, 0.000000
100.000000, 0.000000
100.000000, 0.000000
100.000000, 0.000000
100.000000, 0.000000
100.000000, 0.000000
100.000000, 0.000000
100.000000, 0.000000
100.000000, 0.000000
100.000000, 0.000000
100.000000, 0.000000
100.000000, 0.000000
100.000000, 0.000000
100.000000, 0.000000
100.000000, 0.000000
100.000000, 0.000000
100.000000, 0.000000
100.000000, 0.000000
100.000000, 0.000000
100.000000, 0.000000
100.000000, 0.000000
100.000000, 0.000000
100.000000, 0.000000
100.000000, 0.000000
100.000000, 0.000000
100.000000, 0.000000
100.000000, 0.000000
100.000000, 0.000000
100.000000, 0.000000
100.000000, 0.000000
100.000000, 0.000000
100.000000, 0.000000
100.000000, 0.000000
100.000000, 0.000000
100.000000, 0.000000
100.000000, 0.000000
100.000000, 0.000000
100.000000, 0.000000
100.000000, 0.000000
100.000000, 0.000000
100.000000, 0.000000
100.000000, 0.000000
100.000000, 0.000000
100.000000, 0.000000
100.000000, 0.000000
100.000000, 0.000000
100.000000, 0.000000
100.000000, 0.000000
100.000000, 0.000000
100.000000, 0.000000
100.000000, 0.000000
100.000000, 0.000000
100.000000, 0.000000
100.000000, 0.000000
100.000000, 0.000000
100.000000, 0.000000
100.000000, 0.000000
100.000000, 0.000000
100.000000, 0.000000
100.000000, 0.000000
100.000000, 0.000000
100.000000, 0.000000
100.000000, 0.000000
100.000000, 0.000000
100.000000, 0.000000
100.000000, 0.000000
100.000000, 0.000000
100.000000, 0.000000
100.000000, 0.000000
100.000000, 0.000000
100.000000, 0.000000
100.000000, 0.000000
100.000000, 0.000000
100.000000, 0.000000
100.000000, 0.000000
100.000000, 0.000000
100.000000, 0.000000
100.000000, 0.000000
100.000000, 0.000000
100.000000, 0.000000
100.000000, 0.000000
100.000000, 0.000000
100.000000, 0.000000
100.000000, 0.000000
100.000000, 0.000000
100.000000, 0.000000
100.000000, 0.000000
100.000000, 0.000000
100.000000, 0.000000
100.000000, 0.000000
100.000000, 0.000000
100.000000, 0.000000
100.000000, 0.000000
100.000000, 0.000000
100.000000, 0.000000
100.000000, 0.000000
100.000000, 0.000000
100.000000, 0.000000
100.000000, 0.000000
100.000000, 0.000000
100.000000, 0.000000
100.000000, 0.000000
100.000000, 0.000000
100.000000, 0.000000
100.000000, 0.000000
100.000000, 0.000000
100.000000, 0.000000
100.000000, 0.000000
100.000000, 0.000000
100.000000, 0.000000
100.000000, 0.000000
100.000000, 0.000000
100.000000, 0.000000
100.000000, 0.000000
100.000000, 0.000000
100.000000, 0.000000
100.000000, 0.000000
100.000000, 0.000000
100.000000, 0.000000
100.000000, 0.000000
100.000000, 0.000000
100.000000, 0.000000
100.000000, 0.000000
100.000000, 0.000000
100.000000, 0.000000
100.000000, 0.000000
100.000000, 0.000000
100.000000, 0.000000
100.000000, 0.000000
100.000000, 0.000000
100.000000, 0.000000
100.000000, 0.000000
100.000000, 0.000000
100.000000, 0.000000
100.000000, 0.000000
100.000000, 0.000000
100.000000, 0.000000
100.000000, 0.000000
100.000000, 0.000000
100.000000, 0.000000
100.000000, 0.000000
100.000000, 0.000000
100.000000, 0.000000
100.000000, 0.000000
100.000000, 0.000000
100.000000, 0.000000
100.000000, 0.000000
100.000000, 0.000000
100.000000, 0.000000
100.000000, 0.000000
100.000000, 0.000000
100.000000, 0.000000
100.000000, 0.000000
100.000000, 0.000000
100.000000, 0.000000
100.000000, 0.000000
100.000000, 0.000000
100.000000, 0.000000
100.000000, 0.000000
100.000000, 0.000000
100.000000, 0.000000
100.000000, 0.000000
100.000000, 0.000000
100.000000, 0.000000
100.000000, 0.000000
100.000000, 0.000000
100.000000, 0.000000
100.000000, 0.000000
100.000000, 0.000000
100.000000, 0.000000
100.000000, 0.000000
100.000000, 0.000000
100.000000, 0.000000
100.000000, 0.000000
100.000000, 0.000000
100.000000, 0.000000
100.000000, 0.000000
100.000000, 0.000000
100.000000, 0.000000
100.000000, 0.000000
100.000000, 0.000000
100.000000, 0.000000
100.000000, 0.000000
100.000000, 0.000000
100.000000, 0.000000
100.000000, 0.000000
100.000000, 0.000000
100.000000, 0.000000
100.000000, 0.000000
100.000000, 0.000000
100.000000, 0.000000
100.000000, 0.000000
100.000000, 0.000000
100.000000, 0.000000
100.000000, 0.000000
100.000000, 0.000000
100.000000, 0.000000
100.000000, 0.000000
100.000000, 0.000000
100.000000, 0.000000
100.000000, 0.000000
100.000000, 0.000000
100.000000, 0.000000
100.000000, 0.000000
100.000000, 0.000000
100.000000, 0.000000
100.000000, 0.000000
100.000000, 0.000000
100.000000, 0.000000
100.000000, 0.000000
100.000000, 0.000000
100.000000, 0.000000
100.000000, 0.000000
100.000000, 0.000000
100.000000, 0.000000
100.000000, 0.000000
100.000000, 0.000000
100.000000, 0.000000
100.000000, 0.000000
100.000000, 0.000000
100.000000, 0.000000
100.000000, 0.000000
100.000000, 0.000000
100.000000, 0.000000
100.000000, 0.000000
100.000000, 0.000000
100.000000, 0.000000
100.000000, 0.000000
100.000000, 0.000000
100.000000, 0.000000
100.000000, 0.000000
100.000000, 0.000000
100.000000, 0.000000
100.000000, 0.000000
100.000000, 0.000000
100.000000, 0.000000
100.000000, 0.000000
100.000000, 0.000000
100.000000, 0.000000
100.000000, 0.000000
100.000000, 0.000000
100.000000, 0.000000
100.000000, 0.000000
100.000000, 0.000000
100.000000, 0.000000
100.000000, 0.000000
100.000000, 0.000000
100.000000, 0.000000
100.000000, 0.000000
100.000000, 0.000000
100.000000, 0.000000
100.000000, 0.000000
100.000000, 0.000000
100.000000, 0.000000
100.000000, 0.000000
100.000000, 0.000000
100.000000, 0.000000
100.000000, 0.000000
100.000000, 0.000000
100.000000, 0.000000
100.000000, 0.000000
100.000000, 0.000000
100.000000, 0.000000
100.000000, 0.000000
100.000000, 0.000000
100.000000, 0.000000
100.000000, 0.000000
100.000000, 0.000000
100.000000, 0.000000
100.000000, 0.000000
100.000000, 0.000000
100.000000, 0.000000
100.000000, 0.000000
100.000000, 0.000000
100.000000, 0.000000
100.000000, 0.000000
100.000000, 0.000000
100.000000, 0.000000
100.000000, 0.000000
100.000000, 0.000000
100.000000, 0.000000
100.000000, 0.000000
100.000000, 0.000000
100.000000, 0.000000
100.000000, 0.000000
100.000000, 0.000000
100.000000, 0.000000
100.000000, 0.000000
100.000000, 0.000000
100.000000, 0.000000
100.000000, 0.000000
100.000000, 0.000000
100.000000, 0.000000
100.000000, 0.000000
100.000000, 0.000000
100.000000, 0.000000
100.000000, 0.000000
100.000000, 0.000000
100.000000, 0.000000
100.000000, 0.000000
100.000000, 0.000000
100.000000, 0.000000
100.000000, 0.000000
100.000000, 0.000000
100.000000, 0.000000
100.000000, 0.000000
100.000000, 0.000000
100.000000, 0.000000
100.000000, 0.000000
100.000000, 0.000000
100.000000, 0.000000
100.000000, 0.000000
100.000000, 0.000000
100.000000, 0.000000
100.000000, 0.000000
100.000000, 0.000000
100.000000, 0.000000
100.000000, 0.000000
100.000000, 0.000000
100.000000, 0.000000
100.000000, 0.000000
100.000000, 0.000000
100.000000, 0.000000
100.000000, 0.000000
100.000000, 0.000000
100.000000, 0.000000
100.000000, 0.000000
100.000000, 0.000000
100.000000, 0.000000
100.000000, 0.000000
100.000000, 0.000000
100.000000, 0.000000
100.000000, 0.000000
100.000000, 0.000000
100.000000, 0.000000
100.000000, 0.000000
100.000000, 0.000000
100.000000, 0.000000
100.000000, 0.000000
100.000000, 0.000000
100.000000, 0.000000
100.000000, 0.000000
100.000000, 0.000000
100.000000, 0.000000
100.000000, 0.000000
100.000000, 0.000000
100.000000, 0.000000
100.000000, 0.000000
100.000000, 0.000000
100.000000, 0.000000
100.000000, 0.000000
100.000000, 0.000000
100.000000, 0.000000
100.000000, 0.000000
100.000000, 0.000000
100.000000, 0.000000
100.000000, 0.000000
100.000000, 0.000000
100.000000, 0.000000
100.000000, 0.000000
100.000000, 0.000000
100.000000, 0.000000
100.000000, 0.000000
100.000000, 0.000000
100.000000, 0.000000
100.000000, 0.000000
100.000000, 0.000000
100.000000, 0.000000
100.000000, 0.000000
100.000000, 0.000000
100.000000, 0.000000
100.000000, 0.000000
100.000000, 0.000000
100.000000, 0.000000
100.000000, 0.000000
100.000000, 0.000000
100.000000, 0.000000
100.000000, 0.000000
100.000000, 0.000000
100.000000, 0.000000
100.000000, 0.000000
100.000000, 0.000000
100.000000, 0.000000
100.000000, 0.000000
100.000000, 0.000000
100.000000, 0.000000
100.000000, 0.000000
100.000000, 0.000000
100.000000, 0.000000
100.000000, 0.000000
100.000000, 0.000000
100.000000, 0.000000
100.000000, 0.000000
100.000000, 0.000000
100.000000, 0.000000
100.000000, 0.000000
100.000000, 0.000000
100.000000, 0.000000
100.000000, 0.000000
100.000000, 0.000000
100.000000, 0.000000
100.000000, 0.000000
100.000000, 0.000000
100.000000, 0.000000
100.000000, 0.000000
100.000000, 0.000000
100.000000, 0.000000
100.000000, 0.000000
100.000000, 0.000000
100.000000, 0.000000
100.000000, 0.000000
100.000000, 0.000000
100.000000, 0.000000
100.000000, 0.000000
100.000000, 0.000000
100.000000, 0.000000
100.000000, 0.000000
100.000000, 0.000000
100.000000, 0.000000
100.000000, 0.000000
100.000000, 0.000000
100.000000, 0.000000
100.000000, 0.000000
100.000000, 0.000000
100.000000, 0.000000
100.000000, 0.000000
100.000000, 0.000000
100.000000, 0.000000
100.000000, 0.000000
100.000000, 0.000000
100.000000, 0.000000
100.000000, 0.000000
100.000000, 0.000000
100.000000, 0.000000
100.000000, 0.000000
100.000000, 0.000000
100.000000, 0.000000
100.000000, 0.000000
100.000000, 0.000000
100.000000, 0.000000
100.000000, 0.000000
100.000000, 0.000000
100.000000, 0.000000
100.000000, 0.000000
100.000000, 0.000000
##END=
