##TITLE= Parameter file, TopSpin 3.6.5
##JCAMPDX= 5.0
##DATATYPE= Parameter Values
##ORIGIN= Bruker BioSpin GmbH
##OWNER= nmrservice
$$ 2023-09-14 23:24:11.144 +0100  nmrservice@aberlour
$$ C:/Bruker/cam-ts3/wave/p_EtOH_MeOD_t11
$$ process C:\Bruker\TopSpin3.6.5\prog\mod\xwinshape.exe
##MINX= 2.65007500
##MAXX= 97.34996900
##MINY= 0.06741400
##MAXY= 359.95534900
##$SHAPE_ADDPHASE= 0
##$SHAPE_AMP= 97.34996878
##$SHAPE_BWFAC= 0
##$SHAPE_BWFAC50= 0
##$SHAPE_CALCBW= yes
##$SHAPE_CALCINTEG= yes
##$SHAPE_EXMODE= <Excitation>
##$SHAPE_EXPAND= <>
##$SHAPE_EXPANDCF= (0..143)
0 0 0 0 0 0 0 0 0 0 0 0 0 0 0 0 0 0 0 0 0 0 0 0 0 0 0 0 0 0 0 0 0 0 0 0
0 0 0 0 0 0 0 0 0 0 0 0 0 0 0 0 0 0 0 0 0 0 0 0 0 0 0 0 0 0 0 0 0 0 0 0
0 0 0 0 0 0 0 0 0 0 0 0 0 0 0 0 0 0 0 0 0 0 0 0 0 0 0 0 0 0 0 0 0 0 0 0
0 0 0 0 0 0 0 0 0 0 0 0 0 0 0 0 0 0 0 0 0 0 0 0 0 0 0 0 0 0 0 0 0 0 0 0
##$SHAPE_EXPFAC= 0
##$SHAPE_FRACEND= 0
##$SHAPE_FRACORG= 0
##$SHAPE_FRACSTART= 0
##$SHAPE_INTEGFAC= 0
##$SHAPE_KEEPRES= yes
##$SHAPE_LENGTH= 100000
##$SHAPE_MAN= <M>
##$SHAPE_MODE= 2
##$SHAPE_MODFREQ= 0
##$SHAPE_MODPHASE= 0
##$SHAPE_MODSCALE= 0
##$SHAPE_MODSW= 0
##$SHAPE_MODSWDIR= -1
##$SHAPE_NPOINTS= 1000
##$SHAPE_OFFS= <2 2>
##$SHAPE_OFFSCOEFF= (0..95)
0 0 100 1215.3 0 94.7 0 0 0 0 0 0 0 0 0 0 0 0 0 0 0 0 0 0 0 0 0 0 0 0 0
0 0 0 0 0 0 0 0 0 0 0 0 0 0 0 0 0 0 0 0 0 0 0 0 0 0 0 0 0 0 0 0 0 0 0 0
0 0 0 0 0 0 0 0 0 0 0 0 0 0 0 0 0 0 0 0 0 0 0 0 0 0 0 0 0
##$SHAPE_PARAMETER= <>
##$SHAPE_REPHFAC= 0
##$SHAPE_RES= 0
##$SHAPE_SCALEFAC= 1.0272217
##$SHAPE_SCALETYPE= 0
##$SHAPE_SPOAL= 0
##$SHAPE_SPOFFS= 0
##$SHAPE_SPOPH= 0
##$SHAPE_TOTROT= 90
##$SHAPE_TYPE= <Excitation>
##$SHAPE_USER_DEF= 0
##$SHAPE_VERSION= 2.1
##$SHL_ADDPHASE= (0..15)
0 0 0 0 0 0 0 0 0 0 0 0 0 0 0 0
##$SHL_ALIGNOFFSET= (0..15)
0 0 0 0 0 0 0 0 0 0 0 0 0 0 0 0
##$SHL_AMP= (0..15)
100 0 0 0 0 0 0 0 0 0 0 0 0 0 0 0
##$SHL_AMPFAC= (0..15)
0 0 0 0 0 0 0 0 0 0 0 0 0 0 0 0
##$SHL_BETA= (0..15)
0 0 0 0 0 0 0 0 0 0 0 0 0 0 0 0
##$SHL_BWFAC= (0..15)
1.116 0 0 0 0 0 0 0 0 0 0 0 0 0 0 0
##$SHL_CALCBW= (0..15)
yes yes yes yes yes yes yes yes yes yes yes yes yes yes yes yes
##$SHL_CALCINTEG= (0..15)
yes yes yes yes yes yes yes yes yes yes yes yes yes yes yes yes
##$SHL_CENTERAMP= (0..15)
0 0 0 0 0 0 0 0 0 0 0 0 0 0 0 0
##$SHL_CYCNUM= (0..15)
0 0 0 0 0 0 0 0 0 0 0 0 0 0 0 0
##$SHL_DIPOLCPL= (0..15)
0 0 0 0 0 0 0 0 0 0 0 0 0 0 0 0
##$SHL_ENDAMP= (0..15)
0 0 0 0 0 0 0 0 0 0 0 0 0 0 0 0
##$SHL_EXMODE= (0..15)
<Excitation> <> <> <> <> <> <> <> <> <> <> <> <> <> <> <>
##$SHL_EXPAND= (0..15)
<> <> <> <> <> <> <> <> <> <> <> <> <> <> <> <>
##$SHL_EXPANDCF0= (0..143)
0 0 0 0 0 0 0 0 0 0 0 0 0 0 0 0 0 0 0 0 0 0 0 0 0 0 0 0 0 0 0 0 0 0 0 0
0 0 0 0 0 0 0 0 0 0 0 0 0 0 0 0 0 0 0 0 0 0 0 0 0 0 0 0 0 0 0 0 0 0 0 0
0 0 0 0 0 0 0 0 0 0 0 0 0 0 0 0 0 0 0 0 0 0 0 0 0 0 0 0 0 0 0 0 0 0 0 0
0 0 0 0 0 0 0 0 0 0 0 0 0 0 0 0 0 0 0 0 0 0 0 0 0 0 0 0 0 0 0 0 0 0 0 0
##$SHL_EXPANDCF1= (0..143)
0 0 0 0 0 0 0 0 0 0 0 0 0 0 0 0 0 0 0 0 0 0 0 0 0 0 0 0 0 0 0 0 0 0 0 0
0 0 0 0 0 0 0 0 0 0 0 0 0 0 0 0 0 0 0 0 0 0 0 0 0 0 0 0 0 0 0 0 0 0 0 0
0 0 0 0 0 0 0 0 0 0 0 0 0 0 0 0 0 0 0 0 0 0 0 0 0 0 0 0 0 0 0 0 0 0 0 0
0 0 0 0 0 0 0 0 0 0 0 0 0 0 0 0 0 0 0 0 0 0 0 0 0 0 0 0 0 0 0 0 0 0 0 0
##$SHL_EXPANDCF10= (0..143)
0 0 0 0 0 0 0 0 0 0 0 0 0 0 0 0 0 0 0 0 0 0 0 0 0 0 0 0 0 0 0 0 0 0 0 0
0 0 0 0 0 0 0 0 0 0 0 0 0 0 0 0 0 0 0 0 0 0 0 0 0 0 0 0 0 0 0 0 0 0 0 0
0 0 0 0 0 0 0 0 0 0 0 0 0 0 0 0 0 0 0 0 0 0 0 0 0 0 0 0 0 0 0 0 0 0 0 0
0 0 0 0 0 0 0 0 0 0 0 0 0 0 0 0 0 0 0 0 0 0 0 0 0 0 0 0 0 0 0 0 0 0 0 0
##$SHL_EXPANDCF11= (0..143)
0 0 0 0 0 0 0 0 0 0 0 0 0 0 0 0 0 0 0 0 0 0 0 0 0 0 0 0 0 0 0 0 0 0 0 0
0 0 0 0 0 0 0 0 0 0 0 0 0 0 0 0 0 0 0 0 0 0 0 0 0 0 0 0 0 0 0 0 0 0 0 0
0 0 0 0 0 0 0 0 0 0 0 0 0 0 0 0 0 0 0 0 0 0 0 0 0 0 0 0 0 0 0 0 0 0 0 0
0 0 0 0 0 0 0 0 0 0 0 0 0 0 0 0 0 0 0 0 0 0 0 0 0 0 0 0 0 0 0 0 0 0 0 0
##$SHL_EXPANDCF12= (0..143)
0 0 0 0 0 0 0 0 0 0 0 0 0 0 0 0 0 0 0 0 0 0 0 0 0 0 0 0 0 0 0 0 0 0 0 0
0 0 0 0 0 0 0 0 0 0 0 0 0 0 0 0 0 0 0 0 0 0 0 0 0 0 0 0 0 0 0 0 0 0 0 0
0 0 0 0 0 0 0 0 0 0 0 0 0 0 0 0 0 0 0 0 0 0 0 0 0 0 0 0 0 0 0 0 0 0 0 0
0 0 0 0 0 0 0 0 0 0 0 0 0 0 0 0 0 0 0 0 0 0 0 0 0 0 0 0 0 0 0 0 0 0 0 0
##$SHL_EXPANDCF13= (0..143)
0 0 0 0 0 0 0 0 0 0 0 0 0 0 0 0 0 0 0 0 0 0 0 0 0 0 0 0 0 0 0 0 0 0 0 0
0 0 0 0 0 0 0 0 0 0 0 0 0 0 0 0 0 0 0 0 0 0 0 0 0 0 0 0 0 0 0 0 0 0 0 0
0 0 0 0 0 0 0 0 0 0 0 0 0 0 0 0 0 0 0 0 0 0 0 0 0 0 0 0 0 0 0 0 0 0 0 0
0 0 0 0 0 0 0 0 0 0 0 0 0 0 0 0 0 0 0 0 0 0 0 0 0 0 0 0 0 0 0 0 0 0 0 0
##$SHL_EXPANDCF14= (0..143)
0 0 0 0 0 0 0 0 0 0 0 0 0 0 0 0 0 0 0 0 0 0 0 0 0 0 0 0 0 0 0 0 0 0 0 0
0 0 0 0 0 0 0 0 0 0 0 0 0 0 0 0 0 0 0 0 0 0 0 0 0 0 0 0 0 0 0 0 0 0 0 0
0 0 0 0 0 0 0 0 0 0 0 0 0 0 0 0 0 0 0 0 0 0 0 0 0 0 0 0 0 0 0 0 0 0 0 0
0 0 0 0 0 0 0 0 0 0 0 0 0 0 0 0 0 0 0 0 0 0 0 0 0 0 0 0 0 0 0 0 0 0 0 0
##$SHL_EXPANDCF15= (0..143)
0 0 0 0 0 0 0 0 0 0 0 0 0 0 0 0 0 0 0 0 0 0 0 0 0 0 0 0 0 0 0 0 0 0 0 0
0 0 0 0 0 0 0 0 0 0 0 0 0 0 0 0 0 0 0 0 0 0 0 0 0 0 0 0 0 0 0 0 0 0 0 0
0 0 0 0 0 0 0 0 0 0 0 0 0 0 0 0 0 0 0 0 0 0 0 0 0 0 0 0 0 0 0 0 0 0 0 0
0 0 0 0 0 0 0 0 0 0 0 0 0 0 0 0 0 0 0 0 0 0 0 0 0 0 0 0 0 0 0 0 0 0 0 0
##$SHL_EXPANDCF2= (0..143)
0 0 0 0 0 0 0 0 0 0 0 0 0 0 0 0 0 0 0 0 0 0 0 0 0 0 0 0 0 0 0 0 0 0 0 0
0 0 0 0 0 0 0 0 0 0 0 0 0 0 0 0 0 0 0 0 0 0 0 0 0 0 0 0 0 0 0 0 0 0 0 0
0 0 0 0 0 0 0 0 0 0 0 0 0 0 0 0 0 0 0 0 0 0 0 0 0 0 0 0 0 0 0 0 0 0 0 0
0 0 0 0 0 0 0 0 0 0 0 0 0 0 0 0 0 0 0 0 0 0 0 0 0 0 0 0 0 0 0 0 0 0 0 0
##$SHL_EXPANDCF3= (0..143)
0 0 0 0 0 0 0 0 0 0 0 0 0 0 0 0 0 0 0 0 0 0 0 0 0 0 0 0 0 0 0 0 0 0 0 0
0 0 0 0 0 0 0 0 0 0 0 0 0 0 0 0 0 0 0 0 0 0 0 0 0 0 0 0 0 0 0 0 0 0 0 0
0 0 0 0 0 0 0 0 0 0 0 0 0 0 0 0 0 0 0 0 0 0 0 0 0 0 0 0 0 0 0 0 0 0 0 0
0 0 0 0 0 0 0 0 0 0 0 0 0 0 0 0 0 0 0 0 0 0 0 0 0 0 0 0 0 0 0 0 0 0 0 0
##$SHL_EXPANDCF4= (0..143)
0 0 0 0 0 0 0 0 0 0 0 0 0 0 0 0 0 0 0 0 0 0 0 0 0 0 0 0 0 0 0 0 0 0 0 0
0 0 0 0 0 0 0 0 0 0 0 0 0 0 0 0 0 0 0 0 0 0 0 0 0 0 0 0 0 0 0 0 0 0 0 0
0 0 0 0 0 0 0 0 0 0 0 0 0 0 0 0 0 0 0 0 0 0 0 0 0 0 0 0 0 0 0 0 0 0 0 0
0 0 0 0 0 0 0 0 0 0 0 0 0 0 0 0 0 0 0 0 0 0 0 0 0 0 0 0 0 0 0 0 0 0 0 0
##$SHL_EXPANDCF5= (0..143)
0 0 0 0 0 0 0 0 0 0 0 0 0 0 0 0 0 0 0 0 0 0 0 0 0 0 0 0 0 0 0 0 0 0 0 0
0 0 0 0 0 0 0 0 0 0 0 0 0 0 0 0 0 0 0 0 0 0 0 0 0 0 0 0 0 0 0 0 0 0 0 0
0 0 0 0 0 0 0 0 0 0 0 0 0 0 0 0 0 0 0 0 0 0 0 0 0 0 0 0 0 0 0 0 0 0 0 0
0 0 0 0 0 0 0 0 0 0 0 0 0 0 0 0 0 0 0 0 0 0 0 0 0 0 0 0 0 0 0 0 0 0 0 0
##$SHL_EXPANDCF6= (0..143)
0 0 0 0 0 0 0 0 0 0 0 0 0 0 0 0 0 0 0 0 0 0 0 0 0 0 0 0 0 0 0 0 0 0 0 0
0 0 0 0 0 0 0 0 0 0 0 0 0 0 0 0 0 0 0 0 0 0 0 0 0 0 0 0 0 0 0 0 0 0 0 0
0 0 0 0 0 0 0 0 0 0 0 0 0 0 0 0 0 0 0 0 0 0 0 0 0 0 0 0 0 0 0 0 0 0 0 0
0 0 0 0 0 0 0 0 0 0 0 0 0 0 0 0 0 0 0 0 0 0 0 0 0 0 0 0 0 0 0 0 0 0 0 0
##$SHL_EXPANDCF7= (0..143)
0 0 0 0 0 0 0 0 0 0 0 0 0 0 0 0 0 0 0 0 0 0 0 0 0 0 0 0 0 0 0 0 0 0 0 0
0 0 0 0 0 0 0 0 0 0 0 0 0 0 0 0 0 0 0 0 0 0 0 0 0 0 0 0 0 0 0 0 0 0 0 0
0 0 0 0 0 0 0 0 0 0 0 0 0 0 0 0 0 0 0 0 0 0 0 0 0 0 0 0 0 0 0 0 0 0 0 0
0 0 0 0 0 0 0 0 0 0 0 0 0 0 0 0 0 0 0 0 0 0 0 0 0 0 0 0 0 0 0 0 0 0 0 0
##$SHL_EXPANDCF8= (0..143)
0 0 0 0 0 0 0 0 0 0 0 0 0 0 0 0 0 0 0 0 0 0 0 0 0 0 0 0 0 0 0 0 0 0 0 0
0 0 0 0 0 0 0 0 0 0 0 0 0 0 0 0 0 0 0 0 0 0 0 0 0 0 0 0 0 0 0 0 0 0 0 0
0 0 0 0 0 0 0 0 0 0 0 0 0 0 0 0 0 0 0 0 0 0 0 0 0 0 0 0 0 0 0 0 0 0 0 0
0 0 0 0 0 0 0 0 0 0 0 0 0 0 0 0 0 0 0 0 0 0 0 0 0 0 0 0 0 0 0 0 0 0 0 0
##$SHL_EXPANDCF9= (0..143)
0 0 0 0 0 0 0 0 0 0 0 0 0 0 0 0 0 0 0 0 0 0 0 0 0 0 0 0 0 0 0 0 0 0 0 0
0 0 0 0 0 0 0 0 0 0 0 0 0 0 0 0 0 0 0 0 0 0 0 0 0 0 0 0 0 0 0 0 0 0 0 0
0 0 0 0 0 0 0 0 0 0 0 0 0 0 0 0 0 0 0 0 0 0 0 0 0 0 0 0 0 0 0 0 0 0 0 0
0 0 0 0 0 0 0 0 0 0 0 0 0 0 0 0 0 0 0 0 0 0 0 0 0 0 0 0 0 0 0 0 0 0 0 0
##$SHL_EXPFAC= (0..15)
0 0 0 0 0 0 0 0 0 0 0 0 0 0 0 0
##$SHL_FRACEND= (0..15)
0 0 0 0 0 0 0 0 0 0 0 0 0 0 0 0
##$SHL_FRACORG= (0..15)
0 0 0 0 0 0 0 0 0 0 0 0 0 0 0 0
##$SHL_FRACSTART= (0..15)
0 0 0 0 0 0 0 0 0 0 0 0 0 0 0 0
##$SHL_FULLHALF= (0..15)
0 0 0 0 0 0 0 0 0 0 0 0 0 0 0 0
##$SHL_FUNCAMP= (0..15)
0 0 0 0 0 0 0 0 0 0 0 0 0 0 0 0
##$SHL_FUNCTION= (0..15)
<User> <> <> <> <> <> <> <> <> <> <> <> <> <> <> <>
##$SHL_GCO= (0..15)
<> <> <> <> <> <> <> <> <> <> <> <> <> <> <> <>
##$SHL_GCOCOEFFS0= (0..59)
0 0 0 0 0 0 0 0 0 0 0 0 0 0 0 0 0 0 0 0 0 0 0 0 0 0 0 0 0 0 0 0 0 0 0 0
0 0 0 0 0 0 0 0 0 0 0 0 0 0 0 0 0 0 0 0 0 0 0 0
##$SHL_GCOCOEFFS1= (0..59)
0 0 0 0 0 0 0 0 0 0 0 0 0 0 0 0 0 0 0 0 0 0 0 0 0 0 0 0 0 0 0 0 0 0 0 0
0 0 0 0 0 0 0 0 0 0 0 0 0 0 0 0 0 0 0 0 0 0 0 0
##$SHL_GCOCOEFFS10= (0..59)
0 0 0 0 0 0 0 0 0 0 0 0 0 0 0 0 0 0 0 0 0 0 0 0 0 0 0 0 0 0 0 0 0 0 0 0
0 0 0 0 0 0 0 0 0 0 0 0 0 0 0 0 0 0 0 0 0 0 0 0
##$SHL_GCOCOEFFS11= (0..59)
0 0 0 0 0 0 0 0 0 0 0 0 0 0 0 0 0 0 0 0 0 0 0 0 0 0 0 0 0 0 0 0 0 0 0 0
0 0 0 0 0 0 0 0 0 0 0 0 0 0 0 0 0 0 0 0 0 0 0 0
##$SHL_GCOCOEFFS12= (0..59)
0 0 0 0 0 0 0 0 0 0 0 0 0 0 0 0 0 0 0 0 0 0 0 0 0 0 0 0 0 0 0 0 0 0 0 0
0 0 0 0 0 0 0 0 0 0 0 0 0 0 0 0 0 0 0 0 0 0 0 0
##$SHL_GCOCOEFFS13= (0..59)
0 0 0 0 0 0 0 0 0 0 0 0 0 0 0 0 0 0 0 0 0 0 0 0 0 0 0 0 0 0 0 0 0 0 0 0
0 0 0 0 0 0 0 0 0 0 0 0 0 0 0 0 0 0 0 0 0 0 0 0
##$SHL_GCOCOEFFS14= (0..59)
0 0 0 0 0 0 0 0 0 0 0 0 0 0 0 0 0 0 0 0 0 0 0 0 0 0 0 0 0 0 0 0 0 0 0 0
0 0 0 0 0 0 0 0 0 0 0 0 0 0 0 0 0 0 0 0 0 0 0 0
##$SHL_GCOCOEFFS15= (0..59)
0 0 0 0 0 0 0 0 0 0 0 0 0 0 0 0 0 0 0 0 0 0 0 0 0 0 0 0 0 0 0 0 0 0 0 0
0 0 0 0 0 0 0 0 0 0 0 0 0 0 0 0 0 0 0 0 0 0 0 0
##$SHL_GCOCOEFFS2= (0..59)
0 0 0 0 0 0 0 0 0 0 0 0 0 0 0 0 0 0 0 0 0 0 0 0 0 0 0 0 0 0 0 0 0 0 0 0
0 0 0 0 0 0 0 0 0 0 0 0 0 0 0 0 0 0 0 0 0 0 0 0
##$SHL_GCOCOEFFS3= (0..59)
0 0 0 0 0 0 0 0 0 0 0 0 0 0 0 0 0 0 0 0 0 0 0 0 0 0 0 0 0 0 0 0 0 0 0 0
0 0 0 0 0 0 0 0 0 0 0 0 0 0 0 0 0 0 0 0 0 0 0 0
##$SHL_GCOCOEFFS4= (0..59)
0 0 0 0 0 0 0 0 0 0 0 0 0 0 0 0 0 0 0 0 0 0 0 0 0 0 0 0 0 0 0 0 0 0 0 0
0 0 0 0 0 0 0 0 0 0 0 0 0 0 0 0 0 0 0 0 0 0 0 0
##$SHL_GCOCOEFFS5= (0..59)
0 0 0 0 0 0 0 0 0 0 0 0 0 0 0 0 0 0 0 0 0 0 0 0 0 0 0 0 0 0 0 0 0 0 0 0
0 0 0 0 0 0 0 0 0 0 0 0 0 0 0 0 0 0 0 0 0 0 0 0
##$SHL_GCOCOEFFS6= (0..59)
0 0 0 0 0 0 0 0 0 0 0 0 0 0 0 0 0 0 0 0 0 0 0 0 0 0 0 0 0 0 0 0 0 0 0 0
0 0 0 0 0 0 0 0 0 0 0 0 0 0 0 0 0 0 0 0 0 0 0 0
##$SHL_GCOCOEFFS7= (0..59)
0 0 0 0 0 0 0 0 0 0 0 0 0 0 0 0 0 0 0 0 0 0 0 0 0 0 0 0 0 0 0 0 0 0 0 0
0 0 0 0 0 0 0 0 0 0 0 0 0 0 0 0 0 0 0 0 0 0 0 0
##$SHL_GCOCOEFFS8= (0..59)
0 0 0 0 0 0 0 0 0 0 0 0 0 0 0 0 0 0 0 0 0 0 0 0 0 0 0 0 0 0 0 0 0 0 0 0
0 0 0 0 0 0 0 0 0 0 0 0 0 0 0 0 0 0 0 0 0 0 0 0
##$SHL_GCOCOEFFS9= (0..59)
0 0 0 0 0 0 0 0 0 0 0 0 0 0 0 0 0 0 0 0 0 0 0 0 0 0 0 0 0 0 0 0 0 0 0 0
0 0 0 0 0 0 0 0 0 0 0 0 0 0 0 0 0 0 0 0 0 0 0 0
##$SHL_INTEGFAC= (0..15)
1 0 0 0 0 0 0 0 0 0 0 0 0 0 0 0
##$SHL_LB= (0..15)
0 0 0 0 0 0 0 0 0 0 0 0 0 0 0 0
##$SHL_LEFTLIMIT= (0..15)
0 0 0 0 0 0 0 0 0 0 0 0 0 0 0 0
##$SHL_LENGTH= (0..15)
100000 0 0 0 0 0 0 0 0 0 0 0 0 0 0 0
##$SHL_MAN= (0..15)
<> <> <> <> <> <> <> <> <> <> <> <> <> <> <> <>
##$SHL_MEANAMP= (0..15)
0 0 0 0 0 0 0 0 0 0 0 0 0 0 0 0
##$SHL_MODAMP= (0..15)
0 0 0 0 0 0 0 0 0 0 0 0 0 0 0 0
##$SHL_MODE= (0..15)
0 0 0 0 0 0 0 0 0 0 0 0 0 0 0 0
##$SHL_MODFREQ= (0..15)
0 0 0 0 0 0 0 0 0 0 0 0 0 0 0 0
##$SHL_MODPHASE= (0..15)
0 0 0 0 0 0 0 0 0 0 0 0 0 0 0 0
##$SHL_MODSCALE= (0..15)
0 0 0 0 0 0 0 0 0 0 0 0 0 0 0 0
##$SHL_MODSW= (0..15)
0 0 0 0 0 0 0 0 0 0 0 0 0 0 0 0
##$SHL_MODSWDIR= (0..15)
-1 -1 -1 -1 -1 -1 -1 -1 -1 -1 -1 -1 -1 -1 -1 -1
##$SHL_MU= (0..15)
0 0 0 0 0 0 0 0 0 0 0 0 0 0 0 0
##$SHL_NPOINTS= (0..15)
1000 0 0 0 0 0 0 0 0 0 0 0 0 0 0 0
##$SHL_OFFS= (0..15)
<> <> <> <> <> <> <> <> <> <> <> <> <> <> <> <>
##$SHL_OFFSCOEFF0= (0..95)
0 0 0 0 0 0 0 0 0 0 0 0 0 0 0 0 0 0 0 0 0 0 0 0 0 0 0 0 0 0 0 0 0 0 0 0
0 0 0 0 0 0 0 0 0 0 0 0 0 0 0 0 0 0 0 0 0 0 0 0 0 0 0 0 0 0 0 0 0 0 0 0
0 0 0 0 0 0 0 0 0 0 0 0 0 0 0 0 0 0 0 0 0 0 0 0
##$SHL_OFFSCOEFF1= (0..95)
0 0 0 0 0 0 0 0 0 0 0 0 0 0 0 0 0 0 0 0 0 0 0 0 0 0 0 0 0 0 0 0 0 0 0 0
0 0 0 0 0 0 0 0 0 0 0 0 0 0 0 0 0 0 0 0 0 0 0 0 0 0 0 0 0 0 0 0 0 0 0 0
0 0 0 0 0 0 0 0 0 0 0 0 0 0 0 0 0 0 0 0 0 0 0 0
##$SHL_OFFSCOEFF10= (0..95)
0 0 0 0 0 0 0 0 0 0 0 0 0 0 0 0 0 0 0 0 0 0 0 0 0 0 0 0 0 0 0 0 0 0 0 0
0 0 0 0 0 0 0 0 0 0 0 0 0 0 0 0 0 0 0 0 0 0 0 0 0 0 0 0 0 0 0 0 0 0 0 0
0 0 0 0 0 0 0 0 0 0 0 0 0 0 0 0 0 0 0 0 0 0 0 0
##$SHL_OFFSCOEFF11= (0..95)
0 0 0 0 0 0 0 0 0 0 0 0 0 0 0 0 0 0 0 0 0 0 0 0 0 0 0 0 0 0 0 0 0 0 0 0
0 0 0 0 0 0 0 0 0 0 0 0 0 0 0 0 0 0 0 0 0 0 0 0 0 0 0 0 0 0 0 0 0 0 0 0
0 0 0 0 0 0 0 0 0 0 0 0 0 0 0 0 0 0 0 0 0 0 0 0
##$SHL_OFFSCOEFF12= (0..95)
0 0 0 0 0 0 0 0 0 0 0 0 0 0 0 0 0 0 0 0 0 0 0 0 0 0 0 0 0 0 0 0 0 0 0 0
0 0 0 0 0 0 0 0 0 0 0 0 0 0 0 0 0 0 0 0 0 0 0 0 0 0 0 0 0 0 0 0 0 0 0 0
0 0 0 0 0 0 0 0 0 0 0 0 0 0 0 0 0 0 0 0 0 0 0 0
##$SHL_OFFSCOEFF13= (0..95)
0 0 0 0 0 0 0 0 0 0 0 0 0 0 0 0 0 0 0 0 0 0 0 0 0 0 0 0 0 0 0 0 0 0 0 0
0 0 0 0 0 0 0 0 0 0 0 0 0 0 0 0 0 0 0 0 0 0 0 0 0 0 0 0 0 0 0 0 0 0 0 0
0 0 0 0 0 0 0 0 0 0 0 0 0 0 0 0 0 0 0 0 0 0 0 0
##$SHL_OFFSCOEFF14= (0..95)
0 0 0 0 0 0 0 0 0 0 0 0 0 0 0 0 0 0 0 0 0 0 0 0 0 0 0 0 0 0 0 0 0 0 0 0
0 0 0 0 0 0 0 0 0 0 0 0 0 0 0 0 0 0 0 0 0 0 0 0 0 0 0 0 0 0 0 0 0 0 0 0
0 0 0 0 0 0 0 0 0 0 0 0 0 0 0 0 0 0 0 0 0 0 0 0
##$SHL_OFFSCOEFF15= (0..95)
0 0 0 0 0 0 0 0 0 0 0 0 0 0 0 0 0 0 0 0 0 0 0 0 0 0 0 0 0 0 0 0 0 0 0 0
0 0 0 0 0 0 0 0 0 0 0 0 0 0 0 0 0 0 0 0 0 0 0 0 0 0 0 0 0 0 0 0 0 0 0 0
0 0 0 0 0 0 0 0 0 0 0 0 0 0 0 0 0 0 0 0 0 0 0 0
##$SHL_OFFSCOEFF2= (0..95)
0 0 0 0 0 0 0 0 0 0 0 0 0 0 0 0 0 0 0 0 0 0 0 0 0 0 0 0 0 0 0 0 0 0 0 0
0 0 0 0 0 0 0 0 0 0 0 0 0 0 0 0 0 0 0 0 0 0 0 0 0 0 0 0 0 0 0 0 0 0 0 0
0 0 0 0 0 0 0 0 0 0 0 0 0 0 0 0 0 0 0 0 0 0 0 0
##$SHL_OFFSCOEFF3= (0..95)
0 0 0 0 0 0 0 0 0 0 0 0 0 0 0 0 0 0 0 0 0 0 0 0 0 0 0 0 0 0 0 0 0 0 0 0
0 0 0 0 0 0 0 0 0 0 0 0 0 0 0 0 0 0 0 0 0 0 0 0 0 0 0 0 0 0 0 0 0 0 0 0
0 0 0 0 0 0 0 0 0 0 0 0 0 0 0 0 0 0 0 0 0 0 0 0
##$SHL_OFFSCOEFF4= (0..95)
0 0 0 0 0 0 0 0 0 0 0 0 0 0 0 0 0 0 0 0 0 0 0 0 0 0 0 0 0 0 0 0 0 0 0 0
0 0 0 0 0 0 0 0 0 0 0 0 0 0 0 0 0 0 0 0 0 0 0 0 0 0 0 0 0 0 0 0 0 0 0 0
0 0 0 0 0 0 0 0 0 0 0 0 0 0 0 0 0 0 0 0 0 0 0 0
##$SHL_OFFSCOEFF5= (0..95)
0 0 0 0 0 0 0 0 0 0 0 0 0 0 0 0 0 0 0 0 0 0 0 0 0 0 0 0 0 0 0 0 0 0 0 0
0 0 0 0 0 0 0 0 0 0 0 0 0 0 0 0 0 0 0 0 0 0 0 0 0 0 0 0 0 0 0 0 0 0 0 0
0 0 0 0 0 0 0 0 0 0 0 0 0 0 0 0 0 0 0 0 0 0 0 0
##$SHL_OFFSCOEFF6= (0..95)
0 0 0 0 0 0 0 0 0 0 0 0 0 0 0 0 0 0 0 0 0 0 0 0 0 0 0 0 0 0 0 0 0 0 0 0
0 0 0 0 0 0 0 0 0 0 0 0 0 0 0 0 0 0 0 0 0 0 0 0 0 0 0 0 0 0 0 0 0 0 0 0
0 0 0 0 0 0 0 0 0 0 0 0 0 0 0 0 0 0 0 0 0 0 0 0
##$SHL_OFFSCOEFF7= (0..95)
0 0 0 0 0 0 0 0 0 0 0 0 0 0 0 0 0 0 0 0 0 0 0 0 0 0 0 0 0 0 0 0 0 0 0 0
0 0 0 0 0 0 0 0 0 0 0 0 0 0 0 0 0 0 0 0 0 0 0 0 0 0 0 0 0 0 0 0 0 0 0 0
0 0 0 0 0 0 0 0 0 0 0 0 0 0 0 0 0 0 0 0 0 0 0 0
##$SHL_OFFSCOEFF8= (0..95)
0 0 0 0 0 0 0 0 0 0 0 0 0 0 0 0 0 0 0 0 0 0 0 0 0 0 0 0 0 0 0 0 0 0 0 0
0 0 0 0 0 0 0 0 0 0 0 0 0 0 0 0 0 0 0 0 0 0 0 0 0 0 0 0 0 0 0 0 0 0 0 0
0 0 0 0 0 0 0 0 0 0 0 0 0 0 0 0 0 0 0 0 0 0 0 0
##$SHL_OFFSCOEFF9= (0..95)
0 0 0 0 0 0 0 0 0 0 0 0 0 0 0 0 0 0 0 0 0 0 0 0 0 0 0 0 0 0 0 0 0 0 0 0
0 0 0 0 0 0 0 0 0 0 0 0 0 0 0 0 0 0 0 0 0 0 0 0 0 0 0 0 0 0 0 0 0 0 0 0
0 0 0 0 0 0 0 0 0 0 0 0 0 0 0 0 0 0 0 0 0 0 0 0
##$SHL_PHASE= (0..15)
0 0 0 0 0 0 0 0 0 0 0 0 0 0 0 0
##$SHL_PHASEFAC= (0..15)
0 0 0 0 0 0 0 0 0 0 0 0 0 0 0 0
##$SHL_POWERINDEX= (0..15)
0 0 0 0 0 0 0 0 0 0 0 0 0 0 0 0
##$SHL_QUADCOEFF= (0..15)
0 0 0 0 0 0 0 0 0 0 0 0 0 0 0 0
##$SHL_RIGHTLIMIT= (0..15)
0 0 0 0 0 0 0 0 0 0 0 0 0 0 0 0
##$SHL_SCALEFACTOR= (0..15)
1 1 1 1 1 1 1 1 1 1 1 1 1 1 1 1
##$SHL_SF= (0..15)
<> <> <> <> <> <> <> <> <> <> <> <> <> <> <> <>
##$SHL_SFCOEFFS0= (0..200)
0 0 0 0 0 0 0 0 0 0 0 0 0 0 0 0 0 0 0 0 0 0 0 0 0 0 0 0 0 0 0 0 0 0 0 0
0 0 0 0 0 0 0 0 0 0 0 0 0 0 0 0 0 0 0 0 0 0 0 0 0 0 0 0 0 0 0 0 0 0 0 0
0 0 0 0 0 0 0 0 0 0 0 0 0 0 0 0 0 0 0 0 0 0 0 0 0 0 0 0 0 0 0 0 0 0 0 0
0 0 0 0 0 0 0 0 0 0 0 0 0 0 0 0 0 0 0 0 0 0 0 0 0 0 0 0 0 0 0 0 0 0 0 0
0 0 0 0 0 0 0 0 0 0 0 0 0 0 0 0 0 0 0 0 0 0 0 0 0 0 0 0 0 0 0 0 0 0 0 0
0 0 0 0 0 0 0 0 0 0 0 0 0 0 0 0 0 0 0 0 0
##$SHL_SFCOEFFS1= (0..200)
0 0 0 0 0 0 0 0 0 0 0 0 0 0 0 0 0 0 0 0 0 0 0 0 0 0 0 0 0 0 0 0 0 0 0 0
0 0 0 0 0 0 0 0 0 0 0 0 0 0 0 0 0 0 0 0 0 0 0 0 0 0 0 0 0 0 0 0 0 0 0 0
0 0 0 0 0 0 0 0 0 0 0 0 0 0 0 0 0 0 0 0 0 0 0 0 0 0 0 0 0 0 0 0 0 0 0 0
0 0 0 0 0 0 0 0 0 0 0 0 0 0 0 0 0 0 0 0 0 0 0 0 0 0 0 0 0 0 0 0 0 0 0 0
0 0 0 0 0 0 0 0 0 0 0 0 0 0 0 0 0 0 0 0 0 0 0 0 0 0 0 0 0 0 0 0 0 0 0 0
0 0 0 0 0 0 0 0 0 0 0 0 0 0 0 0 0 0 0 0 0
##$SHL_SFCOEFFS10= (0..200)
0 0 0 0 0 0 0 0 0 0 0 0 0 0 0 0 0 0 0 0 0 0 0 0 0 0 0 0 0 0 0 0 0 0 0 0
0 0 0 0 0 0 0 0 0 0 0 0 0 0 0 0 0 0 0 0 0 0 0 0 0 0 0 0 0 0 0 0 0 0 0 0
0 0 0 0 0 0 0 0 0 0 0 0 0 0 0 0 0 0 0 0 0 0 0 0 0 0 0 0 0 0 0 0 0 0 0 0
0 0 0 0 0 0 0 0 0 0 0 0 0 0 0 0 0 0 0 0 0 0 0 0 0 0 0 0 0 0 0 0 0 0 0 0
0 0 0 0 0 0 0 0 0 0 0 0 0 0 0 0 0 0 0 0 0 0 0 0 0 0 0 0 0 0 0 0 0 0 0 0
0 0 0 0 0 0 0 0 0 0 0 0 0 0 0 0 0 0 0 0 0
##$SHL_SFCOEFFS11= (0..200)
0 0 0 0 0 0 0 0 0 0 0 0 0 0 0 0 0 0 0 0 0 0 0 0 0 0 0 0 0 0 0 0 0 0 0 0
0 0 0 0 0 0 0 0 0 0 0 0 0 0 0 0 0 0 0 0 0 0 0 0 0 0 0 0 0 0 0 0 0 0 0 0
0 0 0 0 0 0 0 0 0 0 0 0 0 0 0 0 0 0 0 0 0 0 0 0 0 0 0 0 0 0 0 0 0 0 0 0
0 0 0 0 0 0 0 0 0 0 0 0 0 0 0 0 0 0 0 0 0 0 0 0 0 0 0 0 0 0 0 0 0 0 0 0
0 0 0 0 0 0 0 0 0 0 0 0 0 0 0 0 0 0 0 0 0 0 0 0 0 0 0 0 0 0 0 0 0 0 0 0
0 0 0 0 0 0 0 0 0 0 0 0 0 0 0 0 0 0 0 0 0
##$SHL_SFCOEFFS12= (0..200)
0 0 0 0 0 0 0 0 0 0 0 0 0 0 0 0 0 0 0 0 0 0 0 0 0 0 0 0 0 0 0 0 0 0 0 0
0 0 0 0 0 0 0 0 0 0 0 0 0 0 0 0 0 0 0 0 0 0 0 0 0 0 0 0 0 0 0 0 0 0 0 0
0 0 0 0 0 0 0 0 0 0 0 0 0 0 0 0 0 0 0 0 0 0 0 0 0 0 0 0 0 0 0 0 0 0 0 0
0 0 0 0 0 0 0 0 0 0 0 0 0 0 0 0 0 0 0 0 0 0 0 0 0 0 0 0 0 0 0 0 0 0 0 0
0 0 0 0 0 0 0 0 0 0 0 0 0 0 0 0 0 0 0 0 0 0 0 0 0 0 0 0 0 0 0 0 0 0 0 0
0 0 0 0 0 0 0 0 0 0 0 0 0 0 0 0 0 0 0 0 0
##$SHL_SFCOEFFS13= (0..200)
0 0 0 0 0 0 0 0 0 0 0 0 0 0 0 0 0 0 0 0 0 0 0 0 0 0 0 0 0 0 0 0 0 0 0 0
0 0 0 0 0 0 0 0 0 0 0 0 0 0 0 0 0 0 0 0 0 0 0 0 0 0 0 0 0 0 0 0 0 0 0 0
0 0 0 0 0 0 0 0 0 0 0 0 0 0 0 0 0 0 0 0 0 0 0 0 0 0 0 0 0 0 0 0 0 0 0 0
0 0 0 0 0 0 0 0 0 0 0 0 0 0 0 0 0 0 0 0 0 0 0 0 0 0 0 0 0 0 0 0 0 0 0 0
0 0 0 0 0 0 0 0 0 0 0 0 0 0 0 0 0 0 0 0 0 0 0 0 0 0 0 0 0 0 0 0 0 0 0 0
0 0 0 0 0 0 0 0 0 0 0 0 0 0 0 0 0 0 0 0 0
##$SHL_SFCOEFFS14= (0..200)
0 0 0 0 0 0 0 0 0 0 0 0 0 0 0 0 0 0 0 0 0 0 0 0 0 0 0 0 0 0 0 0 0 0 0 0
0 0 0 0 0 0 0 0 0 0 0 0 0 0 0 0 0 0 0 0 0 0 0 0 0 0 0 0 0 0 0 0 0 0 0 0
0 0 0 0 0 0 0 0 0 0 0 0 0 0 0 0 0 0 0 0 0 0 0 0 0 0 0 0 0 0 0 0 0 0 0 0
0 0 0 0 0 0 0 0 0 0 0 0 0 0 0 0 0 0 0 0 0 0 0 0 0 0 0 0 0 0 0 0 0 0 0 0
0 0 0 0 0 0 0 0 0 0 0 0 0 0 0 0 0 0 0 0 0 0 0 0 0 0 0 0 0 0 0 0 0 0 0 0
0 0 0 0 0 0 0 0 0 0 0 0 0 0 0 0 0 0 0 0 0
##$SHL_SFCOEFFS15= (0..200)
0 0 0 0 0 0 0 0 0 0 0 0 0 0 0 0 0 0 0 0 0 0 0 0 0 0 0 0 0 0 0 0 0 0 0 0
0 0 0 0 0 0 0 0 0 0 0 0 0 0 0 0 0 0 0 0 0 0 0 0 0 0 0 0 0 0 0 0 0 0 0 0
0 0 0 0 0 0 0 0 0 0 0 0 0 0 0 0 0 0 0 0 0 0 0 0 0 0 0 0 0 0 0 0 0 0 0 0
0 0 0 0 0 0 0 0 0 0 0 0 0 0 0 0 0 0 0 0 0 0 0 0 0 0 0 0 0 0 0 0 0 0 0 0
0 0 0 0 0 0 0 0 0 0 0 0 0 0 0 0 0 0 0 0 0 0 0 0 0 0 0 0 0 0 0 0 0 0 0 0
0 0 0 0 0 0 0 0 0 0 0 0 0 0 0 0 0 0 0 0 0
##$SHL_SFCOEFFS2= (0..200)
0 0 0 0 0 0 0 0 0 0 0 0 0 0 0 0 0 0 0 0 0 0 0 0 0 0 0 0 0 0 0 0 0 0 0 0
0 0 0 0 0 0 0 0 0 0 0 0 0 0 0 0 0 0 0 0 0 0 0 0 0 0 0 0 0 0 0 0 0 0 0 0
0 0 0 0 0 0 0 0 0 0 0 0 0 0 0 0 0 0 0 0 0 0 0 0 0 0 0 0 0 0 0 0 0 0 0 0
0 0 0 0 0 0 0 0 0 0 0 0 0 0 0 0 0 0 0 0 0 0 0 0 0 0 0 0 0 0 0 0 0 0 0 0
0 0 0 0 0 0 0 0 0 0 0 0 0 0 0 0 0 0 0 0 0 0 0 0 0 0 0 0 0 0 0 0 0 0 0 0
0 0 0 0 0 0 0 0 0 0 0 0 0 0 0 0 0 0 0 0 0
##$SHL_SFCOEFFS3= (0..200)
0 0 0 0 0 0 0 0 0 0 0 0 0 0 0 0 0 0 0 0 0 0 0 0 0 0 0 0 0 0 0 0 0 0 0 0
0 0 0 0 0 0 0 0 0 0 0 0 0 0 0 0 0 0 0 0 0 0 0 0 0 0 0 0 0 0 0 0 0 0 0 0
0 0 0 0 0 0 0 0 0 0 0 0 0 0 0 0 0 0 0 0 0 0 0 0 0 0 0 0 0 0 0 0 0 0 0 0
0 0 0 0 0 0 0 0 0 0 0 0 0 0 0 0 0 0 0 0 0 0 0 0 0 0 0 0 0 0 0 0 0 0 0 0
0 0 0 0 0 0 0 0 0 0 0 0 0 0 0 0 0 0 0 0 0 0 0 0 0 0 0 0 0 0 0 0 0 0 0 0
0 0 0 0 0 0 0 0 0 0 0 0 0 0 0 0 0 0 0 0 0
##$SHL_SFCOEFFS4= (0..200)
0 0 0 0 0 0 0 0 0 0 0 0 0 0 0 0 0 0 0 0 0 0 0 0 0 0 0 0 0 0 0 0 0 0 0 0
0 0 0 0 0 0 0 0 0 0 0 0 0 0 0 0 0 0 0 0 0 0 0 0 0 0 0 0 0 0 0 0 0 0 0 0
0 0 0 0 0 0 0 0 0 0 0 0 0 0 0 0 0 0 0 0 0 0 0 0 0 0 0 0 0 0 0 0 0 0 0 0
0 0 0 0 0 0 0 0 0 0 0 0 0 0 0 0 0 0 0 0 0 0 0 0 0 0 0 0 0 0 0 0 0 0 0 0
0 0 0 0 0 0 0 0 0 0 0 0 0 0 0 0 0 0 0 0 0 0 0 0 0 0 0 0 0 0 0 0 0 0 0 0
0 0 0 0 0 0 0 0 0 0 0 0 0 0 0 0 0 0 0 0 0
##$SHL_SFCOEFFS5= (0..200)
0 0 0 0 0 0 0 0 0 0 0 0 0 0 0 0 0 0 0 0 0 0 0 0 0 0 0 0 0 0 0 0 0 0 0 0
0 0 0 0 0 0 0 0 0 0 0 0 0 0 0 0 0 0 0 0 0 0 0 0 0 0 0 0 0 0 0 0 0 0 0 0
0 0 0 0 0 0 0 0 0 0 0 0 0 0 0 0 0 0 0 0 0 0 0 0 0 0 0 0 0 0 0 0 0 0 0 0
0 0 0 0 0 0 0 0 0 0 0 0 0 0 0 0 0 0 0 0 0 0 0 0 0 0 0 0 0 0 0 0 0 0 0 0
0 0 0 0 0 0 0 0 0 0 0 0 0 0 0 0 0 0 0 0 0 0 0 0 0 0 0 0 0 0 0 0 0 0 0 0
0 0 0 0 0 0 0 0 0 0 0 0 0 0 0 0 0 0 0 0 0
##$SHL_SFCOEFFS6= (0..200)
0 0 0 0 0 0 0 0 0 0 0 0 0 0 0 0 0 0 0 0 0 0 0 0 0 0 0 0 0 0 0 0 0 0 0 0
0 0 0 0 0 0 0 0 0 0 0 0 0 0 0 0 0 0 0 0 0 0 0 0 0 0 0 0 0 0 0 0 0 0 0 0
0 0 0 0 0 0 0 0 0 0 0 0 0 0 0 0 0 0 0 0 0 0 0 0 0 0 0 0 0 0 0 0 0 0 0 0
0 0 0 0 0 0 0 0 0 0 0 0 0 0 0 0 0 0 0 0 0 0 0 0 0 0 0 0 0 0 0 0 0 0 0 0
0 0 0 0 0 0 0 0 0 0 0 0 0 0 0 0 0 0 0 0 0 0 0 0 0 0 0 0 0 0 0 0 0 0 0 0
0 0 0 0 0 0 0 0 0 0 0 0 0 0 0 0 0 0 0 0 0
##$SHL_SFCOEFFS7= (0..200)
0 0 0 0 0 0 0 0 0 0 0 0 0 0 0 0 0 0 0 0 0 0 0 0 0 0 0 0 0 0 0 0 0 0 0 0
0 0 0 0 0 0 0 0 0 0 0 0 0 0 0 0 0 0 0 0 0 0 0 0 0 0 0 0 0 0 0 0 0 0 0 0
0 0 0 0 0 0 0 0 0 0 0 0 0 0 0 0 0 0 0 0 0 0 0 0 0 0 0 0 0 0 0 0 0 0 0 0
0 0 0 0 0 0 0 0 0 0 0 0 0 0 0 0 0 0 0 0 0 0 0 0 0 0 0 0 0 0 0 0 0 0 0 0
0 0 0 0 0 0 0 0 0 0 0 0 0 0 0 0 0 0 0 0 0 0 0 0 0 0 0 0 0 0 0 0 0 0 0 0
0 0 0 0 0 0 0 0 0 0 0 0 0 0 0 0 0 0 0 0 0
##$SHL_SFCOEFFS8= (0..200)
0 0 0 0 0 0 0 0 0 0 0 0 0 0 0 0 0 0 0 0 0 0 0 0 0 0 0 0 0 0 0 0 0 0 0 0
0 0 0 0 0 0 0 0 0 0 0 0 0 0 0 0 0 0 0 0 0 0 0 0 0 0 0 0 0 0 0 0 0 0 0 0
0 0 0 0 0 0 0 0 0 0 0 0 0 0 0 0 0 0 0 0 0 0 0 0 0 0 0 0 0 0 0 0 0 0 0 0
0 0 0 0 0 0 0 0 0 0 0 0 0 0 0 0 0 0 0 0 0 0 0 0 0 0 0 0 0 0 0 0 0 0 0 0
0 0 0 0 0 0 0 0 0 0 0 0 0 0 0 0 0 0 0 0 0 0 0 0 0 0 0 0 0 0 0 0 0 0 0 0
0 0 0 0 0 0 0 0 0 0 0 0 0 0 0 0 0 0 0 0 0
##$SHL_SFCOEFFS9= (0..200)
0 0 0 0 0 0 0 0 0 0 0 0 0 0 0 0 0 0 0 0 0 0 0 0 0 0 0 0 0 0 0 0 0 0 0 0
0 0 0 0 0 0 0 0 0 0 0 0 0 0 0 0 0 0 0 0 0 0 0 0 0 0 0 0 0 0 0 0 0 0 0 0
0 0 0 0 0 0 0 0 0 0 0 0 0 0 0 0 0 0 0 0 0 0 0 0 0 0 0 0 0 0 0 0 0 0 0 0
0 0 0 0 0 0 0 0 0 0 0 0 0 0 0 0 0 0 0 0 0 0 0 0 0 0 0 0 0 0 0 0 0 0 0 0
0 0 0 0 0 0 0 0 0 0 0 0 0 0 0 0 0 0 0 0 0 0 0 0 0 0 0 0 0 0 0 0 0 0 0 0
0 0 0 0 0 0 0 0 0 0 0 0 0 0 0 0 0 0 0 0 0
##$SHL_SMOOTHED= (0..15)
0 0 0 0 0 0 0 0 0 0 0 0 0 0 0 0
##$SHL_SMOOTHING= (0..15)
0 0 0 0 0 0 0 0 0 0 0 0 0 0 0 0
##$SHL_SPOAL= (0..15)
0 0 0 0 0 0 0 0 0 0 0 0 0 0 0 0
##$SHL_SPOFFS= (0..15)
0 0 0 0 0 0 0 0 0 0 0 0 0 0 0 0
##$SHL_SPOPH= (0..15)
0 0 0 0 0 0 0 0 0 0 0 0 0 0 0 0
##$SHL_STARTAMP= (0..15)
0 0 0 0 0 0 0 0 0 0 0 0 0 0 0 0
##$SHL_SW= (0..15)
0 0 0 0 0 0 0 0 0 0 0 0 0 0 0 0
##$SHL_SWDIR= (0..15)
-1 -1 -1 -1 -1 -1 -1 -1 -1 -1 -1 -1 -1 -1 -1 -1
##$SHL_TANKAPPA= (0..15)
0 0 0 0 0 0 0 0 0 0 0 0 0 0 0 0
##$SHL_TOTROT= (0..15)
90 0 0 0 0 0 0 0 0 0 0 0 0 0 0 0
##$SHL_TRUNCLEV= (0..15)
0 0 0 0 0 0 0 0 0 0 0 0 0 0 0 0
##$SHL_TYPE= (0..15)
<Excitation> <> <> <> <> <> <> <> <> <> <> <> <> <> <> <>
##$SHL_WINDOWSIZE= (0..15)
0 0 0 0 0 0 0 0 0 0 0 0 0 0 0 0
##$SHL_ZETA= (0..15)
0 0 0 0 0 0 0 0 0 0 0 0 0 0 0 0
##NPOINTS= 1000
##XYPOINTS= (XY..XY)
9.757601, 68.779249
44.881901, 59.582433
73.811875, 39.369673
92.140493, 18.304064
97.213169, 357.043512
88.297273, 335.809722
66.680900, 314.869740
35.503029, 295.321292
2.804722, 18.586391
37.203548, 63.808186
68.007093, 44.109999
89.055189, 23.143967
97.293232, 1.904193
91.531145, 340.647225
72.601160, 319.600602
43.245918, 299.479544
8.011461, 293.711101
29.252715, 67.621935
61.687022, 48.799913
85.293706, 27.971276
96.634333, 6.764060
94.069961, 345.494504
77.970919, 324.369972
50.666567, 303.888767
16.200398, 288.738260
21.101451, 70.532609
54.900260, 53.416560
80.884736, 32.781463
95.241489, 11.620977
95.894373, 350.348586
82.749106, 329.167233
57.706084, 308.445231
24.426584, 290.479930
12.853371, 70.777240
47.699322, 57.921726
75.861932, 37.568450
93.125315, 16.472622
96.990479, 355.206965
86.899224, 333.984995
64.309659, 313.095112
32.506264, 293.855102
4.902419, 54.882922
40.140612, 62.246112
70.263678, 42.323720
90.301934, 21.316328
97.349929, 0.067414
90.389606, 338.817891
70.426350, 317.807654
40.354571, 297.870415
5.101864, 303.825960
32.284938, 66.249428
64.132830, 47.034818
86.792870, 26.148864
96.969983, 4.927834
93.193636, 343.661858
76.009200, 322.563949
47.904154, 302.201226
13.081839, 289.148713
24.199914, 69.598182
57.516457, 51.682596
82.624881, 30.966137
95.853537, 9.786125
95.289939, 348.513684
81.015474, 327.351680
55.094346, 306.710219
21.329483, 289.526549
15.971317, 71.262149
50.465611, 56.235849
77.829771, 35.762736
94.009096, 14.640053
96.662542, 353.370712
85.406916, 332.162416
61.868853, 311.329319
29.476322, 292.475198
7.790345, 65.854593
43.035210, 60.639844
72.444168, 40.531200
91.450715, 19.487103
97.300986, 358.230630
89.150006, 336.990129
68.175268, 316.020889
37.420507, 296.304731
2.890393, 337.137240
35.284268, 64.788765
66.509267, 45.260798
88.197891, 24.324286
97.200408, 3.091304
92.216195, 341.830328
73.965104, 320.762377
45.090379, 300.538499
9.983277, 290.992296
27.277281, 68.447798
60.070575, 49.935356
84.275427, 29.147880
96.361575, 7.950652
94.582108, 346.679521
79.193999, 325.539389
52.423211, 304.990643
18.216829, 288.891873
19.090362, 70.971492
53.177662, 54.529128
79.713245, 33.953037
94.790875, 12.806506
96.229713, 351.534870
83.821976, 330.342246
59.361166, 309.573729
26.417223, 291.212458
10.847790, 69.739217
45.883984, 58.998287
74.546177, 38.733182
92.500278, 17.656476
97.146457, 356.393953
87.813696, 335.164140
65.850379, 314.241173
34.447194, 294.794356
3.352064, 36.570095
38.246938, 63.261456
68.813724, 43.479011
89.507239, 22.497779
97.325357, 1.254587
91.138705, 340.000077
71.840863, 318.965832
42.228429, 298.906078
6.953934, 296.137065
30.328634, 67.148313
62.559793, 48.176753
85.834575, 27.327007
96.765048, 6.114683
93.771650, 344.846233
77.286669, 323.730760
49.695650, 303.289387
15.096711, 288.774864
22.199349, 70.232572
55.832446, 52.804963
81.510297, 32.139793
95.469801, 10.972123
95.692464, 349.699559
82.146132, 328.524776
56.789362, 307.830000
23.333411, 290.114389
13.954981, 71.069929
48.683682, 57.328112
76.567408, 36.930308
93.449482, 15.824618
96.886511, 354.557497
86.382131, 333.340145
63.454233, 312.469529
31.438255, 293.355877
5.887476, 60.194658
41.169374, 61.682558
71.043674, 41.690432
90.719487, 20.669557
97.344693, 359.417793
89.962337, 338.171277
69.638802, 317.174980
39.321586, 297.311181
4.175099, 311.272919
33.349670, 65.741630
64.981370, 46.408356
87.300625, 25.503800
97.063520, 4.278337
92.859448, 343.013965
75.295566, 321.926251
46.914713, 301.610080
11.982137, 289.580025
25.290968, 69.211858
58.427015, 51.066060
83.218965, 30.323392
96.045134, 9.137037
95.051380, 347.864904
80.381212, 326.710335
54.156282, 306.100157
20.230053, 289.257999
17.075000, 71.226071
51.431140, 55.634422
78.505650, 35.123131
94.297293, 13.991686
96.521430, 352.721377
84.856870, 331.518387
60.989462, 310.707174
28.397524, 292.013207
8.861759, 67.682992
44.048144, 60.062924
73.196676, 39.895888
91.833315, 18.839816
97.258395, 357.581034
88.688374, 336.344118
67.361330, 315.390602
36.373238, 295.763500
2.650075, 359.581899
36.336454, 64.255333
67.332643, 44.631467
88.671979, 23.678514
97.256664, 2.441728
91.846496, 341.182868
73.222865, 320.126386
44.083531, 299.957367
8.899548, 292.263864
28.359659, 68.002697
60.958498, 49.314602
84.837387, 28.504175
96.516247, 7.301375
94.307159, 346.031035
78.529141, 324.899290
51.464848, 304.386697
17.113668, 288.776671
20.191497, 70.750623
54.123279, 53.921184
80.358789, 33.312131
95.042787, 12.157828
96.051611, 350.885708
83.239578, 329.699137
58.458779, 308.955573
25.329149, 290.802119
11.943660, 70.401194
46.879928, 58.410575
75.270375, 38.096084
92.847510, 17.008735
97.066558, 355.744423
87.318203, 334.518808
65.010944, 313.613615
33.386902, 294.276348
4.144481, 48.401611
39.285295, 62.708311
69.611034, 42.847175
89.947144, 21.851377
97.344270, 0.604970
90.733896, 339.353109
71.070832, 318.331773
41.205324, 298.337283
5.922941, 299.655629
31.400759, 66.661408
63.424102, 47.552371
86.363798, 26.682446
96.882629, 5.465259
93.460611, 344.198091
76.591940, 323.092062
48.718057, 302.692743
13.993614, 288.922558
23.295060, 69.897905
56.757100, 52.191527
82.124801, 31.497729
95.685154, 10.323182
95.477566, 349.050615
81.532017, 327.882698
55.864974, 307.216502
22.237782, 289.778599
15.058043, 71.221981
49.661507, 56.731567
77.262502, 36.291629
93.760966, 15.176480
96.769391, 353.908072
85.853317, 332.695574
62.590222, 311.845105
30.366267, 292.868532
6.917285, 63.760838
42.192673, 61.113934
71.814045, 41.056398
91.124729, 20.022597
97.326243, 358.768176
89.522860, 337.524867
68.841820, 316.543115
38.283409, 296.757821
3.376543, 322.919946
34.410115, 65.223951
65.821115, 45.780834
87.796535, 24.858477
97.143880, 3.628807
92.512658, 342.366218
74.571725, 321.289132
45.918987, 301.022248
10.886107, 290.233064
26.379148, 68.802280
59.329681, 50.447957
83.801761, 29.680295
96.223693, 8.487878
94.799920, 347.216222
79.736049, 326.069413
53.210919, 305.492139
19.128970, 289.035377
18.178188, 71.113297
52.389748, 55.030559
79.170884, 34.483048
94.572690, 13.343204
96.367216, 352.072098
84.295312, 330.874671
60.101826, 310.086372
27.315264, 291.567500
9.945151, 68.970303
45.055199, 59.481929
73.939264, 39.259919
92.203452, 18.192362
97.202603, 356.931457
88.214706, 335.698338
66.538271, 314.761238
35.321215, 295.229791
2.874757, 22.159634
37.383892, 63.714354
68.146903, 44.001211
89.134035, 23.032511
97.299717, 1.792133
91.464331, 340.535575
72.470703, 319.491051
43.070801, 299.380299
7.827623, 294.069812
29.438581, 67.541245
61.838180, 48.692504
85.387838, 27.860156
96.657819, 6.652042
94.019411, 345.382664
77.853634, 324.259668
50.499560, 303.785183
16.009993, 288.737643
21.290990, 70.483558
55.061600, 53.311191
80.993435, 32.670800
95.281798, 11.509052
95.860471, 350.236618
82.645888, 329.056378
57.548496, 308.338980
24.238191, 290.414926
13.043259, 70.839309
47.869591, 57.819542
75.984368, 37.458405
93.182139, 16.360847
96.973483, 355.094924
86.810861, 333.873735
64.162710, 312.987115
32.322317, 293.768187
5.067978, 55.963968
40.318464, 62.149275
70.398915, 42.214529
90.374841, 21.204770
97.349969, 359.955349
90.316773, 338.706332
70.291171, 317.698457
40.176751, 297.773545
4.935872, 304.891004
32.468910, 66.162579
64.279831, 46.926827
86.881304, 26.037605
96.987059, 4.815794
93.136888, 343.550082
75.886826, 322.453902
47.733923, 302.099023
12.891936, 289.209729
24.388323, 69.533336
57.674092, 51.576355
82.728167, 30.855285
95.887518, 9.674158
95.249708, 348.401758
80.906842, 327.241014
54.933050, 306.604838
21.139956, 289.477259
16.161722, 71.262084
50.632660, 56.132279
77.947121, 35.652435
94.059724, 14.528214
96.639135, 353.258694
85.312854, 332.051295
61.717746, 311.221902
29.290477, 292.394420
7.974078, 66.217805
43.210361, 60.540626
72.574684, 40.421652
91.517603, 19.375454
97.294581, 358.118569
89.071233, 336.878672
68.035514, 315.912096
37.240192, 296.210857
2.817990, 340.673206
35.466109, 64.697314
66.651951, 45.152302
88.280531, 24.212903
97.211055, 2.979250
92.153312, 341.718625
73.837775, 320.652619
44.917117, 300.437973
9.795677, 291.180994
27.464237, 68.372269
60.224331, 49.828371
84.373187, 29.036859
96.389191, 7.838652
94.535593, 346.567645
79.080071, 325.428934
52.258387, 304.886292
18.026584, 288.867173
19.280417, 70.937035
53.341302, 54.424405
79.825380, 33.842507
94.835251, 12.694612
96.199921, 351.422881
83.722318, 330.231281
59.206067, 309.466985
26.229738, 291.140147
11.036493, 69.872252
46.056233, 58.897150
74.671830, 38.623321
92.561075, 17.544747
97.133615, 356.281903
87.729069, 335.052798
65.706204, 314.132842
34.264600, 294.704335
3.475298, 39.006852
38.426425, 63.166478
68.951933, 43.370074
89.583994, 22.386286
97.329562, 1.142524
91.069754, 339.888457
71.708719, 318.856401
42.052334, 298.807613
6.773828, 296.652790
30.513859, 67.065226
62.709499, 48.069129
85.926703, 27.215836
96.786270, 6.002657
93.718901, 344.734415
77.167569, 323.620543
49.527481, 303.186261
14.906356, 288.791726
22.388530, 70.177168
55.992496, 52.699269
81.617094, 32.029061
95.507876, 10.860182
95.656319, 349.587606
82.040986, 328.413986
56.630442, 307.724041
23.144576, 290.054220
14.145189, 71.105285
48.852834, 57.225408
76.688060, 36.820170
93.504122, 15.712819
96.867245, 354.445464
86.291741, 333.228932
63.305795, 312.361727
31.253609, 293.270924
6.062570, 60.912109
41.346294, 61.584817
71.177258, 41.581109
90.790275, 20.557966
97.342453, 359.305729
89.887394, 338.059752
69.501987, 317.065920
39.142860, 297.215290
4.025895, 312.926092
33.532914, 65.653005
65.126862, 46.300179
87.387020, 25.392496
97.078323, 4.166291
92.800523, 342.902213
75.171425, 321.816301
46.743388, 301.508432
11.792757, 289.675147
25.478898, 69.142777
58.583298, 50.959542
83.320309, 30.212478
96.076867, 9.025058
95.008922, 347.752995
80.270693, 326.599741
53.993718, 305.995120
20.040217, 289.216104
17.265357, 71.211679
51.597004, 55.530422
78.621170, 35.012746
94.345715, 13.879827
96.495761, 352.609367
84.760817, 331.407318
60.836924, 310.599984
28.211069, 291.935104
9.047932, 67.938445
44.222291, 59.962981
73.325488, 39.786225
91.898057, 18.728138
97.249713, 357.468976
88.607520, 336.232700
67.219995, 315.281965
36.192092, 295.670875
2.655824, 3.693098
36.517487, 64.162530
67.473762, 44.522808
88.752548, 23.567091
97.265033, 2.329670
91.781458, 341.071194
73.093817, 320.016739
43.909245, 299.857521
8.713652, 292.531903
28.546032, 67.924207
61.110840, 49.207380
84.933167, 28.393099
96.541605, 7.189365
94.258433, 345.919178
78.413369, 324.788916
51.298819, 304.282754
16.923299, 288.764085
20.381293, 70.707639
54.285670, 53.816099
80.469050, 33.201527
95.084940, 12.045917
96.019568, 350.773731
83.137966, 329.588231
58.302309, 308.849092
25.141151, 290.733588
12.133127, 70.491074
47.051104, 58.308848
75.394274, 37.986121
92.906136, 16.896980
97.051442, 355.632377
87.231527, 334.407509
64.865243, 313.505462
33.203555, 294.187957
4.296653, 49.955560
39.463898, 62.612280
69.747625, 42.738096
90.021797, 21.739848
97.346196, 0.492907
90.662817, 339.241522
70.937019, 318.222467
41.028275, 298.239663
5.748870, 300.413261
31.585310, 66.576173
63.572337, 47.444542
86.453910, 26.571226
96.901583, 5.353225
93.405671, 344.086295
76.471042, 322.981936
48.548750, 302.590108
13.803439, 288.961215
23.483837, 69.837030
56.915837, 52.085527
82.229683, 31.386930
95.720991, 10.211226
95.439183, 348.938676
81.424957, 327.771975
55.704746, 307.110852
22.048549, 289.724012
15.248412, 71.236213
49.829517, 56.628377
77.381354, 36.181400
93.813413, 15.064659
96.747858, 353.796046
85.760913, 332.584411
62.440315, 311.737509
30.180953, 292.785759
7.098011, 64.250937
42.368636, 61.015359
71.945958, 40.946950
91.193386, 19.910973
97.321724, 358.656114
89.445816, 337.413379
68.703389, 316.434198
38.103802, 296.662994
3.258933, 325.506509
34.592604, 65.133718
65.965079, 45.672479
87.880879, 24.747128
97.156410, 3.516756
92.451563, 342.254493
74.445832, 321.179285
45.746592, 300.921196
10.697537, 290.373063
26.566559, 68.729487
59.484590, 50.341178
83.901149, 29.569321
96.253175, 8.375887
94.755239, 347.104330
79.623657, 325.958894
53.047109, 305.387467
18.938883, 289.002210
18.368410, 71.087102
52.554405, 54.926152
79.284557, 34.372583
94.618901, 13.231325
96.339289, 351.960099
84.197281, 330.763658
59.947878, 309.979420
27.128231, 291.492405
10.132936, 69.150013
45.228318, 59.381313
74.066355, 39.150145
92.266039, 18.080655
97.191643, 356.819402
88.131783, 335.586960
66.395374, 314.652765
35.139265, 295.138536
2.956101, 25.543754
37.564091, 63.620317
68.286438, 43.892398
89.212521, 22.921048
97.305808, 1.680072
91.397149, 340.423930
72.339953, 319.381519
42.895514, 299.281185
7.644315, 294.451286
29.624339, 67.460123
61.989088, 48.585056
85.481624, 27.749028
96.680914, 6.540022
93.968481, 345.270828
77.736034, 324.149378
50.332350, 303.681675
15.819588, 288.739783
21.480471, 70.433340
55.222720, 53.205765
81.101807, 32.560124
95.321722, 11.397124
95.826181, 350.124654
82.542336, 328.945535
57.390676, 308.232779
24.049718, 290.350709
13.233216, 70.896289
48.039669, 57.717265
76.106497, 37.348344
93.238587, 16.249068
96.956096, 354.982885
86.722148, 333.762482
64.015503, 312.879150
32.138247, 293.681597
5.235585, 56.968881
40.496157, 62.052277
70.533868, 42.105314
90.447383, 21.093206
97.349615, 359.843285
90.243576, 338.594778
70.155708, 317.589284
39.998774, 297.676838
4.772100, 306.037619
32.652758, 66.075410
64.426574, 46.818803
86.969387, 25.926338
97.003743, 4.703752
93.079763, 343.438310
75.764146, 322.343871
47.563502, 301.996912
12.702107, 289.276015
24.576653, 69.467719
57.831496, 51.470065
82.831118, 30.744422
95.921112, 9.562189
95.209093, 348.289835
80.797882, 327.130360
54.771534, 306.499516
20.950372, 289.429161
16.352126, 71.259337
50.799505, 56.028634
78.064156, 35.542119
94.109972, 14.416371
96.615338, 353.146677
85.218448, 331.940183
61.566391, 311.114523
29.104525, 292.314081
8.158310, 66.559439
43.385341, 60.441279
72.704908, 40.312084
91.584122, 19.263800
97.287784, 358.006509
88.992101, 336.767221
67.895486, 315.803330
37.059732, 296.117191
2.757592, 344.385264
35.647813, 64.605620
66.794366, 45.043777
88.362814, 24.101513
97.221308, 2.867194
92.090056, 341.606927
73.710149, 320.542880
44.743676, 300.337560
9.608325, 291.381552
27.651094, 68.296203
60.377844, 49.721344
84.470607, 28.925829
96.416418, 7.726650
94.488696, 346.455772
78.965823, 325.318493
52.093354, 304.782008
17.836312, 288.844404
19.470433, 70.901001
53.504729, 54.319618
79.937193, 33.731965
94.879244, 12.582715
96.169740, 351.310893
83.622322, 330.120326
59.050730, 309.360285
26.042162, 291.068455
11.225352, 69.996938
46.228299, 58.795908
74.797182, 38.513442
92.621499, 17.433014
97.120381, 356.169853
87.644087, 334.941463
65.561764, 314.024541
34.081874, 294.614583
3.604933, 41.264495
38.605762, 63.071311
69.089865, 43.261113
89.660388, 22.274786
97.333375, 1.030461
91.000435, 339.776843
71.576286, 318.746991
41.876071, 298.709290
6.594562, 297.202900
30.698970, 66.981752
62.858953, 47.961468
86.018484, 27.104657
96.807100, 5.890628
93.665774, 344.622601
77.048158, 323.510341
49.359115, 303.083218
14.716023, 288.812006
22.577645, 70.120761
56.152322, 52.593521
81.723563, 31.918316
95.545566, 10.748239
95.619788, 349.475655
81.935509, 328.303207
56.471295, 307.618134
22.955669, 289.994957
14.335435, 71.136645
49.021790, 57.122617
76.808402, 36.710015
93.558384, 15.601017
96.847588, 354.333432
86.201003, 333.117727
63.157102, 312.253960
31.068846, 293.186330
6.238847, 61.582663
41.523051, 61.486928
71.310555, 41.471764
90.860695, 20.446368
97.339820, 359.193665
89.812088, 337.948233
69.364893, 316.956885
38.963980, 297.119575
3.880802, 314.713415
33.716031, 65.564091
65.272093, 46.191970
87.473063, 25.281184
97.092735, 4.054244
92.741223, 342.790466
75.046980, 321.706369
46.571877, 301.406884
11.603494, 289.777132
25.666741, 69.073022
58.739345, 50.852979
83.421317, 30.101554
96.108213, 8.913076
94.966079, 347.641088
80.159849, 326.489159
53.830937, 305.890145
19.850334, 289.175611
17.455696, 71.195089
51.762661, 55.426349
78.736372, 34.902347
94.393757, 13.767964
96.469703, 352.497360
84.664422, 331.296260
60.684141, 310.492833
28.024512, 291.857494
9.234432, 68.178940
44.396263, 59.862918
73.454005, 39.676543
91.962428, 18.616454
97.240637, 357.356919
88.526309, 336.121289
67.078389, 315.173357
36.010805, 295.578478
2.675906, 7.763425
36.698379, 64.069506
67.614610, 44.414123
88.832758, 23.455660
97.273010, 2.217611
91.716050, 340.959524
72.964475, 319.907111
43.734783, 299.757796
8.528129, 292.816632
28.732302, 67.845241
61.262937, 49.100118
85.028604, 28.282015
96.566573, 7.077353
94.209327, 345.807325
78.297280, 324.678557
51.132586, 304.178884
16.732917, 288.753834
20.571039, 70.663323
54.447843, 53.710953
80.578986, 33.090910
95.126709, 11.934002
95.987137, 350.661755
83.036019, 329.477336
58.145605, 308.742659
24.953068, 290.665760
12.322695, 70.574647
47.222092, 58.207024
75.517870, 37.876141
92.964387, 16.785221
97.035934, 355.520333
87.144498, 334.296219
64.719280, 313.397342
33.020082, 294.099863
4.452203, 51.394113
39.642346, 62.516077
69.883934, 42.628993
90.096087, 21.628312
97.347729, 0.380843
90.591371, 339.129940
70.802921, 318.113185
40.851063, 298.142194
5.576194, 301.225174
31.769743, 66.490589
63.720316, 47.336678
86.543672, 26.459998
96.920145, 5.241189
93.350353, 343.974503
76.349835, 322.871827
48.379249, 302.487561
13.613311, 289.004170
23.672540, 69.775289
57.074346, 51.979475
82.334233, 31.276119
95.756441, 10.099269
95.400415, 348.826740
81.317568, 327.661263
55.544293, 307.005257
21.859252, 289.670474
15.438794, 71.247253
49.997329, 56.525106
77.499893, 36.071156
93.865482, 14.952834
96.725934, 353.684022
85.668162, 332.473256
62.290157, 311.629950
29.995526, 292.703387
7.279461, 64.710919
42.544431, 60.916646
72.077580, 40.837481
91.261676, 19.799344
97.316812, 358.544051
89.368412, 337.301897
68.564681, 316.325307
37.924047, 296.568360
3.149087, 328.288380
34.774959, 65.043223
66.108777, 45.564093
87.964869, 24.635773
97.168547, 3.404704
92.390095, 342.142772
74.319639, 321.069457
45.574015, 300.820251
10.509142, 290.522216
26.753878, 68.656100
59.639259, 50.234355
84.000199, 29.458338
96.282269, 8.263893
94.710176, 346.992442
79.510945, 325.848389
52.883086, 305.282861
18.748760, 288.970707
18.558602, 71.059082
52.718851, 54.821679
79.397911, 34.262104
94.664730, 13.119443
96.310974, 351.848102
84.098910, 330.652655
59.793689, 309.872511
26.941102, 291.417868
10.320937, 69.318985
45.401257, 59.280586
74.193147, 39.040354
92.328253, 17.968944
97.180291, 356.707349
88.048504, 335.475590
66.252209, 314.544321
34.957180, 295.047529
3.047848, 28.728918
37.744142, 63.526078
68.425697, 43.783558
89.290647, 22.809579
97.311507, 1.568010
91.329597, 340.312291
72.208913, 319.272009
42.720057, 299.182202
7.461579, 294.857125
29.809988, 67.378576
62.139748, 48.477572
85.575066, 27.637890
96.703620, 6.428001
93.917171, 345.158995
77.618120, 324.039104
50.164940, 303.578245
15.629187, 288.744783
21.669892, 70.381986
55.383618, 53.100282
81.209851, 32.449436
95.361261, 11.285193
95.791505, 350.012691
82.438451, 328.834702
57.232626, 308.126627
23.861167, 290.287298
13.423235, 70.948395
48.209555, 57.614897
76.228320, 37.238267
93.294659, 16.137284
96.938316, 354.870847
86.633085, 333.651238
63.868038, 312.771219
31.954055, 293.595336
5.405048, 57.903933
40.673690, 61.955120
70.668537, 41.996076
90.519560, 20.981635
97.348869, 359.731221
90.170014, 338.483230
70.019962, 317.480134
39.820638, 297.580297
4.610787, 307.273215
32.836483, 65.987928
64.573057, 46.710747
87.057118, 25.815064
97.020034, 4.591710
93.022263, 343.326542
75.641161, 322.233856
47.392891, 301.894896
12.512358, 289.347805
24.764902, 69.401348
57.988667, 51.363727
82.933736, 30.633548
95.954318, 9.450218
95.168093, 348.177915
80.688597, 327.019719
54.609798, 306.394252
20.760732, 289.382289
16.542525, 71.254002
50.966148, 55.924912
78.180876, 35.431788
94.159839, 14.304525
96.591150, 353.034661
85.123698, 331.829079
61.414788, 311.007183
28.918466, 292.234191
8.343004, 66.880871
43.560148, 60.341804
72.834838, 40.202497
91.650271, 19.152140
97.280593, 357.894449
88.912609, 336.655777
67.755184, 315.694590
36.879127, 296.023735
2.710002, 348.250070
35.829378, 64.513688
66.936512, 44.935225
88.444740, 23.990116
97.231169, 2.755138
92.026428, 341.495234
73.582225, 320.433159
44.570058, 300.237263
9.421236, 291.594660
27.837853, 68.219611
60.531114, 49.614276
84.567685, 28.814789
96.443255, 7.614646
94.441417, 346.343902
78.851257, 325.208066
51.928111, 304.677795
17.646015, 288.823628
19.660405, 70.863438
53.667941, 54.214768
80.048683, 33.621409
94.922853, 12.470815
96.139171, 351.198907
83.521988, 330.009381
58.895156, 309.253631
25.854496, 290.997393
11.414355, 70.113682
46.400181, 58.694563
74.922232, 38.403545
92.681548, 17.321276
97.106754, 356.057804
87.558752, 334.830136
65.417060, 313.916270
33.899017, 294.525106
3.740301, 43.353934
38.784947, 62.975959
69.227518, 43.152126
89.736419, 22.163279
97.336794, 0.918398
90.930749, 339.665235
71.443565, 318.637603
41.699644, 298.611109
6.416208, 297.790093
30.883966, 66.897898
63.008154, 47.853772
86.109917, 26.993469
96.827540, 5.778599
93.612268, 344.510790
76.928435, 323.400155
49.190551, 302.980258
14.525714, 288.835835
22.766692, 70.063378
56.311921, 52.487720
81.829701, 31.807560
95.582870, 10.636293
##END=
##XYPOINTS= (XY..XY)
100.000000, 0.000000
100.000000, 0.000000
100.000000, 0.000000
100.000000, 0.000000
100.000000, 0.000000
100.000000, 0.000000
100.000000, 0.000000
100.000000, 0.000000
100.000000, 0.000000
100.000000, 0.000000
100.000000, 0.000000
100.000000, 0.000000
100.000000, 0.000000
100.000000, 0.000000
100.000000, 0.000000
100.000000, 0.000000
100.000000, 0.000000
100.000000, 0.000000
100.000000, 0.000000
100.000000, 0.000000
100.000000, 0.000000
100.000000, 0.000000
100.000000, 0.000000
100.000000, 0.000000
100.000000, 0.000000
100.000000, 0.000000
100.000000, 0.000000
100.000000, 0.000000
100.000000, 0.000000
100.000000, 0.000000
100.000000, 0.000000
100.000000, 0.000000
100.000000, 0.000000
100.000000, 0.000000
100.000000, 0.000000
100.000000, 0.000000
100.000000, 0.000000
100.000000, 0.000000
100.000000, 0.000000
100.000000, 0.000000
100.000000, 0.000000
100.000000, 0.000000
100.000000, 0.000000
100.000000, 0.000000
100.000000, 0.000000
100.000000, 0.000000
100.000000, 0.000000
100.000000, 0.000000
100.000000, 0.000000
100.000000, 0.000000
100.000000, 0.000000
100.000000, 0.000000
100.000000, 0.000000
100.000000, 0.000000
100.000000, 0.000000
100.000000, 0.000000
100.000000, 0.000000
100.000000, 0.000000
100.000000, 0.000000
100.000000, 0.000000
100.000000, 0.000000
100.000000, 0.000000
100.000000, 0.000000
100.000000, 0.000000
100.000000, 0.000000
100.000000, 0.000000
100.000000, 0.000000
100.000000, 0.000000
100.000000, 0.000000
100.000000, 0.000000
100.000000, 0.000000
100.000000, 0.000000
100.000000, 0.000000
100.000000, 0.000000
100.000000, 0.000000
100.000000, 0.000000
100.000000, 0.000000
100.000000, 0.000000
100.000000, 0.000000
100.000000, 0.000000
100.000000, 0.000000
100.000000, 0.000000
100.000000, 0.000000
100.000000, 0.000000
100.000000, 0.000000
100.000000, 0.000000
100.000000, 0.000000
100.000000, 0.000000
100.000000, 0.000000
100.000000, 0.000000
100.000000, 0.000000
100.000000, 0.000000
100.000000, 0.000000
100.000000, 0.000000
100.000000, 0.000000
100.000000, 0.000000
100.000000, 0.000000
100.000000, 0.000000
100.000000, 0.000000
100.000000, 0.000000
100.000000, 0.000000
100.000000, 0.000000
100.000000, 0.000000
100.000000, 0.000000
100.000000, 0.000000
100.000000, 0.000000
100.000000, 0.000000
100.000000, 0.000000
100.000000, 0.000000
100.000000, 0.000000
100.000000, 0.000000
100.000000, 0.000000
100.000000, 0.000000
100.000000, 0.000000
100.000000, 0.000000
100.000000, 0.000000
100.000000, 0.000000
100.000000, 0.000000
100.000000, 0.000000
100.000000, 0.000000
100.000000, 0.000000
100.000000, 0.000000
100.000000, 0.000000
100.000000, 0.000000
100.000000, 0.000000
100.000000, 0.000000
100.000000, 0.000000
100.000000, 0.000000
100.000000, 0.000000
100.000000, 0.000000
100.000000, 0.000000
100.000000, 0.000000
100.000000, 0.000000
100.000000, 0.000000
100.000000, 0.000000
100.000000, 0.000000
100.000000, 0.000000
100.000000, 0.000000
100.000000, 0.000000
100.000000, 0.000000
100.000000, 0.000000
100.000000, 0.000000
100.000000, 0.000000
100.000000, 0.000000
100.000000, 0.000000
100.000000, 0.000000
100.000000, 0.000000
100.000000, 0.000000
100.000000, 0.000000
100.000000, 0.000000
100.000000, 0.000000
100.000000, 0.000000
100.000000, 0.000000
100.000000, 0.000000
100.000000, 0.000000
100.000000, 0.000000
100.000000, 0.000000
100.000000, 0.000000
100.000000, 0.000000
100.000000, 0.000000
100.000000, 0.000000
100.000000, 0.000000
100.000000, 0.000000
100.000000, 0.000000
100.000000, 0.000000
100.000000, 0.000000
100.000000, 0.000000
100.000000, 0.000000
100.000000, 0.000000
100.000000, 0.000000
100.000000, 0.000000
100.000000, 0.000000
100.000000, 0.000000
100.000000, 0.000000
100.000000, 0.000000
100.000000, 0.000000
100.000000, 0.000000
100.000000, 0.000000
100.000000, 0.000000
100.000000, 0.000000
100.000000, 0.000000
100.000000, 0.000000
100.000000, 0.000000
100.000000, 0.000000
100.000000, 0.000000
100.000000, 0.000000
100.000000, 0.000000
100.000000, 0.000000
100.000000, 0.000000
100.000000, 0.000000
100.000000, 0.000000
100.000000, 0.000000
100.000000, 0.000000
100.000000, 0.000000
100.000000, 0.000000
100.000000, 0.000000
100.000000, 0.000000
100.000000, 0.000000
100.000000, 0.000000
100.000000, 0.000000
100.000000, 0.000000
100.000000, 0.000000
100.000000, 0.000000
100.000000, 0.000000
100.000000, 0.000000
100.000000, 0.000000
100.000000, 0.000000
100.000000, 0.000000
100.000000, 0.000000
100.000000, 0.000000
100.000000, 0.000000
100.000000, 0.000000
100.000000, 0.000000
100.000000, 0.000000
100.000000, 0.000000
100.000000, 0.000000
100.000000, 0.000000
100.000000, 0.000000
100.000000, 0.000000
100.000000, 0.000000
100.000000, 0.000000
100.000000, 0.000000
100.000000, 0.000000
100.000000, 0.000000
100.000000, 0.000000
100.000000, 0.000000
100.000000, 0.000000
100.000000, 0.000000
100.000000, 0.000000
100.000000, 0.000000
100.000000, 0.000000
100.000000, 0.000000
100.000000, 0.000000
100.000000, 0.000000
100.000000, 0.000000
100.000000, 0.000000
100.000000, 0.000000
100.000000, 0.000000
100.000000, 0.000000
100.000000, 0.000000
100.000000, 0.000000
100.000000, 0.000000
100.000000, 0.000000
100.000000, 0.000000
100.000000, 0.000000
100.000000, 0.000000
100.000000, 0.000000
100.000000, 0.000000
100.000000, 0.000000
100.000000, 0.000000
100.000000, 0.000000
100.000000, 0.000000
100.000000, 0.000000
100.000000, 0.000000
100.000000, 0.000000
100.000000, 0.000000
100.000000, 0.000000
100.000000, 0.000000
100.000000, 0.000000
100.000000, 0.000000
100.000000, 0.000000
100.000000, 0.000000
100.000000, 0.000000
100.000000, 0.000000
100.000000, 0.000000
100.000000, 0.000000
100.000000, 0.000000
100.000000, 0.000000
100.000000, 0.000000
100.000000, 0.000000
100.000000, 0.000000
100.000000, 0.000000
100.000000, 0.000000
100.000000, 0.000000
100.000000, 0.000000
100.000000, 0.000000
100.000000, 0.000000
100.000000, 0.000000
100.000000, 0.000000
100.000000, 0.000000
100.000000, 0.000000
100.000000, 0.000000
100.000000, 0.000000
100.000000, 0.000000
100.000000, 0.000000
100.000000, 0.000000
100.000000, 0.000000
100.000000, 0.000000
100.000000, 0.000000
100.000000, 0.000000
100.000000, 0.000000
100.000000, 0.000000
100.000000, 0.000000
100.000000, 0.000000
100.000000, 0.000000
100.000000, 0.000000
100.000000, 0.000000
100.000000, 0.000000
100.000000, 0.000000
100.000000, 0.000000
100.000000, 0.000000
100.000000, 0.000000
100.000000, 0.000000
100.000000, 0.000000
100.000000, 0.000000
100.000000, 0.000000
100.000000, 0.000000
100.000000, 0.000000
100.000000, 0.000000
100.000000, 0.000000
100.000000, 0.000000
100.000000, 0.000000
100.000000, 0.000000
100.000000, 0.000000
100.000000, 0.000000
100.000000, 0.000000
100.000000, 0.000000
100.000000, 0.000000
100.000000, 0.000000
100.000000, 0.000000
100.000000, 0.000000
100.000000, 0.000000
100.000000, 0.000000
100.000000, 0.000000
100.000000, 0.000000
100.000000, 0.000000
100.000000, 0.000000
100.000000, 0.000000
100.000000, 0.000000
100.000000, 0.000000
100.000000, 0.000000
100.000000, 0.000000
100.000000, 0.000000
100.000000, 0.000000
100.000000, 0.000000
100.000000, 0.000000
100.000000, 0.000000
100.000000, 0.000000
100.000000, 0.000000
100.000000, 0.000000
100.000000, 0.000000
100.000000, 0.000000
100.000000, 0.000000
100.000000, 0.000000
100.000000, 0.000000
100.000000, 0.000000
100.000000, 0.000000
100.000000, 0.000000
100.000000, 0.000000
100.000000, 0.000000
100.000000, 0.000000
100.000000, 0.000000
100.000000, 0.000000
100.000000, 0.000000
100.000000, 0.000000
100.000000, 0.000000
100.000000, 0.000000
100.000000, 0.000000
100.000000, 0.000000
100.000000, 0.000000
100.000000, 0.000000
100.000000, 0.000000
100.000000, 0.000000
100.000000, 0.000000
100.000000, 0.000000
100.000000, 0.000000
100.000000, 0.000000
100.000000, 0.000000
100.000000, 0.000000
100.000000, 0.000000
100.000000, 0.000000
100.000000, 0.000000
100.000000, 0.000000
100.000000, 0.000000
100.000000, 0.000000
100.000000, 0.000000
100.000000, 0.000000
100.000000, 0.000000
100.000000, 0.000000
100.000000, 0.000000
100.000000, 0.000000
100.000000, 0.000000
100.000000, 0.000000
100.000000, 0.000000
100.000000, 0.000000
100.000000, 0.000000
100.000000, 0.000000
100.000000, 0.000000
100.000000, 0.000000
100.000000, 0.000000
100.000000, 0.000000
100.000000, 0.000000
100.000000, 0.000000
100.000000, 0.000000
100.000000, 0.000000
100.000000, 0.000000
100.000000, 0.000000
100.000000, 0.000000
100.000000, 0.000000
100.000000, 0.000000
100.000000, 0.000000
100.000000, 0.000000
100.000000, 0.000000
100.000000, 0.000000
100.000000, 0.000000
100.000000, 0.000000
100.000000, 0.000000
100.000000, 0.000000
100.000000, 0.000000
100.000000, 0.000000
100.000000, 0.000000
100.000000, 0.000000
100.000000, 0.000000
100.000000, 0.000000
100.000000, 0.000000
100.000000, 0.000000
100.000000, 0.000000
100.000000, 0.000000
100.000000, 0.000000
100.000000, 0.000000
100.000000, 0.000000
100.000000, 0.000000
100.000000, 0.000000
100.000000, 0.000000
100.000000, 0.000000
100.000000, 0.000000
100.000000, 0.000000
100.000000, 0.000000
100.000000, 0.000000
100.000000, 0.000000
100.000000, 0.000000
100.000000, 0.000000
100.000000, 0.000000
100.000000, 0.000000
100.000000, 0.000000
100.000000, 0.000000
100.000000, 0.000000
100.000000, 0.000000
100.000000, 0.000000
100.000000, 0.000000
100.000000, 0.000000
100.000000, 0.000000
100.000000, 0.000000
100.000000, 0.000000
100.000000, 0.000000
100.000000, 0.000000
100.000000, 0.000000
100.000000, 0.000000
100.000000, 0.000000
100.000000, 0.000000
100.000000, 0.000000
100.000000, 0.000000
100.000000, 0.000000
100.000000, 0.000000
100.000000, 0.000000
100.000000, 0.000000
100.000000, 0.000000
100.000000, 0.000000
100.000000, 0.000000
100.000000, 0.000000
100.000000, 0.000000
100.000000, 0.000000
100.000000, 0.000000
100.000000, 0.000000
100.000000, 0.000000
100.000000, 0.000000
100.000000, 0.000000
100.000000, 0.000000
100.000000, 0.000000
100.000000, 0.000000
100.000000, 0.000000
100.000000, 0.000000
100.000000, 0.000000
100.000000, 0.000000
100.000000, 0.000000
100.000000, 0.000000
100.000000, 0.000000
100.000000, 0.000000
100.000000, 0.000000
100.000000, 0.000000
100.000000, 0.000000
100.000000, 0.000000
100.000000, 0.000000
100.000000, 0.000000
100.000000, 0.000000
100.000000, 0.000000
100.000000, 0.000000
100.000000, 0.000000
100.000000, 0.000000
100.000000, 0.000000
100.000000, 0.000000
100.000000, 0.000000
100.000000, 0.000000
100.000000, 0.000000
100.000000, 0.000000
100.000000, 0.000000
100.000000, 0.000000
100.000000, 0.000000
100.000000, 0.000000
100.000000, 0.000000
100.000000, 0.000000
100.000000, 0.000000
100.000000, 0.000000
100.000000, 0.000000
100.000000, 0.000000
100.000000, 0.000000
100.000000, 0.000000
100.000000, 0.000000
100.000000, 0.000000
100.000000, 0.000000
100.000000, 0.000000
100.000000, 0.000000
100.000000, 0.000000
100.000000, 0.000000
100.000000, 0.000000
100.000000, 0.000000
100.000000, 0.000000
100.000000, 0.000000
100.000000, 0.000000
100.000000, 0.000000
100.000000, 0.000000
100.000000, 0.000000
100.000000, 0.000000
100.000000, 0.000000
100.000000, 0.000000
100.000000, 0.000000
100.000000, 0.000000
100.000000, 0.000000
100.000000, 0.000000
100.000000, 0.000000
100.000000, 0.000000
100.000000, 0.000000
100.000000, 0.000000
100.000000, 0.000000
100.000000, 0.000000
100.000000, 0.000000
100.000000, 0.000000
100.000000, 0.000000
100.000000, 0.000000
100.000000, 0.000000
100.000000, 0.000000
100.000000, 0.000000
100.000000, 0.000000
100.000000, 0.000000
100.000000, 0.000000
100.000000, 0.000000
100.000000, 0.000000
100.000000, 0.000000
100.000000, 0.000000
100.000000, 0.000000
100.000000, 0.000000
100.000000, 0.000000
100.000000, 0.000000
100.000000, 0.000000
100.000000, 0.000000
100.000000, 0.000000
100.000000, 0.000000
100.000000, 0.000000
100.000000, 0.000000
100.000000, 0.000000
100.000000, 0.000000
100.000000, 0.000000
100.000000, 0.000000
100.000000, 0.000000
100.000000, 0.000000
100.000000, 0.000000
100.000000, 0.000000
100.000000, 0.000000
100.000000, 0.000000
100.000000, 0.000000
100.000000, 0.000000
100.000000, 0.000000
100.000000, 0.000000
100.000000, 0.000000
100.000000, 0.000000
100.000000, 0.000000
100.000000, 0.000000
100.000000, 0.000000
100.000000, 0.000000
100.000000, 0.000000
100.000000, 0.000000
100.000000, 0.000000
100.000000, 0.000000
100.000000, 0.000000
100.000000, 0.000000
100.000000, 0.000000
100.000000, 0.000000
100.000000, 0.000000
100.000000, 0.000000
100.000000, 0.000000
100.000000, 0.000000
100.000000, 0.000000
100.000000, 0.000000
100.000000, 0.000000
100.000000, 0.000000
100.000000, 0.000000
100.000000, 0.000000
100.000000, 0.000000
100.000000, 0.000000
100.000000, 0.000000
100.000000, 0.000000
100.000000, 0.000000
100.000000, 0.000000
100.000000, 0.000000
100.000000, 0.000000
100.000000, 0.000000
100.000000, 0.000000
100.000000, 0.000000
100.000000, 0.000000
100.000000, 0.000000
100.000000, 0.000000
100.000000, 0.000000
100.000000, 0.000000
100.000000, 0.000000
100.000000, 0.000000
100.000000, 0.000000
100.000000, 0.000000
100.000000, 0.000000
100.000000, 0.000000
100.000000, 0.000000
100.000000, 0.000000
100.000000, 0.000000
100.000000, 0.000000
100.000000, 0.000000
100.000000, 0.000000
100.000000, 0.000000
100.000000, 0.000000
100.000000, 0.000000
100.000000, 0.000000
100.000000, 0.000000
100.000000, 0.000000
100.000000, 0.000000
100.000000, 0.000000
100.000000, 0.000000
100.000000, 0.000000
100.000000, 0.000000
100.000000, 0.000000
100.000000, 0.000000
100.000000, 0.000000
100.000000, 0.000000
100.000000, 0.000000
100.000000, 0.000000
100.000000, 0.000000
100.000000, 0.000000
100.000000, 0.000000
100.000000, 0.000000
100.000000, 0.000000
100.000000, 0.000000
100.000000, 0.000000
100.000000, 0.000000
100.000000, 0.000000
100.000000, 0.000000
100.000000, 0.000000
100.000000, 0.000000
100.000000, 0.000000
100.000000, 0.000000
100.000000, 0.000000
100.000000, 0.000000
100.000000, 0.000000
100.000000, 0.000000
100.000000, 0.000000
100.000000, 0.000000
100.000000, 0.000000
100.000000, 0.000000
100.000000, 0.000000
100.000000, 0.000000
100.000000, 0.000000
100.000000, 0.000000
100.000000, 0.000000
100.000000, 0.000000
100.000000, 0.000000
100.000000, 0.000000
100.000000, 0.000000
100.000000, 0.000000
100.000000, 0.000000
100.000000, 0.000000
100.000000, 0.000000
100.000000, 0.000000
100.000000, 0.000000
100.000000, 0.000000
100.000000, 0.000000
100.000000, 0.000000
100.000000, 0.000000
100.000000, 0.000000
100.000000, 0.000000
100.000000, 0.000000
100.000000, 0.000000
100.000000, 0.000000
100.000000, 0.000000
100.000000, 0.000000
100.000000, 0.000000
100.000000, 0.000000
100.000000, 0.000000
100.000000, 0.000000
100.000000, 0.000000
100.000000, 0.000000
100.000000, 0.000000
100.000000, 0.000000
100.000000, 0.000000
100.000000, 0.000000
100.000000, 0.000000
100.000000, 0.000000
100.000000, 0.000000
100.000000, 0.000000
100.000000, 0.000000
100.000000, 0.000000
100.000000, 0.000000
100.000000, 0.000000
100.000000, 0.000000
100.000000, 0.000000
100.000000, 0.000000
100.000000, 0.000000
100.000000, 0.000000
100.000000, 0.000000
100.000000, 0.000000
100.000000, 0.000000
100.000000, 0.000000
100.000000, 0.000000
100.000000, 0.000000
100.000000, 0.000000
100.000000, 0.000000
100.000000, 0.000000
100.000000, 0.000000
100.000000, 0.000000
100.000000, 0.000000
100.000000, 0.000000
100.000000, 0.000000
100.000000, 0.000000
100.000000, 0.000000
100.000000, 0.000000
100.000000, 0.000000
100.000000, 0.000000
100.000000, 0.000000
100.000000, 0.000000
100.000000, 0.000000
100.000000, 0.000000
100.000000, 0.000000
100.000000, 0.000000
100.000000, 0.000000
100.000000, 0.000000
100.000000, 0.000000
100.000000, 0.000000
100.000000, 0.000000
100.000000, 0.000000
100.000000, 0.000000
100.000000, 0.000000
100.000000, 0.000000
100.000000, 0.000000
100.000000, 0.000000
100.000000, 0.000000
100.000000, 0.000000
100.000000, 0.000000
100.000000, 0.000000
100.000000, 0.000000
100.000000, 0.000000
100.000000, 0.000000
100.000000, 0.000000
100.000000, 0.000000
100.000000, 0.000000
100.000000, 0.000000
100.000000, 0.000000
100.000000, 0.000000
100.000000, 0.000000
100.000000, 0.000000
100.000000, 0.000000
100.000000, 0.000000
100.000000, 0.000000
100.000000, 0.000000
100.000000, 0.000000
100.000000, 0.000000
100.000000, 0.000000
100.000000, 0.000000
100.000000, 0.000000
100.000000, 0.000000
100.000000, 0.000000
100.000000, 0.000000
100.000000, 0.000000
100.000000, 0.000000
100.000000, 0.000000
100.000000, 0.000000
100.000000, 0.000000
100.000000, 0.000000
100.000000, 0.000000
100.000000, 0.000000
100.000000, 0.000000
100.000000, 0.000000
100.000000, 0.000000
100.000000, 0.000000
100.000000, 0.000000
100.000000, 0.000000
100.000000, 0.000000
100.000000, 0.000000
100.000000, 0.000000
100.000000, 0.000000
100.000000, 0.000000
100.000000, 0.000000
100.000000, 0.000000
100.000000, 0.000000
100.000000, 0.000000
100.000000, 0.000000
100.000000, 0.000000
100.000000, 0.000000
100.000000, 0.000000
100.000000, 0.000000
100.000000, 0.000000
100.000000, 0.000000
100.000000, 0.000000
100.000000, 0.000000
100.000000, 0.000000
100.000000, 0.000000
100.000000, 0.000000
100.000000, 0.000000
100.000000, 0.000000
100.000000, 0.000000
100.000000, 0.000000
100.000000, 0.000000
100.000000, 0.000000
100.000000, 0.000000
100.000000, 0.000000
100.000000, 0.000000
100.000000, 0.000000
100.000000, 0.000000
100.000000, 0.000000
100.000000, 0.000000
100.000000, 0.000000
100.000000, 0.000000
100.000000, 0.000000
100.000000, 0.000000
100.000000, 0.000000
100.000000, 0.000000
100.000000, 0.000000
100.000000, 0.000000
100.000000, 0.000000
100.000000, 0.000000
100.000000, 0.000000
100.000000, 0.000000
100.000000, 0.000000
100.000000, 0.000000
100.000000, 0.000000
100.000000, 0.000000
100.000000, 0.000000
100.000000, 0.000000
100.000000, 0.000000
100.000000, 0.000000
100.000000, 0.000000
100.000000, 0.000000
100.000000, 0.000000
100.000000, 0.000000
100.000000, 0.000000
100.000000, 0.000000
100.000000, 0.000000
100.000000, 0.000000
100.000000, 0.000000
100.000000, 0.000000
100.000000, 0.000000
100.000000, 0.000000
100.000000, 0.000000
100.000000, 0.000000
100.000000, 0.000000
100.000000, 0.000000
100.000000, 0.000000
100.000000, 0.000000
100.000000, 0.000000
100.000000, 0.000000
100.000000, 0.000000
100.000000, 0.000000
100.000000, 0.000000
100.000000, 0.000000
100.000000, 0.000000
100.000000, 0.000000
100.000000, 0.000000
100.000000, 0.000000
100.000000, 0.000000
100.000000, 0.000000
100.000000, 0.000000
100.000000, 0.000000
100.000000, 0.000000
100.000000, 0.000000
100.000000, 0.000000
100.000000, 0.000000
100.000000, 0.000000
100.000000, 0.000000
100.000000, 0.000000
100.000000, 0.000000
100.000000, 0.000000
100.000000, 0.000000
100.000000, 0.000000
100.000000, 0.000000
100.000000, 0.000000
100.000000, 0.000000
100.000000, 0.000000
100.000000, 0.000000
100.000000, 0.000000
100.000000, 0.000000
100.000000, 0.000000
100.000000, 0.000000
100.000000, 0.000000
100.000000, 0.000000
100.000000, 0.000000
100.000000, 0.000000
100.000000, 0.000000
100.000000, 0.000000
100.000000, 0.000000
100.000000, 0.000000
100.000000, 0.000000
100.000000, 0.000000
100.000000, 0.000000
100.000000, 0.000000
100.000000, 0.000000
100.000000, 0.000000
100.000000, 0.000000
100.000000, 0.000000
100.000000, 0.000000
100.000000, 0.000000
100.000000, 0.000000
100.000000, 0.000000
100.000000, 0.000000
100.000000, 0.000000
100.000000, 0.000000
100.000000, 0.000000
100.000000, 0.000000
100.000000, 0.000000
100.000000, 0.000000
100.000000, 0.000000
100.000000, 0.000000
100.000000, 0.000000
100.000000, 0.000000
100.000000, 0.000000
100.000000, 0.000000
100.000000, 0.000000
100.000000, 0.000000
100.000000, 0.000000
100.000000, 0.000000
100.000000, 0.000000
100.000000, 0.000000
100.000000, 0.000000
100.000000, 0.000000
100.000000, 0.000000
100.000000, 0.000000
100.000000, 0.000000
100.000000, 0.000000
100.000000, 0.000000
100.000000, 0.000000
100.000000, 0.000000
100.000000, 0.000000
100.000000, 0.000000
100.000000, 0.000000
100.000000, 0.000000
100.000000, 0.000000
100.000000, 0.000000
100.000000, 0.000000
100.000000, 0.000000
100.000000, 0.000000
100.000000, 0.000000
100.000000, 0.000000
100.000000, 0.000000
100.000000, 0.000000
100.000000, 0.000000
100.000000, 0.000000
100.000000, 0.000000
100.000000, 0.000000
100.000000, 0.000000
100.000000, 0.000000
100.000000, 0.000000
100.000000, 0.000000
100.000000, 0.000000
100.000000, 0.000000
100.000000, 0.000000
100.000000, 0.000000
100.000000, 0.000000
100.000000, 0.000000
100.000000, 0.000000
100.000000, 0.000000
100.000000, 0.000000
100.000000, 0.000000
100.000000, 0.000000
100.000000, 0.000000
100.000000, 0.000000
100.000000, 0.000000
100.000000, 0.000000
100.000000, 0.000000
100.000000, 0.000000
100.000000, 0.000000
100.000000, 0.000000
100.000000, 0.000000
100.000000, 0.000000
100.000000, 0.000000
100.000000, 0.000000
100.000000, 0.000000
100.000000, 0.000000
100.000000, 0.000000
100.000000, 0.000000
100.000000, 0.000000
100.000000, 0.000000
100.000000, 0.000000
100.000000, 0.000000
100.000000, 0.000000
100.000000, 0.000000
100.000000, 0.000000
100.000000, 0.000000
##END=
