##TITLE= Parameter file, TopSpin 3.6.5
##JCAMPDX= 5.0
##DATATYPE= Parameter Values
##ORIGIN= Bruker BioSpin GmbH
##OWNER= nmrservice
$$ 2023-08-31 09:03:19.690 +0100  nmrservice@aberlour
$$ C:/Bruker/cam-ts3/wave/p_WET-HSQC_et68
$$ process C:\Bruker\TopSpin3.6.5\prog\mod\xwinshape.exe
##MINX= 5.55066500
##MAXX= 94.45000000
##MINY= 0.49930800
##MAXY= 359.79469500
##$SHAPE_ADDPHASE= 0
##$SHAPE_AMP= 94.44999958
##$SHAPE_BWFAC= 0
##$SHAPE_BWFAC50= 0
##$SHAPE_CALCBW= yes
##$SHAPE_CALCINTEG= yes
##$SHAPE_EXMODE= <Excitation>
##$SHAPE_EXPAND= <>
##$SHAPE_EXPANDCF= (0..143)
0 0 0 0 0 0 0 0 0 0 0 0 0 0 0 0 0 0 0 0 0 0 0 0 0 0 0 0 0 0 0 0 0 0 0 0
0 0 0 0 0 0 0 0 0 0 0 0 0 0 0 0 0 0 0 0 0 0 0 0 0 0 0 0 0 0 0 0 0 0 0 0
0 0 0 0 0 0 0 0 0 0 0 0 0 0 0 0 0 0 0 0 0 0 0 0 0 0 0 0 0 0 0 0 0 0 0 0
0 0 0 0 0 0 0 0 0 0 0 0 0 0 0 0 0 0 0 0 0 0 0 0 0 0 0 0 0 0 0 0 0 0 0 0
##$SHAPE_EXPFAC= 0
##$SHAPE_FRACEND= 0
##$SHAPE_FRACORG= 0
##$SHAPE_FRACSTART= 0
##$SHAPE_INTEGFAC= 0
##$SHAPE_KEEPRES= yes
##$SHAPE_LENGTH= 100000
##$SHAPE_MAN= <M>
##$SHAPE_MODE= 2
##$SHAPE_MODFREQ= 0
##$SHAPE_MODPHASE= 0
##$SHAPE_MODSCALE= 0
##$SHAPE_MODSW= 0
##$SHAPE_MODSWDIR= -1
##$SHAPE_NPOINTS= 1000
##$SHAPE_OFFS= <2 2>
##$SHAPE_OFFSCOEFF= (0..95)
-1754.3 0 100 -537.7 0 88.9 0 0 0 0 0 0 0 0 0 0 0 0 0 0 0 0 0 0 0 0 0 0
0 0 0 0 0 0 0 0 0 0 0 0 0 0 0 0 0 0 0 0 0 0 0 0 0 0 0 0 0 0 0 0 0 0 0 0
0 0 0 0 0 0 0 0 0 0 0 0 0 0 0 0 0 0 0 0 0 0 0 0 0 0 0 0 0 0 0 0
##$SHAPE_PARAMETER= <>
##$SHAPE_REPHFAC= 0
##$SHAPE_RES= 0
##$SHAPE_SCALEFAC= 1.05876125
##$SHAPE_SCALETYPE= 0
##$SHAPE_SPOAL= 0
##$SHAPE_SPOFFS= 0
##$SHAPE_SPOPH= 0
##$SHAPE_TOTROT= 90
##$SHAPE_TYPE= <Excitation>
##$SHAPE_USER_DEF= 0
##$SHAPE_VERSION= 2.1
##$SHL_ADDPHASE= (0..15)
0 0 0 0 0 0 0 0 0 0 0 0 0 0 0 0
##$SHL_ALIGNOFFSET= (0..15)
0 0 0 0 0 0 0 0 0 0 0 0 0 0 0 0
##$SHL_AMP= (0..15)
100 0 0 0 0 0 0 0 0 0 0 0 0 0 0 0
##$SHL_AMPFAC= (0..15)
0 0 0 0 0 0 0 0 0 0 0 0 0 0 0 0
##$SHL_BETA= (0..15)
0 0 0 0 0 0 0 0 0 0 0 0 0 0 0 0
##$SHL_BWFAC= (0..15)
1.116 0 0 0 0 0 0 0 0 0 0 0 0 0 0 0
##$SHL_CALCBW= (0..15)
yes yes yes yes yes yes yes yes yes yes yes yes yes yes yes yes
##$SHL_CALCINTEG= (0..15)
yes yes yes yes yes yes yes yes yes yes yes yes yes yes yes yes
##$SHL_CENTERAMP= (0..15)
0 0 0 0 0 0 0 0 0 0 0 0 0 0 0 0
##$SHL_CYCNUM= (0..15)
0 0 0 0 0 0 0 0 0 0 0 0 0 0 0 0
##$SHL_DIPOLCPL= (0..15)
0 0 0 0 0 0 0 0 0 0 0 0 0 0 0 0
##$SHL_ENDAMP= (0..15)
0 0 0 0 0 0 0 0 0 0 0 0 0 0 0 0
##$SHL_EXMODE= (0..15)
<Excitation> <> <> <> <> <> <> <> <> <> <> <> <> <> <> <>
##$SHL_EXPAND= (0..15)
<> <> <> <> <> <> <> <> <> <> <> <> <> <> <> <>
##$SHL_EXPANDCF0= (0..143)
0 0 0 0 0 0 0 0 0 0 0 0 0 0 0 0 0 0 0 0 0 0 0 0 0 0 0 0 0 0 0 0 0 0 0 0
0 0 0 0 0 0 0 0 0 0 0 0 0 0 0 0 0 0 0 0 0 0 0 0 0 0 0 0 0 0 0 0 0 0 0 0
0 0 0 0 0 0 0 0 0 0 0 0 0 0 0 0 0 0 0 0 0 0 0 0 0 0 0 0 0 0 0 0 0 0 0 0
0 0 0 0 0 0 0 0 0 0 0 0 0 0 0 0 0 0 0 0 0 0 0 0 0 0 0 0 0 0 0 0 0 0 0 0
##$SHL_EXPANDCF1= (0..143)
0 0 0 0 0 0 0 0 0 0 0 0 0 0 0 0 0 0 0 0 0 0 0 0 0 0 0 0 0 0 0 0 0 0 0 0
0 0 0 0 0 0 0 0 0 0 0 0 0 0 0 0 0 0 0 0 0 0 0 0 0 0 0 0 0 0 0 0 0 0 0 0
0 0 0 0 0 0 0 0 0 0 0 0 0 0 0 0 0 0 0 0 0 0 0 0 0 0 0 0 0 0 0 0 0 0 0 0
0 0 0 0 0 0 0 0 0 0 0 0 0 0 0 0 0 0 0 0 0 0 0 0 0 0 0 0 0 0 0 0 0 0 0 0
##$SHL_EXPANDCF10= (0..143)
0 0 0 0 0 0 0 0 0 0 0 0 0 0 0 0 0 0 0 0 0 0 0 0 0 0 0 0 0 0 0 0 0 0 0 0
0 0 0 0 0 0 0 0 0 0 0 0 0 0 0 0 0 0 0 0 0 0 0 0 0 0 0 0 0 0 0 0 0 0 0 0
0 0 0 0 0 0 0 0 0 0 0 0 0 0 0 0 0 0 0 0 0 0 0 0 0 0 0 0 0 0 0 0 0 0 0 0
0 0 0 0 0 0 0 0 0 0 0 0 0 0 0 0 0 0 0 0 0 0 0 0 0 0 0 0 0 0 0 0 0 0 0 0
##$SHL_EXPANDCF11= (0..143)
0 0 0 0 0 0 0 0 0 0 0 0 0 0 0 0 0 0 0 0 0 0 0 0 0 0 0 0 0 0 0 0 0 0 0 0
0 0 0 0 0 0 0 0 0 0 0 0 0 0 0 0 0 0 0 0 0 0 0 0 0 0 0 0 0 0 0 0 0 0 0 0
0 0 0 0 0 0 0 0 0 0 0 0 0 0 0 0 0 0 0 0 0 0 0 0 0 0 0 0 0 0 0 0 0 0 0 0
0 0 0 0 0 0 0 0 0 0 0 0 0 0 0 0 0 0 0 0 0 0 0 0 0 0 0 0 0 0 0 0 0 0 0 0
##$SHL_EXPANDCF12= (0..143)
0 0 0 0 0 0 0 0 0 0 0 0 0 0 0 0 0 0 0 0 0 0 0 0 0 0 0 0 0 0 0 0 0 0 0 0
0 0 0 0 0 0 0 0 0 0 0 0 0 0 0 0 0 0 0 0 0 0 0 0 0 0 0 0 0 0 0 0 0 0 0 0
0 0 0 0 0 0 0 0 0 0 0 0 0 0 0 0 0 0 0 0 0 0 0 0 0 0 0 0 0 0 0 0 0 0 0 0
0 0 0 0 0 0 0 0 0 0 0 0 0 0 0 0 0 0 0 0 0 0 0 0 0 0 0 0 0 0 0 0 0 0 0 0
##$SHL_EXPANDCF13= (0..143)
0 0 0 0 0 0 0 0 0 0 0 0 0 0 0 0 0 0 0 0 0 0 0 0 0 0 0 0 0 0 0 0 0 0 0 0
0 0 0 0 0 0 0 0 0 0 0 0 0 0 0 0 0 0 0 0 0 0 0 0 0 0 0 0 0 0 0 0 0 0 0 0
0 0 0 0 0 0 0 0 0 0 0 0 0 0 0 0 0 0 0 0 0 0 0 0 0 0 0 0 0 0 0 0 0 0 0 0
0 0 0 0 0 0 0 0 0 0 0 0 0 0 0 0 0 0 0 0 0 0 0 0 0 0 0 0 0 0 0 0 0 0 0 0
##$SHL_EXPANDCF14= (0..143)
0 0 0 0 0 0 0 0 0 0 0 0 0 0 0 0 0 0 0 0 0 0 0 0 0 0 0 0 0 0 0 0 0 0 0 0
0 0 0 0 0 0 0 0 0 0 0 0 0 0 0 0 0 0 0 0 0 0 0 0 0 0 0 0 0 0 0 0 0 0 0 0
0 0 0 0 0 0 0 0 0 0 0 0 0 0 0 0 0 0 0 0 0 0 0 0 0 0 0 0 0 0 0 0 0 0 0 0
0 0 0 0 0 0 0 0 0 0 0 0 0 0 0 0 0 0 0 0 0 0 0 0 0 0 0 0 0 0 0 0 0 0 0 0
##$SHL_EXPANDCF15= (0..143)
0 0 0 0 0 0 0 0 0 0 0 0 0 0 0 0 0 0 0 0 0 0 0 0 0 0 0 0 0 0 0 0 0 0 0 0
0 0 0 0 0 0 0 0 0 0 0 0 0 0 0 0 0 0 0 0 0 0 0 0 0 0 0 0 0 0 0 0 0 0 0 0
0 0 0 0 0 0 0 0 0 0 0 0 0 0 0 0 0 0 0 0 0 0 0 0 0 0 0 0 0 0 0 0 0 0 0 0
0 0 0 0 0 0 0 0 0 0 0 0 0 0 0 0 0 0 0 0 0 0 0 0 0 0 0 0 0 0 0 0 0 0 0 0
##$SHL_EXPANDCF2= (0..143)
0 0 0 0 0 0 0 0 0 0 0 0 0 0 0 0 0 0 0 0 0 0 0 0 0 0 0 0 0 0 0 0 0 0 0 0
0 0 0 0 0 0 0 0 0 0 0 0 0 0 0 0 0 0 0 0 0 0 0 0 0 0 0 0 0 0 0 0 0 0 0 0
0 0 0 0 0 0 0 0 0 0 0 0 0 0 0 0 0 0 0 0 0 0 0 0 0 0 0 0 0 0 0 0 0 0 0 0
0 0 0 0 0 0 0 0 0 0 0 0 0 0 0 0 0 0 0 0 0 0 0 0 0 0 0 0 0 0 0 0 0 0 0 0
##$SHL_EXPANDCF3= (0..143)
0 0 0 0 0 0 0 0 0 0 0 0 0 0 0 0 0 0 0 0 0 0 0 0 0 0 0 0 0 0 0 0 0 0 0 0
0 0 0 0 0 0 0 0 0 0 0 0 0 0 0 0 0 0 0 0 0 0 0 0 0 0 0 0 0 0 0 0 0 0 0 0
0 0 0 0 0 0 0 0 0 0 0 0 0 0 0 0 0 0 0 0 0 0 0 0 0 0 0 0 0 0 0 0 0 0 0 0
0 0 0 0 0 0 0 0 0 0 0 0 0 0 0 0 0 0 0 0 0 0 0 0 0 0 0 0 0 0 0 0 0 0 0 0
##$SHL_EXPANDCF4= (0..143)
0 0 0 0 0 0 0 0 0 0 0 0 0 0 0 0 0 0 0 0 0 0 0 0 0 0 0 0 0 0 0 0 0 0 0 0
0 0 0 0 0 0 0 0 0 0 0 0 0 0 0 0 0 0 0 0 0 0 0 0 0 0 0 0 0 0 0 0 0 0 0 0
0 0 0 0 0 0 0 0 0 0 0 0 0 0 0 0 0 0 0 0 0 0 0 0 0 0 0 0 0 0 0 0 0 0 0 0
0 0 0 0 0 0 0 0 0 0 0 0 0 0 0 0 0 0 0 0 0 0 0 0 0 0 0 0 0 0 0 0 0 0 0 0
##$SHL_EXPANDCF5= (0..143)
0 0 0 0 0 0 0 0 0 0 0 0 0 0 0 0 0 0 0 0 0 0 0 0 0 0 0 0 0 0 0 0 0 0 0 0
0 0 0 0 0 0 0 0 0 0 0 0 0 0 0 0 0 0 0 0 0 0 0 0 0 0 0 0 0 0 0 0 0 0 0 0
0 0 0 0 0 0 0 0 0 0 0 0 0 0 0 0 0 0 0 0 0 0 0 0 0 0 0 0 0 0 0 0 0 0 0 0
0 0 0 0 0 0 0 0 0 0 0 0 0 0 0 0 0 0 0 0 0 0 0 0 0 0 0 0 0 0 0 0 0 0 0 0
##$SHL_EXPANDCF6= (0..143)
0 0 0 0 0 0 0 0 0 0 0 0 0 0 0 0 0 0 0 0 0 0 0 0 0 0 0 0 0 0 0 0 0 0 0 0
0 0 0 0 0 0 0 0 0 0 0 0 0 0 0 0 0 0 0 0 0 0 0 0 0 0 0 0 0 0 0 0 0 0 0 0
0 0 0 0 0 0 0 0 0 0 0 0 0 0 0 0 0 0 0 0 0 0 0 0 0 0 0 0 0 0 0 0 0 0 0 0
0 0 0 0 0 0 0 0 0 0 0 0 0 0 0 0 0 0 0 0 0 0 0 0 0 0 0 0 0 0 0 0 0 0 0 0
##$SHL_EXPANDCF7= (0..143)
0 0 0 0 0 0 0 0 0 0 0 0 0 0 0 0 0 0 0 0 0 0 0 0 0 0 0 0 0 0 0 0 0 0 0 0
0 0 0 0 0 0 0 0 0 0 0 0 0 0 0 0 0 0 0 0 0 0 0 0 0 0 0 0 0 0 0 0 0 0 0 0
0 0 0 0 0 0 0 0 0 0 0 0 0 0 0 0 0 0 0 0 0 0 0 0 0 0 0 0 0 0 0 0 0 0 0 0
0 0 0 0 0 0 0 0 0 0 0 0 0 0 0 0 0 0 0 0 0 0 0 0 0 0 0 0 0 0 0 0 0 0 0 0
##$SHL_EXPANDCF8= (0..143)
0 0 0 0 0 0 0 0 0 0 0 0 0 0 0 0 0 0 0 0 0 0 0 0 0 0 0 0 0 0 0 0 0 0 0 0
0 0 0 0 0 0 0 0 0 0 0 0 0 0 0 0 0 0 0 0 0 0 0 0 0 0 0 0 0 0 0 0 0 0 0 0
0 0 0 0 0 0 0 0 0 0 0 0 0 0 0 0 0 0 0 0 0 0 0 0 0 0 0 0 0 0 0 0 0 0 0 0
0 0 0 0 0 0 0 0 0 0 0 0 0 0 0 0 0 0 0 0 0 0 0 0 0 0 0 0 0 0 0 0 0 0 0 0
##$SHL_EXPANDCF9= (0..143)
0 0 0 0 0 0 0 0 0 0 0 0 0 0 0 0 0 0 0 0 0 0 0 0 0 0 0 0 0 0 0 0 0 0 0 0
0 0 0 0 0 0 0 0 0 0 0 0 0 0 0 0 0 0 0 0 0 0 0 0 0 0 0 0 0 0 0 0 0 0 0 0
0 0 0 0 0 0 0 0 0 0 0 0 0 0 0 0 0 0 0 0 0 0 0 0 0 0 0 0 0 0 0 0 0 0 0 0
0 0 0 0 0 0 0 0 0 0 0 0 0 0 0 0 0 0 0 0 0 0 0 0 0 0 0 0 0 0 0 0 0 0 0 0
##$SHL_EXPFAC= (0..15)
0 0 0 0 0 0 0 0 0 0 0 0 0 0 0 0
##$SHL_FRACEND= (0..15)
0 0 0 0 0 0 0 0 0 0 0 0 0 0 0 0
##$SHL_FRACORG= (0..15)
0 0 0 0 0 0 0 0 0 0 0 0 0 0 0 0
##$SHL_FRACSTART= (0..15)
0 0 0 0 0 0 0 0 0 0 0 0 0 0 0 0
##$SHL_FULLHALF= (0..15)
0 0 0 0 0 0 0 0 0 0 0 0 0 0 0 0
##$SHL_FUNCAMP= (0..15)
0 0 0 0 0 0 0 0 0 0 0 0 0 0 0 0
##$SHL_FUNCTION= (0..15)
<User> <> <> <> <> <> <> <> <> <> <> <> <> <> <> <>
##$SHL_GCO= (0..15)
<> <> <> <> <> <> <> <> <> <> <> <> <> <> <> <>
##$SHL_GCOCOEFFS0= (0..59)
0 0 0 0 0 0 0 0 0 0 0 0 0 0 0 0 0 0 0 0 0 0 0 0 0 0 0 0 0 0 0 0 0 0 0 0
0 0 0 0 0 0 0 0 0 0 0 0 0 0 0 0 0 0 0 0 0 0 0 0
##$SHL_GCOCOEFFS1= (0..59)
0 0 0 0 0 0 0 0 0 0 0 0 0 0 0 0 0 0 0 0 0 0 0 0 0 0 0 0 0 0 0 0 0 0 0 0
0 0 0 0 0 0 0 0 0 0 0 0 0 0 0 0 0 0 0 0 0 0 0 0
##$SHL_GCOCOEFFS10= (0..59)
0 0 0 0 0 0 0 0 0 0 0 0 0 0 0 0 0 0 0 0 0 0 0 0 0 0 0 0 0 0 0 0 0 0 0 0
0 0 0 0 0 0 0 0 0 0 0 0 0 0 0 0 0 0 0 0 0 0 0 0
##$SHL_GCOCOEFFS11= (0..59)
0 0 0 0 0 0 0 0 0 0 0 0 0 0 0 0 0 0 0 0 0 0 0 0 0 0 0 0 0 0 0 0 0 0 0 0
0 0 0 0 0 0 0 0 0 0 0 0 0 0 0 0 0 0 0 0 0 0 0 0
##$SHL_GCOCOEFFS12= (0..59)
0 0 0 0 0 0 0 0 0 0 0 0 0 0 0 0 0 0 0 0 0 0 0 0 0 0 0 0 0 0 0 0 0 0 0 0
0 0 0 0 0 0 0 0 0 0 0 0 0 0 0 0 0 0 0 0 0 0 0 0
##$SHL_GCOCOEFFS13= (0..59)
0 0 0 0 0 0 0 0 0 0 0 0 0 0 0 0 0 0 0 0 0 0 0 0 0 0 0 0 0 0 0 0 0 0 0 0
0 0 0 0 0 0 0 0 0 0 0 0 0 0 0 0 0 0 0 0 0 0 0 0
##$SHL_GCOCOEFFS14= (0..59)
0 0 0 0 0 0 0 0 0 0 0 0 0 0 0 0 0 0 0 0 0 0 0 0 0 0 0 0 0 0 0 0 0 0 0 0
0 0 0 0 0 0 0 0 0 0 0 0 0 0 0 0 0 0 0 0 0 0 0 0
##$SHL_GCOCOEFFS15= (0..59)
0 0 0 0 0 0 0 0 0 0 0 0 0 0 0 0 0 0 0 0 0 0 0 0 0 0 0 0 0 0 0 0 0 0 0 0
0 0 0 0 0 0 0 0 0 0 0 0 0 0 0 0 0 0 0 0 0 0 0 0
##$SHL_GCOCOEFFS2= (0..59)
0 0 0 0 0 0 0 0 0 0 0 0 0 0 0 0 0 0 0 0 0 0 0 0 0 0 0 0 0 0 0 0 0 0 0 0
0 0 0 0 0 0 0 0 0 0 0 0 0 0 0 0 0 0 0 0 0 0 0 0
##$SHL_GCOCOEFFS3= (0..59)
0 0 0 0 0 0 0 0 0 0 0 0 0 0 0 0 0 0 0 0 0 0 0 0 0 0 0 0 0 0 0 0 0 0 0 0
0 0 0 0 0 0 0 0 0 0 0 0 0 0 0 0 0 0 0 0 0 0 0 0
##$SHL_GCOCOEFFS4= (0..59)
0 0 0 0 0 0 0 0 0 0 0 0 0 0 0 0 0 0 0 0 0 0 0 0 0 0 0 0 0 0 0 0 0 0 0 0
0 0 0 0 0 0 0 0 0 0 0 0 0 0 0 0 0 0 0 0 0 0 0 0
##$SHL_GCOCOEFFS5= (0..59)
0 0 0 0 0 0 0 0 0 0 0 0 0 0 0 0 0 0 0 0 0 0 0 0 0 0 0 0 0 0 0 0 0 0 0 0
0 0 0 0 0 0 0 0 0 0 0 0 0 0 0 0 0 0 0 0 0 0 0 0
##$SHL_GCOCOEFFS6= (0..59)
0 0 0 0 0 0 0 0 0 0 0 0 0 0 0 0 0 0 0 0 0 0 0 0 0 0 0 0 0 0 0 0 0 0 0 0
0 0 0 0 0 0 0 0 0 0 0 0 0 0 0 0 0 0 0 0 0 0 0 0
##$SHL_GCOCOEFFS7= (0..59)
0 0 0 0 0 0 0 0 0 0 0 0 0 0 0 0 0 0 0 0 0 0 0 0 0 0 0 0 0 0 0 0 0 0 0 0
0 0 0 0 0 0 0 0 0 0 0 0 0 0 0 0 0 0 0 0 0 0 0 0
##$SHL_GCOCOEFFS8= (0..59)
0 0 0 0 0 0 0 0 0 0 0 0 0 0 0 0 0 0 0 0 0 0 0 0 0 0 0 0 0 0 0 0 0 0 0 0
0 0 0 0 0 0 0 0 0 0 0 0 0 0 0 0 0 0 0 0 0 0 0 0
##$SHL_GCOCOEFFS9= (0..59)
0 0 0 0 0 0 0 0 0 0 0 0 0 0 0 0 0 0 0 0 0 0 0 0 0 0 0 0 0 0 0 0 0 0 0 0
0 0 0 0 0 0 0 0 0 0 0 0 0 0 0 0 0 0 0 0 0 0 0 0
##$SHL_INTEGFAC= (0..15)
1 0 0 0 0 0 0 0 0 0 0 0 0 0 0 0
##$SHL_LB= (0..15)
0 0 0 0 0 0 0 0 0 0 0 0 0 0 0 0
##$SHL_LEFTLIMIT= (0..15)
0 0 0 0 0 0 0 0 0 0 0 0 0 0 0 0
##$SHL_LENGTH= (0..15)
100000 0 0 0 0 0 0 0 0 0 0 0 0 0 0 0
##$SHL_MAN= (0..15)
<> <> <> <> <> <> <> <> <> <> <> <> <> <> <> <>
##$SHL_MEANAMP= (0..15)
0 0 0 0 0 0 0 0 0 0 0 0 0 0 0 0
##$SHL_MODAMP= (0..15)
0 0 0 0 0 0 0 0 0 0 0 0 0 0 0 0
##$SHL_MODE= (0..15)
0 0 0 0 0 0 0 0 0 0 0 0 0 0 0 0
##$SHL_MODFREQ= (0..15)
0 0 0 0 0 0 0 0 0 0 0 0 0 0 0 0
##$SHL_MODPHASE= (0..15)
0 0 0 0 0 0 0 0 0 0 0 0 0 0 0 0
##$SHL_MODSCALE= (0..15)
0 0 0 0 0 0 0 0 0 0 0 0 0 0 0 0
##$SHL_MODSW= (0..15)
0 0 0 0 0 0 0 0 0 0 0 0 0 0 0 0
##$SHL_MODSWDIR= (0..15)
-1 -1 -1 -1 -1 -1 -1 -1 -1 -1 -1 -1 -1 -1 -1 -1
##$SHL_MU= (0..15)
0 0 0 0 0 0 0 0 0 0 0 0 0 0 0 0
##$SHL_NPOINTS= (0..15)
1000 0 0 0 0 0 0 0 0 0 0 0 0 0 0 0
##$SHL_OFFS= (0..15)
<> <> <> <> <> <> <> <> <> <> <> <> <> <> <> <>
##$SHL_OFFSCOEFF0= (0..95)
0 0 0 0 0 0 0 0 0 0 0 0 0 0 0 0 0 0 0 0 0 0 0 0 0 0 0 0 0 0 0 0 0 0 0 0
0 0 0 0 0 0 0 0 0 0 0 0 0 0 0 0 0 0 0 0 0 0 0 0 0 0 0 0 0 0 0 0 0 0 0 0
0 0 0 0 0 0 0 0 0 0 0 0 0 0 0 0 0 0 0 0 0 0 0 0
##$SHL_OFFSCOEFF1= (0..95)
0 0 0 0 0 0 0 0 0 0 0 0 0 0 0 0 0 0 0 0 0 0 0 0 0 0 0 0 0 0 0 0 0 0 0 0
0 0 0 0 0 0 0 0 0 0 0 0 0 0 0 0 0 0 0 0 0 0 0 0 0 0 0 0 0 0 0 0 0 0 0 0
0 0 0 0 0 0 0 0 0 0 0 0 0 0 0 0 0 0 0 0 0 0 0 0
##$SHL_OFFSCOEFF10= (0..95)
0 0 0 0 0 0 0 0 0 0 0 0 0 0 0 0 0 0 0 0 0 0 0 0 0 0 0 0 0 0 0 0 0 0 0 0
0 0 0 0 0 0 0 0 0 0 0 0 0 0 0 0 0 0 0 0 0 0 0 0 0 0 0 0 0 0 0 0 0 0 0 0
0 0 0 0 0 0 0 0 0 0 0 0 0 0 0 0 0 0 0 0 0 0 0 0
##$SHL_OFFSCOEFF11= (0..95)
0 0 0 0 0 0 0 0 0 0 0 0 0 0 0 0 0 0 0 0 0 0 0 0 0 0 0 0 0 0 0 0 0 0 0 0
0 0 0 0 0 0 0 0 0 0 0 0 0 0 0 0 0 0 0 0 0 0 0 0 0 0 0 0 0 0 0 0 0 0 0 0
0 0 0 0 0 0 0 0 0 0 0 0 0 0 0 0 0 0 0 0 0 0 0 0
##$SHL_OFFSCOEFF12= (0..95)
0 0 0 0 0 0 0 0 0 0 0 0 0 0 0 0 0 0 0 0 0 0 0 0 0 0 0 0 0 0 0 0 0 0 0 0
0 0 0 0 0 0 0 0 0 0 0 0 0 0 0 0 0 0 0 0 0 0 0 0 0 0 0 0 0 0 0 0 0 0 0 0
0 0 0 0 0 0 0 0 0 0 0 0 0 0 0 0 0 0 0 0 0 0 0 0
##$SHL_OFFSCOEFF13= (0..95)
0 0 0 0 0 0 0 0 0 0 0 0 0 0 0 0 0 0 0 0 0 0 0 0 0 0 0 0 0 0 0 0 0 0 0 0
0 0 0 0 0 0 0 0 0 0 0 0 0 0 0 0 0 0 0 0 0 0 0 0 0 0 0 0 0 0 0 0 0 0 0 0
0 0 0 0 0 0 0 0 0 0 0 0 0 0 0 0 0 0 0 0 0 0 0 0
##$SHL_OFFSCOEFF14= (0..95)
0 0 0 0 0 0 0 0 0 0 0 0 0 0 0 0 0 0 0 0 0 0 0 0 0 0 0 0 0 0 0 0 0 0 0 0
0 0 0 0 0 0 0 0 0 0 0 0 0 0 0 0 0 0 0 0 0 0 0 0 0 0 0 0 0 0 0 0 0 0 0 0
0 0 0 0 0 0 0 0 0 0 0 0 0 0 0 0 0 0 0 0 0 0 0 0
##$SHL_OFFSCOEFF15= (0..95)
0 0 0 0 0 0 0 0 0 0 0 0 0 0 0 0 0 0 0 0 0 0 0 0 0 0 0 0 0 0 0 0 0 0 0 0
0 0 0 0 0 0 0 0 0 0 0 0 0 0 0 0 0 0 0 0 0 0 0 0 0 0 0 0 0 0 0 0 0 0 0 0
0 0 0 0 0 0 0 0 0 0 0 0 0 0 0 0 0 0 0 0 0 0 0 0
##$SHL_OFFSCOEFF2= (0..95)
0 0 0 0 0 0 0 0 0 0 0 0 0 0 0 0 0 0 0 0 0 0 0 0 0 0 0 0 0 0 0 0 0 0 0 0
0 0 0 0 0 0 0 0 0 0 0 0 0 0 0 0 0 0 0 0 0 0 0 0 0 0 0 0 0 0 0 0 0 0 0 0
0 0 0 0 0 0 0 0 0 0 0 0 0 0 0 0 0 0 0 0 0 0 0 0
##$SHL_OFFSCOEFF3= (0..95)
0 0 0 0 0 0 0 0 0 0 0 0 0 0 0 0 0 0 0 0 0 0 0 0 0 0 0 0 0 0 0 0 0 0 0 0
0 0 0 0 0 0 0 0 0 0 0 0 0 0 0 0 0 0 0 0 0 0 0 0 0 0 0 0 0 0 0 0 0 0 0 0
0 0 0 0 0 0 0 0 0 0 0 0 0 0 0 0 0 0 0 0 0 0 0 0
##$SHL_OFFSCOEFF4= (0..95)
0 0 0 0 0 0 0 0 0 0 0 0 0 0 0 0 0 0 0 0 0 0 0 0 0 0 0 0 0 0 0 0 0 0 0 0
0 0 0 0 0 0 0 0 0 0 0 0 0 0 0 0 0 0 0 0 0 0 0 0 0 0 0 0 0 0 0 0 0 0 0 0
0 0 0 0 0 0 0 0 0 0 0 0 0 0 0 0 0 0 0 0 0 0 0 0
##$SHL_OFFSCOEFF5= (0..95)
0 0 0 0 0 0 0 0 0 0 0 0 0 0 0 0 0 0 0 0 0 0 0 0 0 0 0 0 0 0 0 0 0 0 0 0
0 0 0 0 0 0 0 0 0 0 0 0 0 0 0 0 0 0 0 0 0 0 0 0 0 0 0 0 0 0 0 0 0 0 0 0
0 0 0 0 0 0 0 0 0 0 0 0 0 0 0 0 0 0 0 0 0 0 0 0
##$SHL_OFFSCOEFF6= (0..95)
0 0 0 0 0 0 0 0 0 0 0 0 0 0 0 0 0 0 0 0 0 0 0 0 0 0 0 0 0 0 0 0 0 0 0 0
0 0 0 0 0 0 0 0 0 0 0 0 0 0 0 0 0 0 0 0 0 0 0 0 0 0 0 0 0 0 0 0 0 0 0 0
0 0 0 0 0 0 0 0 0 0 0 0 0 0 0 0 0 0 0 0 0 0 0 0
##$SHL_OFFSCOEFF7= (0..95)
0 0 0 0 0 0 0 0 0 0 0 0 0 0 0 0 0 0 0 0 0 0 0 0 0 0 0 0 0 0 0 0 0 0 0 0
0 0 0 0 0 0 0 0 0 0 0 0 0 0 0 0 0 0 0 0 0 0 0 0 0 0 0 0 0 0 0 0 0 0 0 0
0 0 0 0 0 0 0 0 0 0 0 0 0 0 0 0 0 0 0 0 0 0 0 0
##$SHL_OFFSCOEFF8= (0..95)
0 0 0 0 0 0 0 0 0 0 0 0 0 0 0 0 0 0 0 0 0 0 0 0 0 0 0 0 0 0 0 0 0 0 0 0
0 0 0 0 0 0 0 0 0 0 0 0 0 0 0 0 0 0 0 0 0 0 0 0 0 0 0 0 0 0 0 0 0 0 0 0
0 0 0 0 0 0 0 0 0 0 0 0 0 0 0 0 0 0 0 0 0 0 0 0
##$SHL_OFFSCOEFF9= (0..95)
0 0 0 0 0 0 0 0 0 0 0 0 0 0 0 0 0 0 0 0 0 0 0 0 0 0 0 0 0 0 0 0 0 0 0 0
0 0 0 0 0 0 0 0 0 0 0 0 0 0 0 0 0 0 0 0 0 0 0 0 0 0 0 0 0 0 0 0 0 0 0 0
0 0 0 0 0 0 0 0 0 0 0 0 0 0 0 0 0 0 0 0 0 0 0 0
##$SHL_PHASE= (0..15)
0 0 0 0 0 0 0 0 0 0 0 0 0 0 0 0
##$SHL_PHASEFAC= (0..15)
0 0 0 0 0 0 0 0 0 0 0 0 0 0 0 0
##$SHL_POWERINDEX= (0..15)
0 0 0 0 0 0 0 0 0 0 0 0 0 0 0 0
##$SHL_QUADCOEFF= (0..15)
0 0 0 0 0 0 0 0 0 0 0 0 0 0 0 0
##$SHL_RIGHTLIMIT= (0..15)
0 0 0 0 0 0 0 0 0 0 0 0 0 0 0 0
##$SHL_SCALEFACTOR= (0..15)
1 1 1 1 1 1 1 1 1 1 1 1 1 1 1 1
##$SHL_SF= (0..15)
<> <> <> <> <> <> <> <> <> <> <> <> <> <> <> <>
##$SHL_SFCOEFFS0= (0..200)
0 0 0 0 0 0 0 0 0 0 0 0 0 0 0 0 0 0 0 0 0 0 0 0 0 0 0 0 0 0 0 0 0 0 0 0
0 0 0 0 0 0 0 0 0 0 0 0 0 0 0 0 0 0 0 0 0 0 0 0 0 0 0 0 0 0 0 0 0 0 0 0
0 0 0 0 0 0 0 0 0 0 0 0 0 0 0 0 0 0 0 0 0 0 0 0 0 0 0 0 0 0 0 0 0 0 0 0
0 0 0 0 0 0 0 0 0 0 0 0 0 0 0 0 0 0 0 0 0 0 0 0 0 0 0 0 0 0 0 0 0 0 0 0
0 0 0 0 0 0 0 0 0 0 0 0 0 0 0 0 0 0 0 0 0 0 0 0 0 0 0 0 0 0 0 0 0 0 0 0
0 0 0 0 0 0 0 0 0 0 0 0 0 0 0 0 0 0 0 0 0
##$SHL_SFCOEFFS1= (0..200)
0 0 0 0 0 0 0 0 0 0 0 0 0 0 0 0 0 0 0 0 0 0 0 0 0 0 0 0 0 0 0 0 0 0 0 0
0 0 0 0 0 0 0 0 0 0 0 0 0 0 0 0 0 0 0 0 0 0 0 0 0 0 0 0 0 0 0 0 0 0 0 0
0 0 0 0 0 0 0 0 0 0 0 0 0 0 0 0 0 0 0 0 0 0 0 0 0 0 0 0 0 0 0 0 0 0 0 0
0 0 0 0 0 0 0 0 0 0 0 0 0 0 0 0 0 0 0 0 0 0 0 0 0 0 0 0 0 0 0 0 0 0 0 0
0 0 0 0 0 0 0 0 0 0 0 0 0 0 0 0 0 0 0 0 0 0 0 0 0 0 0 0 0 0 0 0 0 0 0 0
0 0 0 0 0 0 0 0 0 0 0 0 0 0 0 0 0 0 0 0 0
##$SHL_SFCOEFFS10= (0..200)
0 0 0 0 0 0 0 0 0 0 0 0 0 0 0 0 0 0 0 0 0 0 0 0 0 0 0 0 0 0 0 0 0 0 0 0
0 0 0 0 0 0 0 0 0 0 0 0 0 0 0 0 0 0 0 0 0 0 0 0 0 0 0 0 0 0 0 0 0 0 0 0
0 0 0 0 0 0 0 0 0 0 0 0 0 0 0 0 0 0 0 0 0 0 0 0 0 0 0 0 0 0 0 0 0 0 0 0
0 0 0 0 0 0 0 0 0 0 0 0 0 0 0 0 0 0 0 0 0 0 0 0 0 0 0 0 0 0 0 0 0 0 0 0
0 0 0 0 0 0 0 0 0 0 0 0 0 0 0 0 0 0 0 0 0 0 0 0 0 0 0 0 0 0 0 0 0 0 0 0
0 0 0 0 0 0 0 0 0 0 0 0 0 0 0 0 0 0 0 0 0
##$SHL_SFCOEFFS11= (0..200)
0 0 0 0 0 0 0 0 0 0 0 0 0 0 0 0 0 0 0 0 0 0 0 0 0 0 0 0 0 0 0 0 0 0 0 0
0 0 0 0 0 0 0 0 0 0 0 0 0 0 0 0 0 0 0 0 0 0 0 0 0 0 0 0 0 0 0 0 0 0 0 0
0 0 0 0 0 0 0 0 0 0 0 0 0 0 0 0 0 0 0 0 0 0 0 0 0 0 0 0 0 0 0 0 0 0 0 0
0 0 0 0 0 0 0 0 0 0 0 0 0 0 0 0 0 0 0 0 0 0 0 0 0 0 0 0 0 0 0 0 0 0 0 0
0 0 0 0 0 0 0 0 0 0 0 0 0 0 0 0 0 0 0 0 0 0 0 0 0 0 0 0 0 0 0 0 0 0 0 0
0 0 0 0 0 0 0 0 0 0 0 0 0 0 0 0 0 0 0 0 0
##$SHL_SFCOEFFS12= (0..200)
0 0 0 0 0 0 0 0 0 0 0 0 0 0 0 0 0 0 0 0 0 0 0 0 0 0 0 0 0 0 0 0 0 0 0 0
0 0 0 0 0 0 0 0 0 0 0 0 0 0 0 0 0 0 0 0 0 0 0 0 0 0 0 0 0 0 0 0 0 0 0 0
0 0 0 0 0 0 0 0 0 0 0 0 0 0 0 0 0 0 0 0 0 0 0 0 0 0 0 0 0 0 0 0 0 0 0 0
0 0 0 0 0 0 0 0 0 0 0 0 0 0 0 0 0 0 0 0 0 0 0 0 0 0 0 0 0 0 0 0 0 0 0 0
0 0 0 0 0 0 0 0 0 0 0 0 0 0 0 0 0 0 0 0 0 0 0 0 0 0 0 0 0 0 0 0 0 0 0 0
0 0 0 0 0 0 0 0 0 0 0 0 0 0 0 0 0 0 0 0 0
##$SHL_SFCOEFFS13= (0..200)
0 0 0 0 0 0 0 0 0 0 0 0 0 0 0 0 0 0 0 0 0 0 0 0 0 0 0 0 0 0 0 0 0 0 0 0
0 0 0 0 0 0 0 0 0 0 0 0 0 0 0 0 0 0 0 0 0 0 0 0 0 0 0 0 0 0 0 0 0 0 0 0
0 0 0 0 0 0 0 0 0 0 0 0 0 0 0 0 0 0 0 0 0 0 0 0 0 0 0 0 0 0 0 0 0 0 0 0
0 0 0 0 0 0 0 0 0 0 0 0 0 0 0 0 0 0 0 0 0 0 0 0 0 0 0 0 0 0 0 0 0 0 0 0
0 0 0 0 0 0 0 0 0 0 0 0 0 0 0 0 0 0 0 0 0 0 0 0 0 0 0 0 0 0 0 0 0 0 0 0
0 0 0 0 0 0 0 0 0 0 0 0 0 0 0 0 0 0 0 0 0
##$SHL_SFCOEFFS14= (0..200)
0 0 0 0 0 0 0 0 0 0 0 0 0 0 0 0 0 0 0 0 0 0 0 0 0 0 0 0 0 0 0 0 0 0 0 0
0 0 0 0 0 0 0 0 0 0 0 0 0 0 0 0 0 0 0 0 0 0 0 0 0 0 0 0 0 0 0 0 0 0 0 0
0 0 0 0 0 0 0 0 0 0 0 0 0 0 0 0 0 0 0 0 0 0 0 0 0 0 0 0 0 0 0 0 0 0 0 0
0 0 0 0 0 0 0 0 0 0 0 0 0 0 0 0 0 0 0 0 0 0 0 0 0 0 0 0 0 0 0 0 0 0 0 0
0 0 0 0 0 0 0 0 0 0 0 0 0 0 0 0 0 0 0 0 0 0 0 0 0 0 0 0 0 0 0 0 0 0 0 0
0 0 0 0 0 0 0 0 0 0 0 0 0 0 0 0 0 0 0 0 0
##$SHL_SFCOEFFS15= (0..200)
0 0 0 0 0 0 0 0 0 0 0 0 0 0 0 0 0 0 0 0 0 0 0 0 0 0 0 0 0 0 0 0 0 0 0 0
0 0 0 0 0 0 0 0 0 0 0 0 0 0 0 0 0 0 0 0 0 0 0 0 0 0 0 0 0 0 0 0 0 0 0 0
0 0 0 0 0 0 0 0 0 0 0 0 0 0 0 0 0 0 0 0 0 0 0 0 0 0 0 0 0 0 0 0 0 0 0 0
0 0 0 0 0 0 0 0 0 0 0 0 0 0 0 0 0 0 0 0 0 0 0 0 0 0 0 0 0 0 0 0 0 0 0 0
0 0 0 0 0 0 0 0 0 0 0 0 0 0 0 0 0 0 0 0 0 0 0 0 0 0 0 0 0 0 0 0 0 0 0 0
0 0 0 0 0 0 0 0 0 0 0 0 0 0 0 0 0 0 0 0 0
##$SHL_SFCOEFFS2= (0..200)
0 0 0 0 0 0 0 0 0 0 0 0 0 0 0 0 0 0 0 0 0 0 0 0 0 0 0 0 0 0 0 0 0 0 0 0
0 0 0 0 0 0 0 0 0 0 0 0 0 0 0 0 0 0 0 0 0 0 0 0 0 0 0 0 0 0 0 0 0 0 0 0
0 0 0 0 0 0 0 0 0 0 0 0 0 0 0 0 0 0 0 0 0 0 0 0 0 0 0 0 0 0 0 0 0 0 0 0
0 0 0 0 0 0 0 0 0 0 0 0 0 0 0 0 0 0 0 0 0 0 0 0 0 0 0 0 0 0 0 0 0 0 0 0
0 0 0 0 0 0 0 0 0 0 0 0 0 0 0 0 0 0 0 0 0 0 0 0 0 0 0 0 0 0 0 0 0 0 0 0
0 0 0 0 0 0 0 0 0 0 0 0 0 0 0 0 0 0 0 0 0
##$SHL_SFCOEFFS3= (0..200)
0 0 0 0 0 0 0 0 0 0 0 0 0 0 0 0 0 0 0 0 0 0 0 0 0 0 0 0 0 0 0 0 0 0 0 0
0 0 0 0 0 0 0 0 0 0 0 0 0 0 0 0 0 0 0 0 0 0 0 0 0 0 0 0 0 0 0 0 0 0 0 0
0 0 0 0 0 0 0 0 0 0 0 0 0 0 0 0 0 0 0 0 0 0 0 0 0 0 0 0 0 0 0 0 0 0 0 0
0 0 0 0 0 0 0 0 0 0 0 0 0 0 0 0 0 0 0 0 0 0 0 0 0 0 0 0 0 0 0 0 0 0 0 0
0 0 0 0 0 0 0 0 0 0 0 0 0 0 0 0 0 0 0 0 0 0 0 0 0 0 0 0 0 0 0 0 0 0 0 0
0 0 0 0 0 0 0 0 0 0 0 0 0 0 0 0 0 0 0 0 0
##$SHL_SFCOEFFS4= (0..200)
0 0 0 0 0 0 0 0 0 0 0 0 0 0 0 0 0 0 0 0 0 0 0 0 0 0 0 0 0 0 0 0 0 0 0 0
0 0 0 0 0 0 0 0 0 0 0 0 0 0 0 0 0 0 0 0 0 0 0 0 0 0 0 0 0 0 0 0 0 0 0 0
0 0 0 0 0 0 0 0 0 0 0 0 0 0 0 0 0 0 0 0 0 0 0 0 0 0 0 0 0 0 0 0 0 0 0 0
0 0 0 0 0 0 0 0 0 0 0 0 0 0 0 0 0 0 0 0 0 0 0 0 0 0 0 0 0 0 0 0 0 0 0 0
0 0 0 0 0 0 0 0 0 0 0 0 0 0 0 0 0 0 0 0 0 0 0 0 0 0 0 0 0 0 0 0 0 0 0 0
0 0 0 0 0 0 0 0 0 0 0 0 0 0 0 0 0 0 0 0 0
##$SHL_SFCOEFFS5= (0..200)
0 0 0 0 0 0 0 0 0 0 0 0 0 0 0 0 0 0 0 0 0 0 0 0 0 0 0 0 0 0 0 0 0 0 0 0
0 0 0 0 0 0 0 0 0 0 0 0 0 0 0 0 0 0 0 0 0 0 0 0 0 0 0 0 0 0 0 0 0 0 0 0
0 0 0 0 0 0 0 0 0 0 0 0 0 0 0 0 0 0 0 0 0 0 0 0 0 0 0 0 0 0 0 0 0 0 0 0
0 0 0 0 0 0 0 0 0 0 0 0 0 0 0 0 0 0 0 0 0 0 0 0 0 0 0 0 0 0 0 0 0 0 0 0
0 0 0 0 0 0 0 0 0 0 0 0 0 0 0 0 0 0 0 0 0 0 0 0 0 0 0 0 0 0 0 0 0 0 0 0
0 0 0 0 0 0 0 0 0 0 0 0 0 0 0 0 0 0 0 0 0
##$SHL_SFCOEFFS6= (0..200)
0 0 0 0 0 0 0 0 0 0 0 0 0 0 0 0 0 0 0 0 0 0 0 0 0 0 0 0 0 0 0 0 0 0 0 0
0 0 0 0 0 0 0 0 0 0 0 0 0 0 0 0 0 0 0 0 0 0 0 0 0 0 0 0 0 0 0 0 0 0 0 0
0 0 0 0 0 0 0 0 0 0 0 0 0 0 0 0 0 0 0 0 0 0 0 0 0 0 0 0 0 0 0 0 0 0 0 0
0 0 0 0 0 0 0 0 0 0 0 0 0 0 0 0 0 0 0 0 0 0 0 0 0 0 0 0 0 0 0 0 0 0 0 0
0 0 0 0 0 0 0 0 0 0 0 0 0 0 0 0 0 0 0 0 0 0 0 0 0 0 0 0 0 0 0 0 0 0 0 0
0 0 0 0 0 0 0 0 0 0 0 0 0 0 0 0 0 0 0 0 0
##$SHL_SFCOEFFS7= (0..200)
0 0 0 0 0 0 0 0 0 0 0 0 0 0 0 0 0 0 0 0 0 0 0 0 0 0 0 0 0 0 0 0 0 0 0 0
0 0 0 0 0 0 0 0 0 0 0 0 0 0 0 0 0 0 0 0 0 0 0 0 0 0 0 0 0 0 0 0 0 0 0 0
0 0 0 0 0 0 0 0 0 0 0 0 0 0 0 0 0 0 0 0 0 0 0 0 0 0 0 0 0 0 0 0 0 0 0 0
0 0 0 0 0 0 0 0 0 0 0 0 0 0 0 0 0 0 0 0 0 0 0 0 0 0 0 0 0 0 0 0 0 0 0 0
0 0 0 0 0 0 0 0 0 0 0 0 0 0 0 0 0 0 0 0 0 0 0 0 0 0 0 0 0 0 0 0 0 0 0 0
0 0 0 0 0 0 0 0 0 0 0 0 0 0 0 0 0 0 0 0 0
##$SHL_SFCOEFFS8= (0..200)
0 0 0 0 0 0 0 0 0 0 0 0 0 0 0 0 0 0 0 0 0 0 0 0 0 0 0 0 0 0 0 0 0 0 0 0
0 0 0 0 0 0 0 0 0 0 0 0 0 0 0 0 0 0 0 0 0 0 0 0 0 0 0 0 0 0 0 0 0 0 0 0
0 0 0 0 0 0 0 0 0 0 0 0 0 0 0 0 0 0 0 0 0 0 0 0 0 0 0 0 0 0 0 0 0 0 0 0
0 0 0 0 0 0 0 0 0 0 0 0 0 0 0 0 0 0 0 0 0 0 0 0 0 0 0 0 0 0 0 0 0 0 0 0
0 0 0 0 0 0 0 0 0 0 0 0 0 0 0 0 0 0 0 0 0 0 0 0 0 0 0 0 0 0 0 0 0 0 0 0
0 0 0 0 0 0 0 0 0 0 0 0 0 0 0 0 0 0 0 0 0
##$SHL_SFCOEFFS9= (0..200)
0 0 0 0 0 0 0 0 0 0 0 0 0 0 0 0 0 0 0 0 0 0 0 0 0 0 0 0 0 0 0 0 0 0 0 0
0 0 0 0 0 0 0 0 0 0 0 0 0 0 0 0 0 0 0 0 0 0 0 0 0 0 0 0 0 0 0 0 0 0 0 0
0 0 0 0 0 0 0 0 0 0 0 0 0 0 0 0 0 0 0 0 0 0 0 0 0 0 0 0 0 0 0 0 0 0 0 0
0 0 0 0 0 0 0 0 0 0 0 0 0 0 0 0 0 0 0 0 0 0 0 0 0 0 0 0 0 0 0 0 0 0 0 0
0 0 0 0 0 0 0 0 0 0 0 0 0 0 0 0 0 0 0 0 0 0 0 0 0 0 0 0 0 0 0 0 0 0 0 0
0 0 0 0 0 0 0 0 0 0 0 0 0 0 0 0 0 0 0 0 0
##$SHL_SMOOTHED= (0..15)
0 0 0 0 0 0 0 0 0 0 0 0 0 0 0 0
##$SHL_SMOOTHING= (0..15)
0 0 0 0 0 0 0 0 0 0 0 0 0 0 0 0
##$SHL_SPOAL= (0..15)
0 0 0 0 0 0 0 0 0 0 0 0 0 0 0 0
##$SHL_SPOFFS= (0..15)
0 0 0 0 0 0 0 0 0 0 0 0 0 0 0 0
##$SHL_SPOPH= (0..15)
0 0 0 0 0 0 0 0 0 0 0 0 0 0 0 0
##$SHL_STARTAMP= (0..15)
0 0 0 0 0 0 0 0 0 0 0 0 0 0 0 0
##$SHL_SW= (0..15)
0 0 0 0 0 0 0 0 0 0 0 0 0 0 0 0
##$SHL_SWDIR= (0..15)
-1 -1 -1 -1 -1 -1 -1 -1 -1 -1 -1 -1 -1 -1 -1 -1
##$SHL_TANKAPPA= (0..15)
0 0 0 0 0 0 0 0 0 0 0 0 0 0 0 0
##$SHL_TOTROT= (0..15)
90 0 0 0 0 0 0 0 0 0 0 0 0 0 0 0
##$SHL_TRUNCLEV= (0..15)
0 0 0 0 0 0 0 0 0 0 0 0 0 0 0 0
##$SHL_TYPE= (0..15)
<Excitation> <> <> <> <> <> <> <> <> <> <> <> <> <> <> <>
##$SHL_WINDOWSIZE= (0..15)
0 0 0 0 0 0 0 0 0 0 0 0 0 0 0 0
##$SHL_ZETA= (0..15)
0 0 0 0 0 0 0 0 0 0 0 0 0 0 0 0
##NPOINTS= 1000
##XYPOINTS= (XY..XY)
29.430351, 174.968776
8.666487, 346.181596
41.625854, 60.254202
70.118687, 105.350968
88.629921, 148.409767
94.411285, 191.004595
86.616934, 233.630543
66.388099, 276.834953
36.746948, 322.687630
5.689670, 73.188117
34.450353, 208.545877
64.585899, 254.842899
85.587734, 298.125792
94.306322, 340.769761
89.464524, 23.353574
71.770533, 66.354430
43.845390, 111.172474
10.704442, 177.046152
27.081863, 355.893762
58.605527, 44.225584
81.945906, 87.814740
93.539533, 130.532292
91.684782, 173.094567
76.652805, 215.944684
50.658652, 260.086653
17.872728, 313.813023
19.628108, 141.198983
52.222174, 193.450745
77.730516, 237.467393
92.116374, 280.288036
93.261881, 322.848061
80.999580, 5.587095
57.130330, 49.264511
25.321138, 98.287821
12.333822, 280.786958
45.484884, 342.438523
72.971863, 27.071426
90.046981, 70.032444
94.184587, 112.609372
84.779586, 155.268385
63.210200, 198.615161
32.721782, 245.295094
6.369042, 36.813797
38.448359, 131.046417
67.704329, 176.609710
87.346102, 219.760272
94.446332, 262.374278
87.965730, 304.978716
68.852664, 348.084541
39.950224, 33.416370
7.329683, 116.559932
31.176398, 278.993120
61.966285, 326.057464
84.033013, 9.465186
94.045255, 52.138764
90.535239, 94.710514
74.016220, 137.638400
46.928719, 182.121062
13.828659, 240.910638
23.752609, 65.638513
55.800077, 115.377156
80.131408, 159.139210
92.984208, 201.898793
92.469782, 244.457714
78.663329, 287.253887
53.595889, 331.167805
21.194826, 22.334315
16.321732, 209.176964
49.252209, 264.508826
75.669267, 308.771897
91.270746, 351.650067
93.755573, 34.215245
82.760458, 76.915074
59.898397, 120.431363
28.643257, 168.230657
9.326255, 342.442801
42.374024, 53.350123
70.678728, 98.349039
88.917074, 141.387769
94.383456, 183.978666
86.278187, 226.610400
65.788195, 269.840306
35.978326, 315.834314
5.565251, 74.625877
35.223623, 201.710704
65.195966, 247.850538
85.939978, 291.106224
94.348964, 333.743878
89.191337, 16.331156
71.221548, 59.350853
43.103399, 104.258263
9.997639, 172.494859
27.871486, 349.192774
59.261121, 37.246741
82.360720, 80.798444
93.652342, 123.506881
91.479104, 166.070516
76.158729, 208.934587
49.949783, 253.136552
17.087468, 307.634485
20.419366, 134.811587
52.918354, 186.491710
78.204927, 230.455474
92.298547, 273.263553
93.125177, 315.822915
80.563978, 358.572159
56.460243, 42.291586
24.528730, 91.663267
13.084930, 275.391583
46.216201, 335.509997
73.502453, 20.065386
90.297220, 63.009400
94.117831, 105.583601
84.405585, 148.249832
62.583997, 191.626899
31.941757, 238.495475
6.820884, 35.938072
39.208658, 124.168172
68.287253, 169.611670
87.662623, 212.739268
94.450000, 255.348317
87.656007, 297.957468
68.274993, 341.085544
39.192624, 26.531512
6.810576, 114.879797
31.958256, 272.206071
62.597278, 319.070546
84.413556, 2.446962
94.119319, 45.113038
90.292007, 87.687294
73.491303, 130.631662
46.200786, 175.188655
13.068965, 235.337522
24.545477, 59.042137
56.474445, 108.406190
80.573247, 152.124714
93.128142, 194.873738
92.294774, 237.433112
78.194968, 280.241451
52.903688, 324.206312
20.402638, 15.898002
17.104029, 203.080886
49.964799, 257.561717
76.169229, 301.762389
91.483525, 344.626160
93.650035, 27.189765
82.352023, 69.898391
59.247318, 113.450872
27.854815, 161.510518
10.012368, 338.257698
43.119107, 46.440783
71.233204, 91.346263
89.197181, 134.365556
94.348141, 176.952758
85.932606, 219.590543
65.183130, 262.846794
35.207310, 308.989861
5.566594, 76.252867
35.994589, 194.866058
65.800922, 240.857001
86.285414, 284.086360
94.384122, 326.717969
88.911081, 9.308947
70.666954, 52.348095
42.358249, 97.349031
9.312023, 168.318387
28.659901, 342.472240
59.912102, 30.266214
82.769017, 73.781753
93.757722, 116.481399
91.266173, 159.046612
75.658640, 201.925092
49.237114, 246.189509
16.305242, 301.540309
21.211570, 128.374278
53.610469, 179.530165
78.673157, 223.443028
92.473401, 266.238949
92.981088, 308.797862
80.122005, 351.557672
55.785783, 35.320663
23.735854, 85.067528
13.844791, 269.814932
46.944061, 328.577508
74.027247, 13.058633
90.540301, 55.986177
94.043610, 98.557876
84.024902, 141.231616
61.952902, 184.640011
31.159860, 231.708707
7.341290, 34.241279
39.966199, 117.283176
68.864810, 162.612653
87.972198, 205.718016
94.446174, 248.322357
87.339340, 290.936470
67.691956, 334.087525
38.432267, 19.653414
6.360347, 114.021957
32.738240, 265.406191
63.223377, 312.082256
84.787415, 355.428402
94.185917, 38.087266
90.041617, 80.664254
72.960591, 123.625638
45.469397, 168.260214
12.318061, 229.946305
25.337872, 52.417003
57.144439, 101.433223
81.008714, 145.109768
93.264689, 187.848590
92.112447, 230.408632
77.720427, 273.229544
52.207422, 317.247332
19.611405, 9.511724
17.889346, 196.900684
50.673586, 250.611553
76.663178, 294.752279
91.689049, 337.602106
93.537069, 20.164355
81.937072, 62.882103
58.591627, 106.472065
27.065169, 154.809962
10.719572, 333.699185
43.861032, 39.526470
71.782071, 84.342669
89.470219, 127.343134
94.305341, 169.926875
85.580219, 212.570981
64.572955, 255.854458
34.433993, 302.154896
5.693610, 77.682644
36.763160, 188.012561
66.400717, 233.862332
86.624016, 277.066211
94.411792, 319.692041
88.623778, 2.286954
70.106796, 45.346183
41.610015, 90.445067
8.652878, 164.589899
29.446964, 335.733757
60.558416, 23.284071
83.170764, 66.764679
93.855666, 109.455851
91.046005, 152.022861
75.152578, 194.916220
48.520708, 239.245674
15.526774, 295.542822
22.004381, 121.892401
54.298458, 172.566219
79.135170, 216.430069
92.640920, 259.214228
92.829624, 301.772907
79.673696, 344.543649
55.107008, 28.351830
22.942726, 78.503608
14.611817, 264.083664
47.668395, 321.641256
74.546202, 6.051192
90.776204, 48.962780
93.961928, 91.532201
83.637567, 134.213746
61.316967, 177.654551
30.376207, 224.935816
7.916602, 31.800991
40.720902, 110.391829
69.436953, 155.612692
88.274803, 198.696522
94.434856, 241.296401
87.015752, 283.915729
67.103601, 327.090517
37.669237, 12.782511
5.994691, 114.011712
33.516242, 258.594405
63.844529, 305.092642
85.154560, 348.409517
94.245043, 31.061455
89.784089, 73.641401
72.424128, 116.620349
44.734621, 161.335954
11.577920, 224.769557
26.129596, 45.765747
57.810002, 94.458339
81.437774, 138.094386
93.393839, 180.823354
91.922815, 223.384279
77.239747, 266.218182
51.507155, 310.290983
18.821515, 3.181710
18.677067, 190.646715
51.378508, 243.658477
77.151073, 287.741584
91.887303, 330.577912
93.416684, 13.139022
81.515638, 55.866223
57.931381, 99.495011
26.274472, 148.130786
11.443752, 328.828125
44.599724, 32.607454
72.325282, 77.338284
89.736164, 120.320510
94.255060, 162.901022
85.221055, 205.551722
63.957722, 248.863342
33.658470, 295.330102
5.938200, 78.577838
37.529244, 181.150783
66.995302, 226.866569
86.955757, 270.045786
94.431973, 312.666097
88.329452, 355.265186
69.541121, 38.345147
40.858773, 83.546682
8.026962, 161.394873
30.232541, 328.978757
61.200008, 16.300374
83.565928, 59.747234
93.946165, 102.430241
90.818618, 144.999268
74.640586, 187.907990
47.800632, 232.305211
14.752929, 289.656727
22.797497, 115.370584
54.982262, 165.599977
79.590927, 209.416614
92.801093, 252.189397
92.670798, 294.748057
79.219087, 337.530105
54.423977, 21.385177
22.149585, 71.974930
15.384711, 258.219778
48.389136, 314.701428
75.059276, 359.043082
91.004910, 41.939218
93.872793, 84.506581
83.243611, 127.196234
60.676245, 170.670576
29.590917, 218.177935
8.535562, 28.713766
41.472687, 103.494501
70.003633, 148.611819
88.570412, 191.674795
94.416047, 234.270455
86.685272, 276.895254
66.509976, 320.094558
36.903617, 5.919274
5.729950, 114.781237
34.292158, 251.771553
64.460684, 298.101754
85.514963, 341.390315
94.296694, 24.035607
89.519444, 66.618740
71.881956, 109.615822
43.996529, 154.416104
10.851004, 219.846995
26.920467, 39.090697
58.471076, 87.481614
81.860392, 131.078582
93.515582, 173.798036
91.725893, 216.360060
76.752965, 259.207383
50.802948, 303.337388
18.033414, 356.915227
19.466664, 184.327756
52.079502, 236.702623
77.632873, 280.730324
92.078271, 323.553584
93.288890, 6.113771
81.087755, 48.850763
57.266636, 92.519783
25.482891, 141.475008
12.181672, 323.694713
45.335112, 25.683984
72.862794, 70.333133
89.994997, 113.297691
94.197302, 155.875203
84.855141, 198.532778
63.337480, 241.873492
32.880843, 288.516229
6.286586, 78.718863
38.292755, 174.281246
67.584625, 219.869750
87.280608, 263.025094
94.444662, 305.640143
88.028127, 348.243649
68.969975, 31.345017
40.104599, 76.654213
7.442887, 158.828725
31.016503, 322.208526
61.836823, 9.315182
83.954478, 52.729429
94.029212, 95.404576
90.584032, 137.975841
74.122705, 180.900425
47.076951, 225.368291
13.984739, 283.899654
23.590646, 108.812847
55.661821, 158.631536
80.040393, 202.402677
92.953906, 245.164461
92.504622, 287.723316
78.758217, 330.517054
53.736749, 14.420803
21.356697, 65.485413
16.162401, 252.241509
49.106218, 307.758199
75.566426, 352.034326
91.226401, 34.915495
93.776212, 77.481021
82.843067, 120.179091
60.030792, 163.688144
28.804116, 211.436325
9.189178, 25.076213
42.221477, 96.591534
70.564804, 141.610066
88.859002, 184.652843
94.389748, 227.244524
86.347924, 269.875054
65.911131, 313.099686
36.135496, 359.064220
5.580592, 116.135501
35.065886, 244.938397
65.071788, 291.109638
85.868593, 334.370808
94.340864, 17.009729
89.247703, 59.596281
71.334122, 102.612081
43.255191, 147.500911
10.140414, 215.227040
27.710318, 32.393916
59.127605, 80.503122
82.276533, 124.062368
93.629907, 166.772640
91.521699, 209.335980
76.260122, 252.197164
50.094863, 296.386681
17.247614, 350.720795
20.257682, 177.951286
52.776504, 229.744115
78.108541, 273.718515
92.261937, 316.529126
93.153696, 359.088606
80.653458, 41.835736
56.597449, 85.546460
24.690605, 134.844904
12.930765, 318.340137
46.067126, 18.756292
73.394563, 63.327241
90.246696, 106.274685
94.132071, 148.849424
84.482509, 191.514158
62.712283, 234.884955
32.101213, 281.714103
6.722548, 78.016491
39.053607, 167.404432
68.168640, 212.871914
87.598545, 256.004142
94.449859, 298.614183
87.719826, 341.222351
68.393406, 24.345825
39.347572, 69.768025
6.911475, 156.989090
31.798729, 315.424219
62.468809, 2.328551
84.336381, 45.711275
94.104799, 88.378859
90.342264, 130.952585
73.598977, 173.893545
46.349732, 218.435098
13.223456, 278.292849
24.383585, 102.222699
56.337075, 151.660989
80.483529, 195.388274
93.099347, 238.139426
92.331110, 280.698690
78.291122, 323.504512
53.045385, 7.458811
20.564357, 59.039567
16.943997, 246.164051
49.819577, 300.811731
76.067612, 345.024944
91.440659, 27.891618
93.672193, 70.455526
82.435967, 113.162330
59.380661, 156.707317
28.015938, 204.712390
9.870380, 20.975925
42.967197, 89.683244
71.120421, 134.607460
89.140550, 177.630673
94.355961, 220.218611
86.003736, 262.855138
65.307116, 306.105939
35.364961, 352.217908
5.555980, 117.755109
35.837330, 238.095633
65.677793, 284.116338
86.215422, 327.351004
94.377550, 9.983825
88.968889, 52.574028
70.780669, 95.609154
42.510680, 140.590639
9.450084, 210.968483
28.498992, 25.677237
59.779533, 73.522934
82.686163, 117.045756
93.736805, 159.747172
91.310247, 202.312045
75.761257, 245.187544
49.382965, 289.439001
16.464712, 344.608457
21.049722, 171.523710
53.469455, 222.783074
78.578037, 266.706175
92.438286, 309.504546
93.011114, 352.063534
80.212783, 34.821157
55.923877, 78.575121
23.897807, 128.243049
13.688979, 312.798170
46.795697, 11.824596
73.920544, 56.320633
90.491240, 99.251497
94.059374, 141.823689
84.103188, 184.495871
62.082183, 227.897782
31.319690, 274.924631
7.230137, 76.482181
39.811718, 160.520781
68.747297, 205.873093
87.909541, 248.982939
94.447564, 291.588222
87.404574, 334.201301
67.811461, 17.347603
38.587771, 62.888512
6.445956, 155.959003
32.579105, 308.626881
63.095912, 355.340537
84.711608, 38.692783
94.172923, 81.353096
90.093333, 123.929508
73.069445, 166.887372
45.619043, 211.505831
12.470611, 272.862045
25.176093, 95.603213
57.007968, 144.688424
80.920300, 188.373419
93.237404, 231.114296
92.150276, 273.674184
77.817841, 316.492495
52.349945, 0.499308
19.772899, 52.642595
17.728751, 240.000131
50.529146, 293.862179
76.562792, 338.014955
91.647666, 20.867594
93.560743, 63.430102
82.022343, 106.145960
58.725908, 149.728160
27.226525, 198.007696
10.573643, 16.488351
43.709772, 82.769925
71.670437, 127.604031
89.415033, 170.608293
94.314690, 213.192722
85.652737, 255.835515
64.697981, 299.113359
34.592106, 345.380951
5.657749, 119.255511
36.606397, 231.243895
66.278646, 277.121897
86.555422, 320.330912
94.406750, 2.957901
88.683024, 45.551991
70.221644, 88.607067
41.763070, 133.685574
8.785037, 207.141949
29.286342, 18.942298
60.426804, 66.541116
83.089251, 110.028760
93.836268, 152.721637
91.091556, 195.288262
75.256412, 238.178543
48.667317, 282.494499
15.685412, 338.590113
21.842435, 165.050538
54.158292, 215.819610
79.041322, 259.693319
92.607305, 302.479849
92.861155, 345.038559
79.765765, 27.807038
55.245978, 71.605854
23.104712, 121.672367
14.454656, 307.096554
47.520757, 4.889097
74.440695, 49.313330
90.728611, 92.228136
93.979215, 134.798003
83.717209, 177.477930
61.447232, 220.912026
30.536386, 268.148817
7.795230, 74.186152
40.567007, 153.630700
69.320549, 198.873322
88.213571, 241.961494
94.437777, 284.562265
87.082398, 327.180507
67.224188, 10.350386
37.825280, 56.016102
6.061692, 155.777506
33.357521, 301.817456
63.718079, 348.351189
85.080127, 31.673963
94.233575, 74.327292
89.837262, 116.906616
72.534152, 159.881932
44.884953, 204.580699
11.728090, 267.638524
25.967970, 88.957093
57.674440, 137.713925
81.350672, 181.358126
93.368065, 224.089078
91.962135, 266.649805
77.338411, 309.481021
51.650490, 353.542412
18.982701, 46.300537
18.516026, 233.760466
51.234863, 286.909687
77.051926, 331.004379
91.847406, 13.843428
93.441873, 56.404753
81.602230, 99.129996
58.066587, 142.750742
26.436030, 191.323997
11.294645, 11.676718
44.449130, 75.851848
72.214806, 120.599806
89.682429, 163.585709
94.265936, 206.166863
85.294954, 248.816193
64.083777, 292.121990
33.817026, 338.554022
5.879308, 120.282119
37.372997, 224.383764
66.874298, 270.126354
86.888566, 313.310543
94.428460, 355.931960
88.390130, 38.530176
69.657092, 81.605850
41.012436, 126.786023
8.151701, 203.830479
30.072233, 12.190563
61.069365, 59.557731
83.485762, 103.011390
93.928288, 145.696039
90.865642, 188.264636
74.745628, 231.170181
47.947985, 275.553333
14.910544, 332.679942
22.635511, 158.536533
54.842955, 208.853828
79.498360, 252.679964
92.768980, 295.455040
92.703832, 338.013687
79.312440, 20.793395
54.563812, 64.638748
22.311553, 115.136191
15.226444, 301.258159
48.242237, 357.949985
74.954973, 42.305355
90.958788, 85.204606
93.891602, 127.772371
83.324603, 170.460344
60.807483, 213.927743
29.751420, 261.387772
8.406076, 71.223015
41.319394, 146.734565
69.888349, 191.872633
88.510611, 234.939814
94.420497, 277.536316
86.753323, 320.159977
66.631635, 3.354209
37.060182, 49.151260
5.775059, 156.399189
34.133871, 294.996799
64.335258, 341.360558
85.441909, 24.654825
94.286753, 67.301452
89.574068, 109.883916
71.993143, 152.877247
44.147532, 197.659929
10.998244, 262.660424
26.759029, 82.286727
58.336435, 130.737570
81.774608, 174.342407
93.491321, 217.063776
91.766701, 259.625558
76.852872, 302.470105
50.947082, 346.588244
18.194195, 40.020431
19.305279, 227.454134
51.936664, 279.954390
77.534974, 323.993232
92.039863, 6.819126
93.315590, 49.379484
81.175662, 92.114449
57.402757, 135.775135
25.644616, 184.663265
12.029987, 6.593268
45.185199, 68.929268
72.753486, 113.594809
89.942716, 156.562930
94.209705, 199.141036
84.930417, 241.797184
63.464554, 285.131877
33.039820, 331.737854
6.207781, 120.588414
38.137040, 217.515772
67.464700, 263.129748
87.214826, 306.289904
94.442679, 348.906007
88.090232, 31.508591
69.087060, 74.605532
40.258855, 119.892318
7.558278, 201.127862
30.856535, 5.423344
61.707160, 52.572840
83.875665, 95.993657
94.012857, 138.670385
90.632524, 181.241175
74.228946, 224.162478
47.225034, 268.615675
14.141106, 326.894922
23.428674, 151.985831
55.523386, 201.885828
79.949114, 245.666125
92.923297, 288.430125
92.539156, 330.988923
78.852846, 13.780242
53.877437, 57.673901
21.518590, 108.638331
16.003233, 295.301925
48.960073, 351.007436
75.463336, 35.296729
91.181754, 78.180916
93.796541, 120.746799
82.925402, 163.443125
60.162992, 206.944991
28.964917, 254.642731
9.053246, 67.690368
42.068802, 139.832723
70.450649, 184.871057
88.800636, 227.917907
94.395728, 270.510381
86.417375, 313.139720
66.033852, 356.359112
36.292564, 42.294490
5.601163, 157.656428
34.908053, 288.165689
64.947398, 334.368689
85.796924, 17.635379
94.332451, 60.275580
89.303775, 102.861414
71.446462, 145.873343
43.406851, 190.743764
10.284031, 257.974254
27.549101, 75.594228
58.993897, 123.759433
82.192074, 167.326275
93.607162, 210.038396
91.563991, 252.601449
76.361263, 295.459766
50.239784, 339.636936
17.407879, 33.810522
20.096041, 221.088857
52.634486, 272.996415
78.011898, 316.981534
92.225022, 359.794695
93.181907, 42.354302
80.742672, 85.099333
56.734472, 128.801417
24.852458, 178.027718
12.776980, 1.280896
45.917908, 62.002421
73.286431, 106.589067
90.195873, 149.539961
94.146000, 192.115249
84.559155, 234.778497
62.840364, 278.143068
32.260591, 324.933258
6.627193, 120.060019
38.898442, 210.640407
68.049803, 256.132116
87.534177, 299.269005
94.449407, 341.880048
87.783354, 24.487244
68.511594, 67.606145
39.502404, 113.004816
7.015115, 199.132288
31.639125, 358.641824
62.340137, 45.586498
84.258928, 88.975574
94.089969, 131.644679
90.392221, 174.217884
73.706408, 217.155456
46.498533, 261.681706
13.378298, 321.255498
24.221675, 145.402038
56.199524, 194.915704
80.393545, 238.651816
93.070244, 281.405110
92.367141, 323.964273
78.387019, 6.767595
53.186912, 50.711413
20.726113, 102.183167
16.784096, 289.243617
49.674197, 344.061617
75.965744, 28.287474
91.397490, 71.157070
93.694040, 113.721291
82.519638, 156.426285
59.513812, 199.963831
28.177009, 247.915064
9.729308, 63.678041
42.815155, 132.925496
71.007403, 177.868624
89.083624, 220.895781
94.363470, 263.484465
86.074583, 306.119745
65.430889, 349.365131
35.522515, 35.446345
5.550665, 159.252270
35.679972, 281.324834
65.554448, 327.375627
86.145144, 10.615635
94.370666, 53.249681
89.026404, 95.839119
70.894153, 138.870248
42.662983, 183.832464
9.589195, 253.636554
28.338027, 68.881474
59.646769, 116.779586
82.603037, 160.309744
93.715578, 203.012942
91.354020, 245.577485
75.863625, 288.450023
49.528659, 332.688626
16.624333, 27.680518
20.887902, 214.671243
53.328269, 266.035881
78.482657, 309.969301
92.402867, 352.770139
93.040833, 35.329210
80.303296, 78.084661
56.061791, 121.829666
24.059748, 171.419869
13.533477, 355.774766
46.647188, 55.071525
73.813597, 99.582603
90.441880, 142.516810
94.074827, 185.089504
84.181197, 227.760142
62.211261, 271.155613
31.479445, 318.141123
7.121375, 118.691239
39.657120, 203.758118
68.629558, 249.133494
87.846593, 292.247853
94.448642, 334.854087
87.469520, 17.466143
67.930743, 60.607722
38.743163, 106.123906
6.534951, 197.931723
32.419888, 351.847067
62.968241, 38.598762
84.635521, 81.957150
94.159617, 124.618925
90.144752, 167.194769
73.178058, 210.149138
45.768547, 254.751620
12.623589, 315.786407
25.014288, 138.788313
56.871312, 187.943545
80.831620, 231.637053
93.209809, 274.379999
92.187802, 316.939742
77.914998, 359.755469
52.492299, 43.751393
19.934445, 95.775753
17.568260, 283.096424
50.384545, 337.112684
76.462153, 21.277607
91.605980, 64.133075
93.584107, 106.695852
82.107344, 149.409834
58.859998, 192.984327
27.387837, 241.206304
10.428452, 59.264037
43.558379, 126.013181
71.558567, 170.865361
89.359552, 213.873444
94.323726, 256.458571
85.724972, 299.100061
64.822796, 342.372310
34.750126, 28.607425
5.626905, 160.808229
36.449532, 274.474880
66.156357, 320.381416
86.486542, 3.595602
94.401395, 46.223760
88.741977, 88.817037
70.336262, 131.867987
41.916000, 176.926312
8.918513, 249.715443
29.125660, 62.150140
60.294996, 109.798095
83.007463, 153.292825
93.816560, 195.987420
91.136806, 238.553670
75.359998, 281.440894
48.813772, 325.743462
15.844234, 21.641907
21.680504, 208.206973
54.017951, 259.072903
78.947214, 302.956549
92.573384, 345.745466
92.892380, 28.304215
79.857571, 71.070447
55.384771, 114.859968
23.266696, 164.842565
14.297748, 350.103752
47.372970, 48.136787
74.334942, 92.575440
90.680717, 135.493484
93.996192, 178.063808
83.796576, 220.742129
61.577296, 264.169563
30.696496, 311.362433
7.675758, 116.543484
40.412991, 196.869319
69.203918, 242.133914
88.152047, 285.226456
94.440384, 327.828129
87.148756, 10.445296
67.344554, 53.610297
37.981215, 99.250009
6.132769, 197.577219
33.198713, 345.040038
63.591420, 31.609683
85.005412, 74.938396
94.221796, 117.593129
89.890137, 160.171839
72.643939, 203.143546
45.035146, 247.825625
11.878786, 310.517699
25.806309, 132.147429
57.538691, 180.969434
81.263301, 224.621847
93.341982, 267.354799
92.001151, 309.915337
77.436820, 352.743883
51.793659, 36.793955
19.143957, 89.421944
18.355067, 276.871442
51.091054, 330.160781
76.952526, 14.267149
91.807206, 57.108938
93.466751, 99.670487
81.688554, 142.393786
58.201606, 186.006549
26.597550, 234.518165
11.146133, 54.514005
44.298399, 119.096055
72.104093, 163.861295
89.628397, 206.850901
94.276500, 249.432705
85.368573, 292.080678
64.209622, 335.380690
33.975493, 21.778390
5.824886, 161.955894
37.216643, 267.616418
66.753076, 313.386094
86.821088, 356.575289
94.424635, 39.197822
88.450517, 81.795176
69.772835, 124.866589
41.165977, 170.025609
8.278098, 246.291460
29.911859, 55.401723
60.938523, 102.815026
83.405320, 146.275530
93.910100, 188.961835
90.912366, 231.530012
74.850423, 274.432399
48.095187, 318.801602
15.068386, 15.708365
22.473530, 201.700952
54.703472, 252.107586
79.405531, 295.943295
92.736559, 338.720679
##END=
##XYPOINTS= (XY..XY)
100.000000, 0.000000
100.000000, 0.000000
100.000000, 0.000000
100.000000, 0.000000
100.000000, 0.000000
100.000000, 0.000000
100.000000, 0.000000
100.000000, 0.000000
100.000000, 0.000000
100.000000, 0.000000
100.000000, 0.000000
100.000000, 0.000000
100.000000, 0.000000
100.000000, 0.000000
100.000000, 0.000000
100.000000, 0.000000
100.000000, 0.000000
100.000000, 0.000000
100.000000, 0.000000
100.000000, 0.000000
100.000000, 0.000000
100.000000, 0.000000
100.000000, 0.000000
100.000000, 0.000000
100.000000, 0.000000
100.000000, 0.000000
100.000000, 0.000000
100.000000, 0.000000
100.000000, 0.000000
100.000000, 0.000000
100.000000, 0.000000
100.000000, 0.000000
100.000000, 0.000000
100.000000, 0.000000
100.000000, 0.000000
100.000000, 0.000000
100.000000, 0.000000
100.000000, 0.000000
100.000000, 0.000000
100.000000, 0.000000
100.000000, 0.000000
100.000000, 0.000000
100.000000, 0.000000
100.000000, 0.000000
100.000000, 0.000000
100.000000, 0.000000
100.000000, 0.000000
100.000000, 0.000000
100.000000, 0.000000
100.000000, 0.000000
100.000000, 0.000000
100.000000, 0.000000
100.000000, 0.000000
100.000000, 0.000000
100.000000, 0.000000
100.000000, 0.000000
100.000000, 0.000000
100.000000, 0.000000
100.000000, 0.000000
100.000000, 0.000000
100.000000, 0.000000
100.000000, 0.000000
100.000000, 0.000000
100.000000, 0.000000
100.000000, 0.000000
100.000000, 0.000000
100.000000, 0.000000
100.000000, 0.000000
100.000000, 0.000000
100.000000, 0.000000
100.000000, 0.000000
100.000000, 0.000000
100.000000, 0.000000
100.000000, 0.000000
100.000000, 0.000000
100.000000, 0.000000
100.000000, 0.000000
100.000000, 0.000000
100.000000, 0.000000
100.000000, 0.000000
100.000000, 0.000000
100.000000, 0.000000
100.000000, 0.000000
100.000000, 0.000000
100.000000, 0.000000
100.000000, 0.000000
100.000000, 0.000000
100.000000, 0.000000
100.000000, 0.000000
100.000000, 0.000000
100.000000, 0.000000
100.000000, 0.000000
100.000000, 0.000000
100.000000, 0.000000
100.000000, 0.000000
100.000000, 0.000000
100.000000, 0.000000
100.000000, 0.000000
100.000000, 0.000000
100.000000, 0.000000
100.000000, 0.000000
100.000000, 0.000000
100.000000, 0.000000
100.000000, 0.000000
100.000000, 0.000000
100.000000, 0.000000
100.000000, 0.000000
100.000000, 0.000000
100.000000, 0.000000
100.000000, 0.000000
100.000000, 0.000000
100.000000, 0.000000
100.000000, 0.000000
100.000000, 0.000000
100.000000, 0.000000
100.000000, 0.000000
100.000000, 0.000000
100.000000, 0.000000
100.000000, 0.000000
100.000000, 0.000000
100.000000, 0.000000
100.000000, 0.000000
100.000000, 0.000000
100.000000, 0.000000
100.000000, 0.000000
100.000000, 0.000000
100.000000, 0.000000
100.000000, 0.000000
100.000000, 0.000000
100.000000, 0.000000
100.000000, 0.000000
100.000000, 0.000000
100.000000, 0.000000
100.000000, 0.000000
100.000000, 0.000000
100.000000, 0.000000
100.000000, 0.000000
100.000000, 0.000000
100.000000, 0.000000
100.000000, 0.000000
100.000000, 0.000000
100.000000, 0.000000
100.000000, 0.000000
100.000000, 0.000000
100.000000, 0.000000
100.000000, 0.000000
100.000000, 0.000000
100.000000, 0.000000
100.000000, 0.000000
100.000000, 0.000000
100.000000, 0.000000
100.000000, 0.000000
100.000000, 0.000000
100.000000, 0.000000
100.000000, 0.000000
100.000000, 0.000000
100.000000, 0.000000
100.000000, 0.000000
100.000000, 0.000000
100.000000, 0.000000
100.000000, 0.000000
100.000000, 0.000000
100.000000, 0.000000
100.000000, 0.000000
100.000000, 0.000000
100.000000, 0.000000
100.000000, 0.000000
100.000000, 0.000000
100.000000, 0.000000
100.000000, 0.000000
100.000000, 0.000000
100.000000, 0.000000
100.000000, 0.000000
100.000000, 0.000000
100.000000, 0.000000
100.000000, 0.000000
100.000000, 0.000000
100.000000, 0.000000
100.000000, 0.000000
100.000000, 0.000000
100.000000, 0.000000
100.000000, 0.000000
100.000000, 0.000000
100.000000, 0.000000
100.000000, 0.000000
100.000000, 0.000000
100.000000, 0.000000
100.000000, 0.000000
100.000000, 0.000000
100.000000, 0.000000
100.000000, 0.000000
100.000000, 0.000000
100.000000, 0.000000
100.000000, 0.000000
100.000000, 0.000000
100.000000, 0.000000
100.000000, 0.000000
100.000000, 0.000000
100.000000, 0.000000
100.000000, 0.000000
100.000000, 0.000000
100.000000, 0.000000
100.000000, 0.000000
100.000000, 0.000000
100.000000, 0.000000
100.000000, 0.000000
100.000000, 0.000000
100.000000, 0.000000
100.000000, 0.000000
100.000000, 0.000000
100.000000, 0.000000
100.000000, 0.000000
100.000000, 0.000000
100.000000, 0.000000
100.000000, 0.000000
100.000000, 0.000000
100.000000, 0.000000
100.000000, 0.000000
100.000000, 0.000000
100.000000, 0.000000
100.000000, 0.000000
100.000000, 0.000000
100.000000, 0.000000
100.000000, 0.000000
100.000000, 0.000000
100.000000, 0.000000
100.000000, 0.000000
100.000000, 0.000000
100.000000, 0.000000
100.000000, 0.000000
100.000000, 0.000000
100.000000, 0.000000
100.000000, 0.000000
100.000000, 0.000000
100.000000, 0.000000
100.000000, 0.000000
100.000000, 0.000000
100.000000, 0.000000
100.000000, 0.000000
100.000000, 0.000000
100.000000, 0.000000
100.000000, 0.000000
100.000000, 0.000000
100.000000, 0.000000
100.000000, 0.000000
100.000000, 0.000000
100.000000, 0.000000
100.000000, 0.000000
100.000000, 0.000000
100.000000, 0.000000
100.000000, 0.000000
100.000000, 0.000000
100.000000, 0.000000
100.000000, 0.000000
100.000000, 0.000000
100.000000, 0.000000
100.000000, 0.000000
100.000000, 0.000000
100.000000, 0.000000
100.000000, 0.000000
100.000000, 0.000000
100.000000, 0.000000
100.000000, 0.000000
100.000000, 0.000000
100.000000, 0.000000
100.000000, 0.000000
100.000000, 0.000000
100.000000, 0.000000
100.000000, 0.000000
100.000000, 0.000000
100.000000, 0.000000
100.000000, 0.000000
100.000000, 0.000000
100.000000, 0.000000
100.000000, 0.000000
100.000000, 0.000000
100.000000, 0.000000
100.000000, 0.000000
100.000000, 0.000000
100.000000, 0.000000
100.000000, 0.000000
100.000000, 0.000000
100.000000, 0.000000
100.000000, 0.000000
100.000000, 0.000000
100.000000, 0.000000
100.000000, 0.000000
100.000000, 0.000000
100.000000, 0.000000
100.000000, 0.000000
100.000000, 0.000000
100.000000, 0.000000
100.000000, 0.000000
100.000000, 0.000000
100.000000, 0.000000
100.000000, 0.000000
100.000000, 0.000000
100.000000, 0.000000
100.000000, 0.000000
100.000000, 0.000000
100.000000, 0.000000
100.000000, 0.000000
100.000000, 0.000000
100.000000, 0.000000
100.000000, 0.000000
100.000000, 0.000000
100.000000, 0.000000
100.000000, 0.000000
100.000000, 0.000000
100.000000, 0.000000
100.000000, 0.000000
100.000000, 0.000000
100.000000, 0.000000
100.000000, 0.000000
100.000000, 0.000000
100.000000, 0.000000
100.000000, 0.000000
100.000000, 0.000000
100.000000, 0.000000
100.000000, 0.000000
100.000000, 0.000000
100.000000, 0.000000
100.000000, 0.000000
100.000000, 0.000000
100.000000, 0.000000
100.000000, 0.000000
100.000000, 0.000000
100.000000, 0.000000
100.000000, 0.000000
100.000000, 0.000000
100.000000, 0.000000
100.000000, 0.000000
100.000000, 0.000000
100.000000, 0.000000
100.000000, 0.000000
100.000000, 0.000000
100.000000, 0.000000
100.000000, 0.000000
100.000000, 0.000000
100.000000, 0.000000
100.000000, 0.000000
100.000000, 0.000000
100.000000, 0.000000
100.000000, 0.000000
100.000000, 0.000000
100.000000, 0.000000
100.000000, 0.000000
100.000000, 0.000000
100.000000, 0.000000
100.000000, 0.000000
100.000000, 0.000000
100.000000, 0.000000
100.000000, 0.000000
100.000000, 0.000000
100.000000, 0.000000
100.000000, 0.000000
100.000000, 0.000000
100.000000, 0.000000
100.000000, 0.000000
100.000000, 0.000000
100.000000, 0.000000
100.000000, 0.000000
100.000000, 0.000000
100.000000, 0.000000
100.000000, 0.000000
100.000000, 0.000000
100.000000, 0.000000
100.000000, 0.000000
100.000000, 0.000000
100.000000, 0.000000
100.000000, 0.000000
100.000000, 0.000000
100.000000, 0.000000
100.000000, 0.000000
100.000000, 0.000000
100.000000, 0.000000
100.000000, 0.000000
100.000000, 0.000000
100.000000, 0.000000
100.000000, 0.000000
100.000000, 0.000000
100.000000, 0.000000
100.000000, 0.000000
100.000000, 0.000000
100.000000, 0.000000
100.000000, 0.000000
100.000000, 0.000000
100.000000, 0.000000
100.000000, 0.000000
100.000000, 0.000000
100.000000, 0.000000
100.000000, 0.000000
100.000000, 0.000000
100.000000, 0.000000
100.000000, 0.000000
100.000000, 0.000000
100.000000, 0.000000
100.000000, 0.000000
100.000000, 0.000000
100.000000, 0.000000
100.000000, 0.000000
100.000000, 0.000000
100.000000, 0.000000
100.000000, 0.000000
100.000000, 0.000000
100.000000, 0.000000
100.000000, 0.000000
100.000000, 0.000000
100.000000, 0.000000
100.000000, 0.000000
100.000000, 0.000000
100.000000, 0.000000
100.000000, 0.000000
100.000000, 0.000000
100.000000, 0.000000
100.000000, 0.000000
100.000000, 0.000000
100.000000, 0.000000
100.000000, 0.000000
100.000000, 0.000000
100.000000, 0.000000
100.000000, 0.000000
100.000000, 0.000000
100.000000, 0.000000
100.000000, 0.000000
100.000000, 0.000000
100.000000, 0.000000
100.000000, 0.000000
100.000000, 0.000000
100.000000, 0.000000
100.000000, 0.000000
100.000000, 0.000000
100.000000, 0.000000
100.000000, 0.000000
100.000000, 0.000000
100.000000, 0.000000
100.000000, 0.000000
100.000000, 0.000000
100.000000, 0.000000
100.000000, 0.000000
100.000000, 0.000000
100.000000, 0.000000
100.000000, 0.000000
100.000000, 0.000000
100.000000, 0.000000
100.000000, 0.000000
100.000000, 0.000000
100.000000, 0.000000
100.000000, 0.000000
100.000000, 0.000000
100.000000, 0.000000
100.000000, 0.000000
100.000000, 0.000000
100.000000, 0.000000
100.000000, 0.000000
100.000000, 0.000000
100.000000, 0.000000
100.000000, 0.000000
100.000000, 0.000000
100.000000, 0.000000
100.000000, 0.000000
100.000000, 0.000000
100.000000, 0.000000
100.000000, 0.000000
100.000000, 0.000000
100.000000, 0.000000
100.000000, 0.000000
100.000000, 0.000000
100.000000, 0.000000
100.000000, 0.000000
100.000000, 0.000000
100.000000, 0.000000
100.000000, 0.000000
100.000000, 0.000000
100.000000, 0.000000
100.000000, 0.000000
100.000000, 0.000000
100.000000, 0.000000
100.000000, 0.000000
100.000000, 0.000000
100.000000, 0.000000
100.000000, 0.000000
100.000000, 0.000000
100.000000, 0.000000
100.000000, 0.000000
100.000000, 0.000000
100.000000, 0.000000
100.000000, 0.000000
100.000000, 0.000000
100.000000, 0.000000
100.000000, 0.000000
100.000000, 0.000000
100.000000, 0.000000
100.000000, 0.000000
100.000000, 0.000000
100.000000, 0.000000
100.000000, 0.000000
100.000000, 0.000000
100.000000, 0.000000
100.000000, 0.000000
100.000000, 0.000000
100.000000, 0.000000
100.000000, 0.000000
100.000000, 0.000000
100.000000, 0.000000
100.000000, 0.000000
100.000000, 0.000000
100.000000, 0.000000
100.000000, 0.000000
100.000000, 0.000000
100.000000, 0.000000
100.000000, 0.000000
100.000000, 0.000000
100.000000, 0.000000
100.000000, 0.000000
100.000000, 0.000000
100.000000, 0.000000
100.000000, 0.000000
100.000000, 0.000000
100.000000, 0.000000
100.000000, 0.000000
100.000000, 0.000000
100.000000, 0.000000
100.000000, 0.000000
100.000000, 0.000000
100.000000, 0.000000
100.000000, 0.000000
100.000000, 0.000000
100.000000, 0.000000
100.000000, 0.000000
100.000000, 0.000000
100.000000, 0.000000
100.000000, 0.000000
100.000000, 0.000000
100.000000, 0.000000
100.000000, 0.000000
100.000000, 0.000000
100.000000, 0.000000
100.000000, 0.000000
100.000000, 0.000000
100.000000, 0.000000
100.000000, 0.000000
100.000000, 0.000000
100.000000, 0.000000
100.000000, 0.000000
100.000000, 0.000000
100.000000, 0.000000
100.000000, 0.000000
100.000000, 0.000000
100.000000, 0.000000
100.000000, 0.000000
100.000000, 0.000000
100.000000, 0.000000
100.000000, 0.000000
100.000000, 0.000000
100.000000, 0.000000
100.000000, 0.000000
100.000000, 0.000000
100.000000, 0.000000
100.000000, 0.000000
100.000000, 0.000000
100.000000, 0.000000
100.000000, 0.000000
100.000000, 0.000000
100.000000, 0.000000
100.000000, 0.000000
100.000000, 0.000000
100.000000, 0.000000
100.000000, 0.000000
100.000000, 0.000000
100.000000, 0.000000
100.000000, 0.000000
100.000000, 0.000000
100.000000, 0.000000
100.000000, 0.000000
100.000000, 0.000000
100.000000, 0.000000
100.000000, 0.000000
100.000000, 0.000000
100.000000, 0.000000
100.000000, 0.000000
100.000000, 0.000000
100.000000, 0.000000
100.000000, 0.000000
100.000000, 0.000000
100.000000, 0.000000
100.000000, 0.000000
100.000000, 0.000000
100.000000, 0.000000
100.000000, 0.000000
100.000000, 0.000000
100.000000, 0.000000
100.000000, 0.000000
100.000000, 0.000000
100.000000, 0.000000
100.000000, 0.000000
100.000000, 0.000000
100.000000, 0.000000
100.000000, 0.000000
100.000000, 0.000000
100.000000, 0.000000
100.000000, 0.000000
100.000000, 0.000000
100.000000, 0.000000
100.000000, 0.000000
100.000000, 0.000000
100.000000, 0.000000
100.000000, 0.000000
100.000000, 0.000000
100.000000, 0.000000
100.000000, 0.000000
100.000000, 0.000000
100.000000, 0.000000
100.000000, 0.000000
100.000000, 0.000000
100.000000, 0.000000
100.000000, 0.000000
100.000000, 0.000000
100.000000, 0.000000
100.000000, 0.000000
100.000000, 0.000000
100.000000, 0.000000
100.000000, 0.000000
100.000000, 0.000000
100.000000, 0.000000
100.000000, 0.000000
100.000000, 0.000000
100.000000, 0.000000
100.000000, 0.000000
100.000000, 0.000000
100.000000, 0.000000
100.000000, 0.000000
100.000000, 0.000000
100.000000, 0.000000
100.000000, 0.000000
100.000000, 0.000000
100.000000, 0.000000
100.000000, 0.000000
100.000000, 0.000000
100.000000, 0.000000
100.000000, 0.000000
100.000000, 0.000000
100.000000, 0.000000
100.000000, 0.000000
100.000000, 0.000000
100.000000, 0.000000
100.000000, 0.000000
100.000000, 0.000000
100.000000, 0.000000
100.000000, 0.000000
100.000000, 0.000000
100.000000, 0.000000
100.000000, 0.000000
100.000000, 0.000000
100.000000, 0.000000
100.000000, 0.000000
100.000000, 0.000000
100.000000, 0.000000
100.000000, 0.000000
100.000000, 0.000000
100.000000, 0.000000
100.000000, 0.000000
100.000000, 0.000000
100.000000, 0.000000
100.000000, 0.000000
100.000000, 0.000000
100.000000, 0.000000
100.000000, 0.000000
100.000000, 0.000000
100.000000, 0.000000
100.000000, 0.000000
100.000000, 0.000000
100.000000, 0.000000
100.000000, 0.000000
100.000000, 0.000000
100.000000, 0.000000
100.000000, 0.000000
100.000000, 0.000000
100.000000, 0.000000
100.000000, 0.000000
100.000000, 0.000000
100.000000, 0.000000
100.000000, 0.000000
100.000000, 0.000000
100.000000, 0.000000
100.000000, 0.000000
100.000000, 0.000000
100.000000, 0.000000
100.000000, 0.000000
100.000000, 0.000000
100.000000, 0.000000
100.000000, 0.000000
100.000000, 0.000000
100.000000, 0.000000
100.000000, 0.000000
100.000000, 0.000000
100.000000, 0.000000
100.000000, 0.000000
100.000000, 0.000000
100.000000, 0.000000
100.000000, 0.000000
100.000000, 0.000000
100.000000, 0.000000
100.000000, 0.000000
100.000000, 0.000000
100.000000, 0.000000
100.000000, 0.000000
100.000000, 0.000000
100.000000, 0.000000
100.000000, 0.000000
100.000000, 0.000000
100.000000, 0.000000
100.000000, 0.000000
100.000000, 0.000000
100.000000, 0.000000
100.000000, 0.000000
100.000000, 0.000000
100.000000, 0.000000
100.000000, 0.000000
100.000000, 0.000000
100.000000, 0.000000
100.000000, 0.000000
100.000000, 0.000000
100.000000, 0.000000
100.000000, 0.000000
100.000000, 0.000000
100.000000, 0.000000
100.000000, 0.000000
100.000000, 0.000000
100.000000, 0.000000
100.000000, 0.000000
100.000000, 0.000000
100.000000, 0.000000
100.000000, 0.000000
100.000000, 0.000000
100.000000, 0.000000
100.000000, 0.000000
100.000000, 0.000000
100.000000, 0.000000
100.000000, 0.000000
100.000000, 0.000000
100.000000, 0.000000
100.000000, 0.000000
100.000000, 0.000000
100.000000, 0.000000
100.000000, 0.000000
100.000000, 0.000000
100.000000, 0.000000
100.000000, 0.000000
100.000000, 0.000000
100.000000, 0.000000
100.000000, 0.000000
100.000000, 0.000000
100.000000, 0.000000
100.000000, 0.000000
100.000000, 0.000000
100.000000, 0.000000
100.000000, 0.000000
100.000000, 0.000000
100.000000, 0.000000
100.000000, 0.000000
100.000000, 0.000000
100.000000, 0.000000
100.000000, 0.000000
100.000000, 0.000000
100.000000, 0.000000
100.000000, 0.000000
100.000000, 0.000000
100.000000, 0.000000
100.000000, 0.000000
100.000000, 0.000000
100.000000, 0.000000
100.000000, 0.000000
100.000000, 0.000000
100.000000, 0.000000
100.000000, 0.000000
100.000000, 0.000000
100.000000, 0.000000
100.000000, 0.000000
100.000000, 0.000000
100.000000, 0.000000
100.000000, 0.000000
100.000000, 0.000000
100.000000, 0.000000
100.000000, 0.000000
100.000000, 0.000000
100.000000, 0.000000
100.000000, 0.000000
100.000000, 0.000000
100.000000, 0.000000
100.000000, 0.000000
100.000000, 0.000000
100.000000, 0.000000
100.000000, 0.000000
100.000000, 0.000000
100.000000, 0.000000
100.000000, 0.000000
100.000000, 0.000000
100.000000, 0.000000
100.000000, 0.000000
100.000000, 0.000000
100.000000, 0.000000
100.000000, 0.000000
100.000000, 0.000000
100.000000, 0.000000
100.000000, 0.000000
100.000000, 0.000000
100.000000, 0.000000
100.000000, 0.000000
100.000000, 0.000000
100.000000, 0.000000
100.000000, 0.000000
100.000000, 0.000000
100.000000, 0.000000
100.000000, 0.000000
100.000000, 0.000000
100.000000, 0.000000
100.000000, 0.000000
100.000000, 0.000000
100.000000, 0.000000
100.000000, 0.000000
100.000000, 0.000000
100.000000, 0.000000
100.000000, 0.000000
100.000000, 0.000000
100.000000, 0.000000
100.000000, 0.000000
100.000000, 0.000000
100.000000, 0.000000
100.000000, 0.000000
100.000000, 0.000000
100.000000, 0.000000
100.000000, 0.000000
100.000000, 0.000000
100.000000, 0.000000
100.000000, 0.000000
100.000000, 0.000000
100.000000, 0.000000
100.000000, 0.000000
100.000000, 0.000000
100.000000, 0.000000
100.000000, 0.000000
100.000000, 0.000000
100.000000, 0.000000
100.000000, 0.000000
100.000000, 0.000000
100.000000, 0.000000
100.000000, 0.000000
100.000000, 0.000000
100.000000, 0.000000
100.000000, 0.000000
100.000000, 0.000000
100.000000, 0.000000
100.000000, 0.000000
100.000000, 0.000000
100.000000, 0.000000
100.000000, 0.000000
100.000000, 0.000000
100.000000, 0.000000
100.000000, 0.000000
100.000000, 0.000000
100.000000, 0.000000
100.000000, 0.000000
100.000000, 0.000000
100.000000, 0.000000
100.000000, 0.000000
100.000000, 0.000000
100.000000, 0.000000
100.000000, 0.000000
100.000000, 0.000000
100.000000, 0.000000
100.000000, 0.000000
100.000000, 0.000000
100.000000, 0.000000
100.000000, 0.000000
100.000000, 0.000000
100.000000, 0.000000
100.000000, 0.000000
100.000000, 0.000000
100.000000, 0.000000
100.000000, 0.000000
100.000000, 0.000000
100.000000, 0.000000
100.000000, 0.000000
100.000000, 0.000000
100.000000, 0.000000
100.000000, 0.000000
100.000000, 0.000000
100.000000, 0.000000
100.000000, 0.000000
100.000000, 0.000000
100.000000, 0.000000
100.000000, 0.000000
100.000000, 0.000000
100.000000, 0.000000
100.000000, 0.000000
100.000000, 0.000000
100.000000, 0.000000
100.000000, 0.000000
100.000000, 0.000000
100.000000, 0.000000
100.000000, 0.000000
100.000000, 0.000000
100.000000, 0.000000
100.000000, 0.000000
100.000000, 0.000000
100.000000, 0.000000
100.000000, 0.000000
100.000000, 0.000000
100.000000, 0.000000
100.000000, 0.000000
100.000000, 0.000000
100.000000, 0.000000
100.000000, 0.000000
100.000000, 0.000000
100.000000, 0.000000
100.000000, 0.000000
100.000000, 0.000000
100.000000, 0.000000
100.000000, 0.000000
100.000000, 0.000000
100.000000, 0.000000
100.000000, 0.000000
100.000000, 0.000000
100.000000, 0.000000
100.000000, 0.000000
100.000000, 0.000000
100.000000, 0.000000
100.000000, 0.000000
100.000000, 0.000000
100.000000, 0.000000
100.000000, 0.000000
100.000000, 0.000000
100.000000, 0.000000
100.000000, 0.000000
100.000000, 0.000000
100.000000, 0.000000
100.000000, 0.000000
100.000000, 0.000000
100.000000, 0.000000
100.000000, 0.000000
100.000000, 0.000000
100.000000, 0.000000
100.000000, 0.000000
100.000000, 0.000000
100.000000, 0.000000
100.000000, 0.000000
100.000000, 0.000000
100.000000, 0.000000
100.000000, 0.000000
100.000000, 0.000000
100.000000, 0.000000
100.000000, 0.000000
100.000000, 0.000000
100.000000, 0.000000
100.000000, 0.000000
100.000000, 0.000000
100.000000, 0.000000
100.000000, 0.000000
100.000000, 0.000000
100.000000, 0.000000
100.000000, 0.000000
100.000000, 0.000000
100.000000, 0.000000
100.000000, 0.000000
100.000000, 0.000000
100.000000, 0.000000
100.000000, 0.000000
100.000000, 0.000000
100.000000, 0.000000
100.000000, 0.000000
100.000000, 0.000000
100.000000, 0.000000
100.000000, 0.000000
100.000000, 0.000000
100.000000, 0.000000
100.000000, 0.000000
100.000000, 0.000000
100.000000, 0.000000
100.000000, 0.000000
100.000000, 0.000000
100.000000, 0.000000
100.000000, 0.000000
100.000000, 0.000000
100.000000, 0.000000
100.000000, 0.000000
100.000000, 0.000000
100.000000, 0.000000
100.000000, 0.000000
100.000000, 0.000000
100.000000, 0.000000
100.000000, 0.000000
100.000000, 0.000000
100.000000, 0.000000
100.000000, 0.000000
100.000000, 0.000000
100.000000, 0.000000
100.000000, 0.000000
100.000000, 0.000000
100.000000, 0.000000
##END=
