##TITLE= Parameter file, TopSpin 3.6.5
##JCAMPDX= 5.0
##DATATYPE= Parameter Values
##ORIGIN= Bruker BioSpin GmbH
##OWNER= nmrservice
$$ 2023-08-30 18:12:49.492 +0100  nmrservice@aberlour
$$ C:/Bruker/cam-ts3/wave/p_WET-HSQC_et40
$$ process C:\Bruker\TopSpin3.6.5\prog\mod\xwinshape.exe
##MINX= 4.40151600
##MAXX= 95.60000000
##MINY= 0.05957100
##MAXY= 359.96778100
##$SHAPE_ADDPHASE= 0
##$SHAPE_AMP= 95.59999989
##$SHAPE_BWFAC= 0
##$SHAPE_BWFAC50= 0
##$SHAPE_CALCBW= yes
##$SHAPE_CALCINTEG= yes
##$SHAPE_EXMODE= <Excitation>
##$SHAPE_EXPAND= <>
##$SHAPE_EXPANDCF= (0..143)
0 0 0 0 0 0 0 0 0 0 0 0 0 0 0 0 0 0 0 0 0 0 0 0 0 0 0 0 0 0 0 0 0 0 0 0
0 0 0 0 0 0 0 0 0 0 0 0 0 0 0 0 0 0 0 0 0 0 0 0 0 0 0 0 0 0 0 0 0 0 0 0
0 0 0 0 0 0 0 0 0 0 0 0 0 0 0 0 0 0 0 0 0 0 0 0 0 0 0 0 0 0 0 0 0 0 0 0
0 0 0 0 0 0 0 0 0 0 0 0 0 0 0 0 0 0 0 0 0 0 0 0 0 0 0 0 0 0 0 0 0 0 0 0
##$SHAPE_EXPFAC= 0
##$SHAPE_FRACEND= 0
##$SHAPE_FRACORG= 0
##$SHAPE_FRACSTART= 0
##$SHAPE_INTEGFAC= 0
##$SHAPE_KEEPRES= yes
##$SHAPE_LENGTH= 100000
##$SHAPE_MAN= <M>
##$SHAPE_MODE= 2
##$SHAPE_MODFREQ= 0
##$SHAPE_MODPHASE= 0
##$SHAPE_MODSCALE= 0
##$SHAPE_MODSW= 0
##$SHAPE_MODSWDIR= -1
##$SHAPE_NPOINTS= 1000
##$SHAPE_OFFS= <2 2>
##$SHAPE_OFFSCOEFF= (0..95)
-1750.9 0 100 -535 0 91.2 0 0 0 0 0 0 0 0 0 0 0 0 0 0 0 0 0 0 0 0 0 0 0
0 0 0 0 0 0 0 0 0 0 0 0 0 0 0 0 0 0 0 0 0 0 0 0 0 0 0 0 0 0 0 0 0 0 0 0
0 0 0 0 0 0 0 0 0 0 0 0 0 0 0 0 0 0 0 0 0 0 0 0 0 0 0 0 0 0 0
##$SHAPE_PARAMETER= <>
##$SHAPE_REPHFAC= 0
##$SHAPE_RES= 0
##$SHAPE_SCALEFAC= 1.04602511
##$SHAPE_SCALETYPE= 0
##$SHAPE_SPOAL= 0
##$SHAPE_SPOFFS= 0
##$SHAPE_SPOPH= 0
##$SHAPE_TOTROT= 90
##$SHAPE_TYPE= <Excitation>
##$SHAPE_USER_DEF= 0
##$SHAPE_VERSION= 2.1
##$SHL_ADDPHASE= (0..15)
0 0 0 0 0 0 0 0 0 0 0 0 0 0 0 0
##$SHL_ALIGNOFFSET= (0..15)
0 0 0 0 0 0 0 0 0 0 0 0 0 0 0 0
##$SHL_AMP= (0..15)
100 0 0 0 0 0 0 0 0 0 0 0 0 0 0 0
##$SHL_AMPFAC= (0..15)
0 0 0 0 0 0 0 0 0 0 0 0 0 0 0 0
##$SHL_BETA= (0..15)
0 0 0 0 0 0 0 0 0 0 0 0 0 0 0 0
##$SHL_BWFAC= (0..15)
1.116 0 0 0 0 0 0 0 0 0 0 0 0 0 0 0
##$SHL_CALCBW= (0..15)
yes yes yes yes yes yes yes yes yes yes yes yes yes yes yes yes
##$SHL_CALCINTEG= (0..15)
yes yes yes yes yes yes yes yes yes yes yes yes yes yes yes yes
##$SHL_CENTERAMP= (0..15)
0 0 0 0 0 0 0 0 0 0 0 0 0 0 0 0
##$SHL_CYCNUM= (0..15)
0 0 0 0 0 0 0 0 0 0 0 0 0 0 0 0
##$SHL_DIPOLCPL= (0..15)
0 0 0 0 0 0 0 0 0 0 0 0 0 0 0 0
##$SHL_ENDAMP= (0..15)
0 0 0 0 0 0 0 0 0 0 0 0 0 0 0 0
##$SHL_EXMODE= (0..15)
<Excitation> <> <> <> <> <> <> <> <> <> <> <> <> <> <> <>
##$SHL_EXPAND= (0..15)
<> <> <> <> <> <> <> <> <> <> <> <> <> <> <> <>
##$SHL_EXPANDCF0= (0..143)
0 0 0 0 0 0 0 0 0 0 0 0 0 0 0 0 0 0 0 0 0 0 0 0 0 0 0 0 0 0 0 0 0 0 0 0
0 0 0 0 0 0 0 0 0 0 0 0 0 0 0 0 0 0 0 0 0 0 0 0 0 0 0 0 0 0 0 0 0 0 0 0
0 0 0 0 0 0 0 0 0 0 0 0 0 0 0 0 0 0 0 0 0 0 0 0 0 0 0 0 0 0 0 0 0 0 0 0
0 0 0 0 0 0 0 0 0 0 0 0 0 0 0 0 0 0 0 0 0 0 0 0 0 0 0 0 0 0 0 0 0 0 0 0
##$SHL_EXPANDCF1= (0..143)
0 0 0 0 0 0 0 0 0 0 0 0 0 0 0 0 0 0 0 0 0 0 0 0 0 0 0 0 0 0 0 0 0 0 0 0
0 0 0 0 0 0 0 0 0 0 0 0 0 0 0 0 0 0 0 0 0 0 0 0 0 0 0 0 0 0 0 0 0 0 0 0
0 0 0 0 0 0 0 0 0 0 0 0 0 0 0 0 0 0 0 0 0 0 0 0 0 0 0 0 0 0 0 0 0 0 0 0
0 0 0 0 0 0 0 0 0 0 0 0 0 0 0 0 0 0 0 0 0 0 0 0 0 0 0 0 0 0 0 0 0 0 0 0
##$SHL_EXPANDCF10= (0..143)
0 0 0 0 0 0 0 0 0 0 0 0 0 0 0 0 0 0 0 0 0 0 0 0 0 0 0 0 0 0 0 0 0 0 0 0
0 0 0 0 0 0 0 0 0 0 0 0 0 0 0 0 0 0 0 0 0 0 0 0 0 0 0 0 0 0 0 0 0 0 0 0
0 0 0 0 0 0 0 0 0 0 0 0 0 0 0 0 0 0 0 0 0 0 0 0 0 0 0 0 0 0 0 0 0 0 0 0
0 0 0 0 0 0 0 0 0 0 0 0 0 0 0 0 0 0 0 0 0 0 0 0 0 0 0 0 0 0 0 0 0 0 0 0
##$SHL_EXPANDCF11= (0..143)
0 0 0 0 0 0 0 0 0 0 0 0 0 0 0 0 0 0 0 0 0 0 0 0 0 0 0 0 0 0 0 0 0 0 0 0
0 0 0 0 0 0 0 0 0 0 0 0 0 0 0 0 0 0 0 0 0 0 0 0 0 0 0 0 0 0 0 0 0 0 0 0
0 0 0 0 0 0 0 0 0 0 0 0 0 0 0 0 0 0 0 0 0 0 0 0 0 0 0 0 0 0 0 0 0 0 0 0
0 0 0 0 0 0 0 0 0 0 0 0 0 0 0 0 0 0 0 0 0 0 0 0 0 0 0 0 0 0 0 0 0 0 0 0
##$SHL_EXPANDCF12= (0..143)
0 0 0 0 0 0 0 0 0 0 0 0 0 0 0 0 0 0 0 0 0 0 0 0 0 0 0 0 0 0 0 0 0 0 0 0
0 0 0 0 0 0 0 0 0 0 0 0 0 0 0 0 0 0 0 0 0 0 0 0 0 0 0 0 0 0 0 0 0 0 0 0
0 0 0 0 0 0 0 0 0 0 0 0 0 0 0 0 0 0 0 0 0 0 0 0 0 0 0 0 0 0 0 0 0 0 0 0
0 0 0 0 0 0 0 0 0 0 0 0 0 0 0 0 0 0 0 0 0 0 0 0 0 0 0 0 0 0 0 0 0 0 0 0
##$SHL_EXPANDCF13= (0..143)
0 0 0 0 0 0 0 0 0 0 0 0 0 0 0 0 0 0 0 0 0 0 0 0 0 0 0 0 0 0 0 0 0 0 0 0
0 0 0 0 0 0 0 0 0 0 0 0 0 0 0 0 0 0 0 0 0 0 0 0 0 0 0 0 0 0 0 0 0 0 0 0
0 0 0 0 0 0 0 0 0 0 0 0 0 0 0 0 0 0 0 0 0 0 0 0 0 0 0 0 0 0 0 0 0 0 0 0
0 0 0 0 0 0 0 0 0 0 0 0 0 0 0 0 0 0 0 0 0 0 0 0 0 0 0 0 0 0 0 0 0 0 0 0
##$SHL_EXPANDCF14= (0..143)
0 0 0 0 0 0 0 0 0 0 0 0 0 0 0 0 0 0 0 0 0 0 0 0 0 0 0 0 0 0 0 0 0 0 0 0
0 0 0 0 0 0 0 0 0 0 0 0 0 0 0 0 0 0 0 0 0 0 0 0 0 0 0 0 0 0 0 0 0 0 0 0
0 0 0 0 0 0 0 0 0 0 0 0 0 0 0 0 0 0 0 0 0 0 0 0 0 0 0 0 0 0 0 0 0 0 0 0
0 0 0 0 0 0 0 0 0 0 0 0 0 0 0 0 0 0 0 0 0 0 0 0 0 0 0 0 0 0 0 0 0 0 0 0
##$SHL_EXPANDCF15= (0..143)
0 0 0 0 0 0 0 0 0 0 0 0 0 0 0 0 0 0 0 0 0 0 0 0 0 0 0 0 0 0 0 0 0 0 0 0
0 0 0 0 0 0 0 0 0 0 0 0 0 0 0 0 0 0 0 0 0 0 0 0 0 0 0 0 0 0 0 0 0 0 0 0
0 0 0 0 0 0 0 0 0 0 0 0 0 0 0 0 0 0 0 0 0 0 0 0 0 0 0 0 0 0 0 0 0 0 0 0
0 0 0 0 0 0 0 0 0 0 0 0 0 0 0 0 0 0 0 0 0 0 0 0 0 0 0 0 0 0 0 0 0 0 0 0
##$SHL_EXPANDCF2= (0..143)
0 0 0 0 0 0 0 0 0 0 0 0 0 0 0 0 0 0 0 0 0 0 0 0 0 0 0 0 0 0 0 0 0 0 0 0
0 0 0 0 0 0 0 0 0 0 0 0 0 0 0 0 0 0 0 0 0 0 0 0 0 0 0 0 0 0 0 0 0 0 0 0
0 0 0 0 0 0 0 0 0 0 0 0 0 0 0 0 0 0 0 0 0 0 0 0 0 0 0 0 0 0 0 0 0 0 0 0
0 0 0 0 0 0 0 0 0 0 0 0 0 0 0 0 0 0 0 0 0 0 0 0 0 0 0 0 0 0 0 0 0 0 0 0
##$SHL_EXPANDCF3= (0..143)
0 0 0 0 0 0 0 0 0 0 0 0 0 0 0 0 0 0 0 0 0 0 0 0 0 0 0 0 0 0 0 0 0 0 0 0
0 0 0 0 0 0 0 0 0 0 0 0 0 0 0 0 0 0 0 0 0 0 0 0 0 0 0 0 0 0 0 0 0 0 0 0
0 0 0 0 0 0 0 0 0 0 0 0 0 0 0 0 0 0 0 0 0 0 0 0 0 0 0 0 0 0 0 0 0 0 0 0
0 0 0 0 0 0 0 0 0 0 0 0 0 0 0 0 0 0 0 0 0 0 0 0 0 0 0 0 0 0 0 0 0 0 0 0
##$SHL_EXPANDCF4= (0..143)
0 0 0 0 0 0 0 0 0 0 0 0 0 0 0 0 0 0 0 0 0 0 0 0 0 0 0 0 0 0 0 0 0 0 0 0
0 0 0 0 0 0 0 0 0 0 0 0 0 0 0 0 0 0 0 0 0 0 0 0 0 0 0 0 0 0 0 0 0 0 0 0
0 0 0 0 0 0 0 0 0 0 0 0 0 0 0 0 0 0 0 0 0 0 0 0 0 0 0 0 0 0 0 0 0 0 0 0
0 0 0 0 0 0 0 0 0 0 0 0 0 0 0 0 0 0 0 0 0 0 0 0 0 0 0 0 0 0 0 0 0 0 0 0
##$SHL_EXPANDCF5= (0..143)
0 0 0 0 0 0 0 0 0 0 0 0 0 0 0 0 0 0 0 0 0 0 0 0 0 0 0 0 0 0 0 0 0 0 0 0
0 0 0 0 0 0 0 0 0 0 0 0 0 0 0 0 0 0 0 0 0 0 0 0 0 0 0 0 0 0 0 0 0 0 0 0
0 0 0 0 0 0 0 0 0 0 0 0 0 0 0 0 0 0 0 0 0 0 0 0 0 0 0 0 0 0 0 0 0 0 0 0
0 0 0 0 0 0 0 0 0 0 0 0 0 0 0 0 0 0 0 0 0 0 0 0 0 0 0 0 0 0 0 0 0 0 0 0
##$SHL_EXPANDCF6= (0..143)
0 0 0 0 0 0 0 0 0 0 0 0 0 0 0 0 0 0 0 0 0 0 0 0 0 0 0 0 0 0 0 0 0 0 0 0
0 0 0 0 0 0 0 0 0 0 0 0 0 0 0 0 0 0 0 0 0 0 0 0 0 0 0 0 0 0 0 0 0 0 0 0
0 0 0 0 0 0 0 0 0 0 0 0 0 0 0 0 0 0 0 0 0 0 0 0 0 0 0 0 0 0 0 0 0 0 0 0
0 0 0 0 0 0 0 0 0 0 0 0 0 0 0 0 0 0 0 0 0 0 0 0 0 0 0 0 0 0 0 0 0 0 0 0
##$SHL_EXPANDCF7= (0..143)
0 0 0 0 0 0 0 0 0 0 0 0 0 0 0 0 0 0 0 0 0 0 0 0 0 0 0 0 0 0 0 0 0 0 0 0
0 0 0 0 0 0 0 0 0 0 0 0 0 0 0 0 0 0 0 0 0 0 0 0 0 0 0 0 0 0 0 0 0 0 0 0
0 0 0 0 0 0 0 0 0 0 0 0 0 0 0 0 0 0 0 0 0 0 0 0 0 0 0 0 0 0 0 0 0 0 0 0
0 0 0 0 0 0 0 0 0 0 0 0 0 0 0 0 0 0 0 0 0 0 0 0 0 0 0 0 0 0 0 0 0 0 0 0
##$SHL_EXPANDCF8= (0..143)
0 0 0 0 0 0 0 0 0 0 0 0 0 0 0 0 0 0 0 0 0 0 0 0 0 0 0 0 0 0 0 0 0 0 0 0
0 0 0 0 0 0 0 0 0 0 0 0 0 0 0 0 0 0 0 0 0 0 0 0 0 0 0 0 0 0 0 0 0 0 0 0
0 0 0 0 0 0 0 0 0 0 0 0 0 0 0 0 0 0 0 0 0 0 0 0 0 0 0 0 0 0 0 0 0 0 0 0
0 0 0 0 0 0 0 0 0 0 0 0 0 0 0 0 0 0 0 0 0 0 0 0 0 0 0 0 0 0 0 0 0 0 0 0
##$SHL_EXPANDCF9= (0..143)
0 0 0 0 0 0 0 0 0 0 0 0 0 0 0 0 0 0 0 0 0 0 0 0 0 0 0 0 0 0 0 0 0 0 0 0
0 0 0 0 0 0 0 0 0 0 0 0 0 0 0 0 0 0 0 0 0 0 0 0 0 0 0 0 0 0 0 0 0 0 0 0
0 0 0 0 0 0 0 0 0 0 0 0 0 0 0 0 0 0 0 0 0 0 0 0 0 0 0 0 0 0 0 0 0 0 0 0
0 0 0 0 0 0 0 0 0 0 0 0 0 0 0 0 0 0 0 0 0 0 0 0 0 0 0 0 0 0 0 0 0 0 0 0
##$SHL_EXPFAC= (0..15)
0 0 0 0 0 0 0 0 0 0 0 0 0 0 0 0
##$SHL_FRACEND= (0..15)
0 0 0 0 0 0 0 0 0 0 0 0 0 0 0 0
##$SHL_FRACORG= (0..15)
0 0 0 0 0 0 0 0 0 0 0 0 0 0 0 0
##$SHL_FRACSTART= (0..15)
0 0 0 0 0 0 0 0 0 0 0 0 0 0 0 0
##$SHL_FULLHALF= (0..15)
0 0 0 0 0 0 0 0 0 0 0 0 0 0 0 0
##$SHL_FUNCAMP= (0..15)
0 0 0 0 0 0 0 0 0 0 0 0 0 0 0 0
##$SHL_FUNCTION= (0..15)
<User> <> <> <> <> <> <> <> <> <> <> <> <> <> <> <>
##$SHL_GCO= (0..15)
<> <> <> <> <> <> <> <> <> <> <> <> <> <> <> <>
##$SHL_GCOCOEFFS0= (0..59)
0 0 0 0 0 0 0 0 0 0 0 0 0 0 0 0 0 0 0 0 0 0 0 0 0 0 0 0 0 0 0 0 0 0 0 0
0 0 0 0 0 0 0 0 0 0 0 0 0 0 0 0 0 0 0 0 0 0 0 0
##$SHL_GCOCOEFFS1= (0..59)
0 0 0 0 0 0 0 0 0 0 0 0 0 0 0 0 0 0 0 0 0 0 0 0 0 0 0 0 0 0 0 0 0 0 0 0
0 0 0 0 0 0 0 0 0 0 0 0 0 0 0 0 0 0 0 0 0 0 0 0
##$SHL_GCOCOEFFS10= (0..59)
0 0 0 0 0 0 0 0 0 0 0 0 0 0 0 0 0 0 0 0 0 0 0 0 0 0 0 0 0 0 0 0 0 0 0 0
0 0 0 0 0 0 0 0 0 0 0 0 0 0 0 0 0 0 0 0 0 0 0 0
##$SHL_GCOCOEFFS11= (0..59)
0 0 0 0 0 0 0 0 0 0 0 0 0 0 0 0 0 0 0 0 0 0 0 0 0 0 0 0 0 0 0 0 0 0 0 0
0 0 0 0 0 0 0 0 0 0 0 0 0 0 0 0 0 0 0 0 0 0 0 0
##$SHL_GCOCOEFFS12= (0..59)
0 0 0 0 0 0 0 0 0 0 0 0 0 0 0 0 0 0 0 0 0 0 0 0 0 0 0 0 0 0 0 0 0 0 0 0
0 0 0 0 0 0 0 0 0 0 0 0 0 0 0 0 0 0 0 0 0 0 0 0
##$SHL_GCOCOEFFS13= (0..59)
0 0 0 0 0 0 0 0 0 0 0 0 0 0 0 0 0 0 0 0 0 0 0 0 0 0 0 0 0 0 0 0 0 0 0 0
0 0 0 0 0 0 0 0 0 0 0 0 0 0 0 0 0 0 0 0 0 0 0 0
##$SHL_GCOCOEFFS14= (0..59)
0 0 0 0 0 0 0 0 0 0 0 0 0 0 0 0 0 0 0 0 0 0 0 0 0 0 0 0 0 0 0 0 0 0 0 0
0 0 0 0 0 0 0 0 0 0 0 0 0 0 0 0 0 0 0 0 0 0 0 0
##$SHL_GCOCOEFFS15= (0..59)
0 0 0 0 0 0 0 0 0 0 0 0 0 0 0 0 0 0 0 0 0 0 0 0 0 0 0 0 0 0 0 0 0 0 0 0
0 0 0 0 0 0 0 0 0 0 0 0 0 0 0 0 0 0 0 0 0 0 0 0
##$SHL_GCOCOEFFS2= (0..59)
0 0 0 0 0 0 0 0 0 0 0 0 0 0 0 0 0 0 0 0 0 0 0 0 0 0 0 0 0 0 0 0 0 0 0 0
0 0 0 0 0 0 0 0 0 0 0 0 0 0 0 0 0 0 0 0 0 0 0 0
##$SHL_GCOCOEFFS3= (0..59)
0 0 0 0 0 0 0 0 0 0 0 0 0 0 0 0 0 0 0 0 0 0 0 0 0 0 0 0 0 0 0 0 0 0 0 0
0 0 0 0 0 0 0 0 0 0 0 0 0 0 0 0 0 0 0 0 0 0 0 0
##$SHL_GCOCOEFFS4= (0..59)
0 0 0 0 0 0 0 0 0 0 0 0 0 0 0 0 0 0 0 0 0 0 0 0 0 0 0 0 0 0 0 0 0 0 0 0
0 0 0 0 0 0 0 0 0 0 0 0 0 0 0 0 0 0 0 0 0 0 0 0
##$SHL_GCOCOEFFS5= (0..59)
0 0 0 0 0 0 0 0 0 0 0 0 0 0 0 0 0 0 0 0 0 0 0 0 0 0 0 0 0 0 0 0 0 0 0 0
0 0 0 0 0 0 0 0 0 0 0 0 0 0 0 0 0 0 0 0 0 0 0 0
##$SHL_GCOCOEFFS6= (0..59)
0 0 0 0 0 0 0 0 0 0 0 0 0 0 0 0 0 0 0 0 0 0 0 0 0 0 0 0 0 0 0 0 0 0 0 0
0 0 0 0 0 0 0 0 0 0 0 0 0 0 0 0 0 0 0 0 0 0 0 0
##$SHL_GCOCOEFFS7= (0..59)
0 0 0 0 0 0 0 0 0 0 0 0 0 0 0 0 0 0 0 0 0 0 0 0 0 0 0 0 0 0 0 0 0 0 0 0
0 0 0 0 0 0 0 0 0 0 0 0 0 0 0 0 0 0 0 0 0 0 0 0
##$SHL_GCOCOEFFS8= (0..59)
0 0 0 0 0 0 0 0 0 0 0 0 0 0 0 0 0 0 0 0 0 0 0 0 0 0 0 0 0 0 0 0 0 0 0 0
0 0 0 0 0 0 0 0 0 0 0 0 0 0 0 0 0 0 0 0 0 0 0 0
##$SHL_GCOCOEFFS9= (0..59)
0 0 0 0 0 0 0 0 0 0 0 0 0 0 0 0 0 0 0 0 0 0 0 0 0 0 0 0 0 0 0 0 0 0 0 0
0 0 0 0 0 0 0 0 0 0 0 0 0 0 0 0 0 0 0 0 0 0 0 0
##$SHL_INTEGFAC= (0..15)
1 0 0 0 0 0 0 0 0 0 0 0 0 0 0 0
##$SHL_LB= (0..15)
0 0 0 0 0 0 0 0 0 0 0 0 0 0 0 0
##$SHL_LEFTLIMIT= (0..15)
0 0 0 0 0 0 0 0 0 0 0 0 0 0 0 0
##$SHL_LENGTH= (0..15)
100000 0 0 0 0 0 0 0 0 0 0 0 0 0 0 0
##$SHL_MAN= (0..15)
<> <> <> <> <> <> <> <> <> <> <> <> <> <> <> <>
##$SHL_MEANAMP= (0..15)
0 0 0 0 0 0 0 0 0 0 0 0 0 0 0 0
##$SHL_MODAMP= (0..15)
0 0 0 0 0 0 0 0 0 0 0 0 0 0 0 0
##$SHL_MODE= (0..15)
0 0 0 0 0 0 0 0 0 0 0 0 0 0 0 0
##$SHL_MODFREQ= (0..15)
0 0 0 0 0 0 0 0 0 0 0 0 0 0 0 0
##$SHL_MODPHASE= (0..15)
0 0 0 0 0 0 0 0 0 0 0 0 0 0 0 0
##$SHL_MODSCALE= (0..15)
0 0 0 0 0 0 0 0 0 0 0 0 0 0 0 0
##$SHL_MODSW= (0..15)
0 0 0 0 0 0 0 0 0 0 0 0 0 0 0 0
##$SHL_MODSWDIR= (0..15)
-1 -1 -1 -1 -1 -1 -1 -1 -1 -1 -1 -1 -1 -1 -1 -1
##$SHL_MU= (0..15)
0 0 0 0 0 0 0 0 0 0 0 0 0 0 0 0
##$SHL_NPOINTS= (0..15)
1000 0 0 0 0 0 0 0 0 0 0 0 0 0 0 0
##$SHL_OFFS= (0..15)
<> <> <> <> <> <> <> <> <> <> <> <> <> <> <> <>
##$SHL_OFFSCOEFF0= (0..95)
0 0 0 0 0 0 0 0 0 0 0 0 0 0 0 0 0 0 0 0 0 0 0 0 0 0 0 0 0 0 0 0 0 0 0 0
0 0 0 0 0 0 0 0 0 0 0 0 0 0 0 0 0 0 0 0 0 0 0 0 0 0 0 0 0 0 0 0 0 0 0 0
0 0 0 0 0 0 0 0 0 0 0 0 0 0 0 0 0 0 0 0 0 0 0 0
##$SHL_OFFSCOEFF1= (0..95)
0 0 0 0 0 0 0 0 0 0 0 0 0 0 0 0 0 0 0 0 0 0 0 0 0 0 0 0 0 0 0 0 0 0 0 0
0 0 0 0 0 0 0 0 0 0 0 0 0 0 0 0 0 0 0 0 0 0 0 0 0 0 0 0 0 0 0 0 0 0 0 0
0 0 0 0 0 0 0 0 0 0 0 0 0 0 0 0 0 0 0 0 0 0 0 0
##$SHL_OFFSCOEFF10= (0..95)
0 0 0 0 0 0 0 0 0 0 0 0 0 0 0 0 0 0 0 0 0 0 0 0 0 0 0 0 0 0 0 0 0 0 0 0
0 0 0 0 0 0 0 0 0 0 0 0 0 0 0 0 0 0 0 0 0 0 0 0 0 0 0 0 0 0 0 0 0 0 0 0
0 0 0 0 0 0 0 0 0 0 0 0 0 0 0 0 0 0 0 0 0 0 0 0
##$SHL_OFFSCOEFF11= (0..95)
0 0 0 0 0 0 0 0 0 0 0 0 0 0 0 0 0 0 0 0 0 0 0 0 0 0 0 0 0 0 0 0 0 0 0 0
0 0 0 0 0 0 0 0 0 0 0 0 0 0 0 0 0 0 0 0 0 0 0 0 0 0 0 0 0 0 0 0 0 0 0 0
0 0 0 0 0 0 0 0 0 0 0 0 0 0 0 0 0 0 0 0 0 0 0 0
##$SHL_OFFSCOEFF12= (0..95)
0 0 0 0 0 0 0 0 0 0 0 0 0 0 0 0 0 0 0 0 0 0 0 0 0 0 0 0 0 0 0 0 0 0 0 0
0 0 0 0 0 0 0 0 0 0 0 0 0 0 0 0 0 0 0 0 0 0 0 0 0 0 0 0 0 0 0 0 0 0 0 0
0 0 0 0 0 0 0 0 0 0 0 0 0 0 0 0 0 0 0 0 0 0 0 0
##$SHL_OFFSCOEFF13= (0..95)
0 0 0 0 0 0 0 0 0 0 0 0 0 0 0 0 0 0 0 0 0 0 0 0 0 0 0 0 0 0 0 0 0 0 0 0
0 0 0 0 0 0 0 0 0 0 0 0 0 0 0 0 0 0 0 0 0 0 0 0 0 0 0 0 0 0 0 0 0 0 0 0
0 0 0 0 0 0 0 0 0 0 0 0 0 0 0 0 0 0 0 0 0 0 0 0
##$SHL_OFFSCOEFF14= (0..95)
0 0 0 0 0 0 0 0 0 0 0 0 0 0 0 0 0 0 0 0 0 0 0 0 0 0 0 0 0 0 0 0 0 0 0 0
0 0 0 0 0 0 0 0 0 0 0 0 0 0 0 0 0 0 0 0 0 0 0 0 0 0 0 0 0 0 0 0 0 0 0 0
0 0 0 0 0 0 0 0 0 0 0 0 0 0 0 0 0 0 0 0 0 0 0 0
##$SHL_OFFSCOEFF15= (0..95)
0 0 0 0 0 0 0 0 0 0 0 0 0 0 0 0 0 0 0 0 0 0 0 0 0 0 0 0 0 0 0 0 0 0 0 0
0 0 0 0 0 0 0 0 0 0 0 0 0 0 0 0 0 0 0 0 0 0 0 0 0 0 0 0 0 0 0 0 0 0 0 0
0 0 0 0 0 0 0 0 0 0 0 0 0 0 0 0 0 0 0 0 0 0 0 0
##$SHL_OFFSCOEFF2= (0..95)
0 0 0 0 0 0 0 0 0 0 0 0 0 0 0 0 0 0 0 0 0 0 0 0 0 0 0 0 0 0 0 0 0 0 0 0
0 0 0 0 0 0 0 0 0 0 0 0 0 0 0 0 0 0 0 0 0 0 0 0 0 0 0 0 0 0 0 0 0 0 0 0
0 0 0 0 0 0 0 0 0 0 0 0 0 0 0 0 0 0 0 0 0 0 0 0
##$SHL_OFFSCOEFF3= (0..95)
0 0 0 0 0 0 0 0 0 0 0 0 0 0 0 0 0 0 0 0 0 0 0 0 0 0 0 0 0 0 0 0 0 0 0 0
0 0 0 0 0 0 0 0 0 0 0 0 0 0 0 0 0 0 0 0 0 0 0 0 0 0 0 0 0 0 0 0 0 0 0 0
0 0 0 0 0 0 0 0 0 0 0 0 0 0 0 0 0 0 0 0 0 0 0 0
##$SHL_OFFSCOEFF4= (0..95)
0 0 0 0 0 0 0 0 0 0 0 0 0 0 0 0 0 0 0 0 0 0 0 0 0 0 0 0 0 0 0 0 0 0 0 0
0 0 0 0 0 0 0 0 0 0 0 0 0 0 0 0 0 0 0 0 0 0 0 0 0 0 0 0 0 0 0 0 0 0 0 0
0 0 0 0 0 0 0 0 0 0 0 0 0 0 0 0 0 0 0 0 0 0 0 0
##$SHL_OFFSCOEFF5= (0..95)
0 0 0 0 0 0 0 0 0 0 0 0 0 0 0 0 0 0 0 0 0 0 0 0 0 0 0 0 0 0 0 0 0 0 0 0
0 0 0 0 0 0 0 0 0 0 0 0 0 0 0 0 0 0 0 0 0 0 0 0 0 0 0 0 0 0 0 0 0 0 0 0
0 0 0 0 0 0 0 0 0 0 0 0 0 0 0 0 0 0 0 0 0 0 0 0
##$SHL_OFFSCOEFF6= (0..95)
0 0 0 0 0 0 0 0 0 0 0 0 0 0 0 0 0 0 0 0 0 0 0 0 0 0 0 0 0 0 0 0 0 0 0 0
0 0 0 0 0 0 0 0 0 0 0 0 0 0 0 0 0 0 0 0 0 0 0 0 0 0 0 0 0 0 0 0 0 0 0 0
0 0 0 0 0 0 0 0 0 0 0 0 0 0 0 0 0 0 0 0 0 0 0 0
##$SHL_OFFSCOEFF7= (0..95)
0 0 0 0 0 0 0 0 0 0 0 0 0 0 0 0 0 0 0 0 0 0 0 0 0 0 0 0 0 0 0 0 0 0 0 0
0 0 0 0 0 0 0 0 0 0 0 0 0 0 0 0 0 0 0 0 0 0 0 0 0 0 0 0 0 0 0 0 0 0 0 0
0 0 0 0 0 0 0 0 0 0 0 0 0 0 0 0 0 0 0 0 0 0 0 0
##$SHL_OFFSCOEFF8= (0..95)
0 0 0 0 0 0 0 0 0 0 0 0 0 0 0 0 0 0 0 0 0 0 0 0 0 0 0 0 0 0 0 0 0 0 0 0
0 0 0 0 0 0 0 0 0 0 0 0 0 0 0 0 0 0 0 0 0 0 0 0 0 0 0 0 0 0 0 0 0 0 0 0
0 0 0 0 0 0 0 0 0 0 0 0 0 0 0 0 0 0 0 0 0 0 0 0
##$SHL_OFFSCOEFF9= (0..95)
0 0 0 0 0 0 0 0 0 0 0 0 0 0 0 0 0 0 0 0 0 0 0 0 0 0 0 0 0 0 0 0 0 0 0 0
0 0 0 0 0 0 0 0 0 0 0 0 0 0 0 0 0 0 0 0 0 0 0 0 0 0 0 0 0 0 0 0 0 0 0 0
0 0 0 0 0 0 0 0 0 0 0 0 0 0 0 0 0 0 0 0 0 0 0 0
##$SHL_PHASE= (0..15)
0 0 0 0 0 0 0 0 0 0 0 0 0 0 0 0
##$SHL_PHASEFAC= (0..15)
0 0 0 0 0 0 0 0 0 0 0 0 0 0 0 0
##$SHL_POWERINDEX= (0..15)
0 0 0 0 0 0 0 0 0 0 0 0 0 0 0 0
##$SHL_QUADCOEFF= (0..15)
0 0 0 0 0 0 0 0 0 0 0 0 0 0 0 0
##$SHL_RIGHTLIMIT= (0..15)
0 0 0 0 0 0 0 0 0 0 0 0 0 0 0 0
##$SHL_SCALEFACTOR= (0..15)
1 1 1 1 1 1 1 1 1 1 1 1 1 1 1 1
##$SHL_SF= (0..15)
<> <> <> <> <> <> <> <> <> <> <> <> <> <> <> <>
##$SHL_SFCOEFFS0= (0..200)
0 0 0 0 0 0 0 0 0 0 0 0 0 0 0 0 0 0 0 0 0 0 0 0 0 0 0 0 0 0 0 0 0 0 0 0
0 0 0 0 0 0 0 0 0 0 0 0 0 0 0 0 0 0 0 0 0 0 0 0 0 0 0 0 0 0 0 0 0 0 0 0
0 0 0 0 0 0 0 0 0 0 0 0 0 0 0 0 0 0 0 0 0 0 0 0 0 0 0 0 0 0 0 0 0 0 0 0
0 0 0 0 0 0 0 0 0 0 0 0 0 0 0 0 0 0 0 0 0 0 0 0 0 0 0 0 0 0 0 0 0 0 0 0
0 0 0 0 0 0 0 0 0 0 0 0 0 0 0 0 0 0 0 0 0 0 0 0 0 0 0 0 0 0 0 0 0 0 0 0
0 0 0 0 0 0 0 0 0 0 0 0 0 0 0 0 0 0 0 0 0
##$SHL_SFCOEFFS1= (0..200)
0 0 0 0 0 0 0 0 0 0 0 0 0 0 0 0 0 0 0 0 0 0 0 0 0 0 0 0 0 0 0 0 0 0 0 0
0 0 0 0 0 0 0 0 0 0 0 0 0 0 0 0 0 0 0 0 0 0 0 0 0 0 0 0 0 0 0 0 0 0 0 0
0 0 0 0 0 0 0 0 0 0 0 0 0 0 0 0 0 0 0 0 0 0 0 0 0 0 0 0 0 0 0 0 0 0 0 0
0 0 0 0 0 0 0 0 0 0 0 0 0 0 0 0 0 0 0 0 0 0 0 0 0 0 0 0 0 0 0 0 0 0 0 0
0 0 0 0 0 0 0 0 0 0 0 0 0 0 0 0 0 0 0 0 0 0 0 0 0 0 0 0 0 0 0 0 0 0 0 0
0 0 0 0 0 0 0 0 0 0 0 0 0 0 0 0 0 0 0 0 0
##$SHL_SFCOEFFS10= (0..200)
0 0 0 0 0 0 0 0 0 0 0 0 0 0 0 0 0 0 0 0 0 0 0 0 0 0 0 0 0 0 0 0 0 0 0 0
0 0 0 0 0 0 0 0 0 0 0 0 0 0 0 0 0 0 0 0 0 0 0 0 0 0 0 0 0 0 0 0 0 0 0 0
0 0 0 0 0 0 0 0 0 0 0 0 0 0 0 0 0 0 0 0 0 0 0 0 0 0 0 0 0 0 0 0 0 0 0 0
0 0 0 0 0 0 0 0 0 0 0 0 0 0 0 0 0 0 0 0 0 0 0 0 0 0 0 0 0 0 0 0 0 0 0 0
0 0 0 0 0 0 0 0 0 0 0 0 0 0 0 0 0 0 0 0 0 0 0 0 0 0 0 0 0 0 0 0 0 0 0 0
0 0 0 0 0 0 0 0 0 0 0 0 0 0 0 0 0 0 0 0 0
##$SHL_SFCOEFFS11= (0..200)
0 0 0 0 0 0 0 0 0 0 0 0 0 0 0 0 0 0 0 0 0 0 0 0 0 0 0 0 0 0 0 0 0 0 0 0
0 0 0 0 0 0 0 0 0 0 0 0 0 0 0 0 0 0 0 0 0 0 0 0 0 0 0 0 0 0 0 0 0 0 0 0
0 0 0 0 0 0 0 0 0 0 0 0 0 0 0 0 0 0 0 0 0 0 0 0 0 0 0 0 0 0 0 0 0 0 0 0
0 0 0 0 0 0 0 0 0 0 0 0 0 0 0 0 0 0 0 0 0 0 0 0 0 0 0 0 0 0 0 0 0 0 0 0
0 0 0 0 0 0 0 0 0 0 0 0 0 0 0 0 0 0 0 0 0 0 0 0 0 0 0 0 0 0 0 0 0 0 0 0
0 0 0 0 0 0 0 0 0 0 0 0 0 0 0 0 0 0 0 0 0
##$SHL_SFCOEFFS12= (0..200)
0 0 0 0 0 0 0 0 0 0 0 0 0 0 0 0 0 0 0 0 0 0 0 0 0 0 0 0 0 0 0 0 0 0 0 0
0 0 0 0 0 0 0 0 0 0 0 0 0 0 0 0 0 0 0 0 0 0 0 0 0 0 0 0 0 0 0 0 0 0 0 0
0 0 0 0 0 0 0 0 0 0 0 0 0 0 0 0 0 0 0 0 0 0 0 0 0 0 0 0 0 0 0 0 0 0 0 0
0 0 0 0 0 0 0 0 0 0 0 0 0 0 0 0 0 0 0 0 0 0 0 0 0 0 0 0 0 0 0 0 0 0 0 0
0 0 0 0 0 0 0 0 0 0 0 0 0 0 0 0 0 0 0 0 0 0 0 0 0 0 0 0 0 0 0 0 0 0 0 0
0 0 0 0 0 0 0 0 0 0 0 0 0 0 0 0 0 0 0 0 0
##$SHL_SFCOEFFS13= (0..200)
0 0 0 0 0 0 0 0 0 0 0 0 0 0 0 0 0 0 0 0 0 0 0 0 0 0 0 0 0 0 0 0 0 0 0 0
0 0 0 0 0 0 0 0 0 0 0 0 0 0 0 0 0 0 0 0 0 0 0 0 0 0 0 0 0 0 0 0 0 0 0 0
0 0 0 0 0 0 0 0 0 0 0 0 0 0 0 0 0 0 0 0 0 0 0 0 0 0 0 0 0 0 0 0 0 0 0 0
0 0 0 0 0 0 0 0 0 0 0 0 0 0 0 0 0 0 0 0 0 0 0 0 0 0 0 0 0 0 0 0 0 0 0 0
0 0 0 0 0 0 0 0 0 0 0 0 0 0 0 0 0 0 0 0 0 0 0 0 0 0 0 0 0 0 0 0 0 0 0 0
0 0 0 0 0 0 0 0 0 0 0 0 0 0 0 0 0 0 0 0 0
##$SHL_SFCOEFFS14= (0..200)
0 0 0 0 0 0 0 0 0 0 0 0 0 0 0 0 0 0 0 0 0 0 0 0 0 0 0 0 0 0 0 0 0 0 0 0
0 0 0 0 0 0 0 0 0 0 0 0 0 0 0 0 0 0 0 0 0 0 0 0 0 0 0 0 0 0 0 0 0 0 0 0
0 0 0 0 0 0 0 0 0 0 0 0 0 0 0 0 0 0 0 0 0 0 0 0 0 0 0 0 0 0 0 0 0 0 0 0
0 0 0 0 0 0 0 0 0 0 0 0 0 0 0 0 0 0 0 0 0 0 0 0 0 0 0 0 0 0 0 0 0 0 0 0
0 0 0 0 0 0 0 0 0 0 0 0 0 0 0 0 0 0 0 0 0 0 0 0 0 0 0 0 0 0 0 0 0 0 0 0
0 0 0 0 0 0 0 0 0 0 0 0 0 0 0 0 0 0 0 0 0
##$SHL_SFCOEFFS15= (0..200)
0 0 0 0 0 0 0 0 0 0 0 0 0 0 0 0 0 0 0 0 0 0 0 0 0 0 0 0 0 0 0 0 0 0 0 0
0 0 0 0 0 0 0 0 0 0 0 0 0 0 0 0 0 0 0 0 0 0 0 0 0 0 0 0 0 0 0 0 0 0 0 0
0 0 0 0 0 0 0 0 0 0 0 0 0 0 0 0 0 0 0 0 0 0 0 0 0 0 0 0 0 0 0 0 0 0 0 0
0 0 0 0 0 0 0 0 0 0 0 0 0 0 0 0 0 0 0 0 0 0 0 0 0 0 0 0 0 0 0 0 0 0 0 0
0 0 0 0 0 0 0 0 0 0 0 0 0 0 0 0 0 0 0 0 0 0 0 0 0 0 0 0 0 0 0 0 0 0 0 0
0 0 0 0 0 0 0 0 0 0 0 0 0 0 0 0 0 0 0 0 0
##$SHL_SFCOEFFS2= (0..200)
0 0 0 0 0 0 0 0 0 0 0 0 0 0 0 0 0 0 0 0 0 0 0 0 0 0 0 0 0 0 0 0 0 0 0 0
0 0 0 0 0 0 0 0 0 0 0 0 0 0 0 0 0 0 0 0 0 0 0 0 0 0 0 0 0 0 0 0 0 0 0 0
0 0 0 0 0 0 0 0 0 0 0 0 0 0 0 0 0 0 0 0 0 0 0 0 0 0 0 0 0 0 0 0 0 0 0 0
0 0 0 0 0 0 0 0 0 0 0 0 0 0 0 0 0 0 0 0 0 0 0 0 0 0 0 0 0 0 0 0 0 0 0 0
0 0 0 0 0 0 0 0 0 0 0 0 0 0 0 0 0 0 0 0 0 0 0 0 0 0 0 0 0 0 0 0 0 0 0 0
0 0 0 0 0 0 0 0 0 0 0 0 0 0 0 0 0 0 0 0 0
##$SHL_SFCOEFFS3= (0..200)
0 0 0 0 0 0 0 0 0 0 0 0 0 0 0 0 0 0 0 0 0 0 0 0 0 0 0 0 0 0 0 0 0 0 0 0
0 0 0 0 0 0 0 0 0 0 0 0 0 0 0 0 0 0 0 0 0 0 0 0 0 0 0 0 0 0 0 0 0 0 0 0
0 0 0 0 0 0 0 0 0 0 0 0 0 0 0 0 0 0 0 0 0 0 0 0 0 0 0 0 0 0 0 0 0 0 0 0
0 0 0 0 0 0 0 0 0 0 0 0 0 0 0 0 0 0 0 0 0 0 0 0 0 0 0 0 0 0 0 0 0 0 0 0
0 0 0 0 0 0 0 0 0 0 0 0 0 0 0 0 0 0 0 0 0 0 0 0 0 0 0 0 0 0 0 0 0 0 0 0
0 0 0 0 0 0 0 0 0 0 0 0 0 0 0 0 0 0 0 0 0
##$SHL_SFCOEFFS4= (0..200)
0 0 0 0 0 0 0 0 0 0 0 0 0 0 0 0 0 0 0 0 0 0 0 0 0 0 0 0 0 0 0 0 0 0 0 0
0 0 0 0 0 0 0 0 0 0 0 0 0 0 0 0 0 0 0 0 0 0 0 0 0 0 0 0 0 0 0 0 0 0 0 0
0 0 0 0 0 0 0 0 0 0 0 0 0 0 0 0 0 0 0 0 0 0 0 0 0 0 0 0 0 0 0 0 0 0 0 0
0 0 0 0 0 0 0 0 0 0 0 0 0 0 0 0 0 0 0 0 0 0 0 0 0 0 0 0 0 0 0 0 0 0 0 0
0 0 0 0 0 0 0 0 0 0 0 0 0 0 0 0 0 0 0 0 0 0 0 0 0 0 0 0 0 0 0 0 0 0 0 0
0 0 0 0 0 0 0 0 0 0 0 0 0 0 0 0 0 0 0 0 0
##$SHL_SFCOEFFS5= (0..200)
0 0 0 0 0 0 0 0 0 0 0 0 0 0 0 0 0 0 0 0 0 0 0 0 0 0 0 0 0 0 0 0 0 0 0 0
0 0 0 0 0 0 0 0 0 0 0 0 0 0 0 0 0 0 0 0 0 0 0 0 0 0 0 0 0 0 0 0 0 0 0 0
0 0 0 0 0 0 0 0 0 0 0 0 0 0 0 0 0 0 0 0 0 0 0 0 0 0 0 0 0 0 0 0 0 0 0 0
0 0 0 0 0 0 0 0 0 0 0 0 0 0 0 0 0 0 0 0 0 0 0 0 0 0 0 0 0 0 0 0 0 0 0 0
0 0 0 0 0 0 0 0 0 0 0 0 0 0 0 0 0 0 0 0 0 0 0 0 0 0 0 0 0 0 0 0 0 0 0 0
0 0 0 0 0 0 0 0 0 0 0 0 0 0 0 0 0 0 0 0 0
##$SHL_SFCOEFFS6= (0..200)
0 0 0 0 0 0 0 0 0 0 0 0 0 0 0 0 0 0 0 0 0 0 0 0 0 0 0 0 0 0 0 0 0 0 0 0
0 0 0 0 0 0 0 0 0 0 0 0 0 0 0 0 0 0 0 0 0 0 0 0 0 0 0 0 0 0 0 0 0 0 0 0
0 0 0 0 0 0 0 0 0 0 0 0 0 0 0 0 0 0 0 0 0 0 0 0 0 0 0 0 0 0 0 0 0 0 0 0
0 0 0 0 0 0 0 0 0 0 0 0 0 0 0 0 0 0 0 0 0 0 0 0 0 0 0 0 0 0 0 0 0 0 0 0
0 0 0 0 0 0 0 0 0 0 0 0 0 0 0 0 0 0 0 0 0 0 0 0 0 0 0 0 0 0 0 0 0 0 0 0
0 0 0 0 0 0 0 0 0 0 0 0 0 0 0 0 0 0 0 0 0
##$SHL_SFCOEFFS7= (0..200)
0 0 0 0 0 0 0 0 0 0 0 0 0 0 0 0 0 0 0 0 0 0 0 0 0 0 0 0 0 0 0 0 0 0 0 0
0 0 0 0 0 0 0 0 0 0 0 0 0 0 0 0 0 0 0 0 0 0 0 0 0 0 0 0 0 0 0 0 0 0 0 0
0 0 0 0 0 0 0 0 0 0 0 0 0 0 0 0 0 0 0 0 0 0 0 0 0 0 0 0 0 0 0 0 0 0 0 0
0 0 0 0 0 0 0 0 0 0 0 0 0 0 0 0 0 0 0 0 0 0 0 0 0 0 0 0 0 0 0 0 0 0 0 0
0 0 0 0 0 0 0 0 0 0 0 0 0 0 0 0 0 0 0 0 0 0 0 0 0 0 0 0 0 0 0 0 0 0 0 0
0 0 0 0 0 0 0 0 0 0 0 0 0 0 0 0 0 0 0 0 0
##$SHL_SFCOEFFS8= (0..200)
0 0 0 0 0 0 0 0 0 0 0 0 0 0 0 0 0 0 0 0 0 0 0 0 0 0 0 0 0 0 0 0 0 0 0 0
0 0 0 0 0 0 0 0 0 0 0 0 0 0 0 0 0 0 0 0 0 0 0 0 0 0 0 0 0 0 0 0 0 0 0 0
0 0 0 0 0 0 0 0 0 0 0 0 0 0 0 0 0 0 0 0 0 0 0 0 0 0 0 0 0 0 0 0 0 0 0 0
0 0 0 0 0 0 0 0 0 0 0 0 0 0 0 0 0 0 0 0 0 0 0 0 0 0 0 0 0 0 0 0 0 0 0 0
0 0 0 0 0 0 0 0 0 0 0 0 0 0 0 0 0 0 0 0 0 0 0 0 0 0 0 0 0 0 0 0 0 0 0 0
0 0 0 0 0 0 0 0 0 0 0 0 0 0 0 0 0 0 0 0 0
##$SHL_SFCOEFFS9= (0..200)
0 0 0 0 0 0 0 0 0 0 0 0 0 0 0 0 0 0 0 0 0 0 0 0 0 0 0 0 0 0 0 0 0 0 0 0
0 0 0 0 0 0 0 0 0 0 0 0 0 0 0 0 0 0 0 0 0 0 0 0 0 0 0 0 0 0 0 0 0 0 0 0
0 0 0 0 0 0 0 0 0 0 0 0 0 0 0 0 0 0 0 0 0 0 0 0 0 0 0 0 0 0 0 0 0 0 0 0
0 0 0 0 0 0 0 0 0 0 0 0 0 0 0 0 0 0 0 0 0 0 0 0 0 0 0 0 0 0 0 0 0 0 0 0
0 0 0 0 0 0 0 0 0 0 0 0 0 0 0 0 0 0 0 0 0 0 0 0 0 0 0 0 0 0 0 0 0 0 0 0
0 0 0 0 0 0 0 0 0 0 0 0 0 0 0 0 0 0 0 0 0
##$SHL_SMOOTHED= (0..15)
0 0 0 0 0 0 0 0 0 0 0 0 0 0 0 0
##$SHL_SMOOTHING= (0..15)
0 0 0 0 0 0 0 0 0 0 0 0 0 0 0 0
##$SHL_SPOAL= (0..15)
0 0 0 0 0 0 0 0 0 0 0 0 0 0 0 0
##$SHL_SPOFFS= (0..15)
0 0 0 0 0 0 0 0 0 0 0 0 0 0 0 0
##$SHL_SPOPH= (0..15)
0 0 0 0 0 0 0 0 0 0 0 0 0 0 0 0
##$SHL_STARTAMP= (0..15)
0 0 0 0 0 0 0 0 0 0 0 0 0 0 0 0
##$SHL_SW= (0..15)
0 0 0 0 0 0 0 0 0 0 0 0 0 0 0 0
##$SHL_SWDIR= (0..15)
-1 -1 -1 -1 -1 -1 -1 -1 -1 -1 -1 -1 -1 -1 -1 -1
##$SHL_TANKAPPA= (0..15)
0 0 0 0 0 0 0 0 0 0 0 0 0 0 0 0
##$SHL_TOTROT= (0..15)
90 0 0 0 0 0 0 0 0 0 0 0 0 0 0 0
##$SHL_TRUNCLEV= (0..15)
0 0 0 0 0 0 0 0 0 0 0 0 0 0 0 0
##$SHL_TYPE= (0..15)
<Excitation> <> <> <> <> <> <> <> <> <> <> <> <> <> <> <>
##$SHL_WINDOWSIZE= (0..15)
0 0 0 0 0 0 0 0 0 0 0 0 0 0 0 0
##$SHL_ZETA= (0..15)
0 0 0 0 0 0 0 0 0 0 0 0 0 0 0 0
##NPOINTS= 1000
##XYPOINTS= (XY..XY)
9.793768, 300.948530
27.681590, 126.758915
59.632100, 173.355807
83.153520, 216.314095
94.737127, 258.600795
92.695829, 300.770077
77.326231, 343.169750
50.872832, 26.600338
17.422474, 77.936288
19.889560, 272.178876
53.038074, 321.873123
78.817669, 5.168925
93.294401, 47.536984
94.355834, 89.703809
81.847748, 132.013390
57.592804, 175.065808
25.228607, 222.407169
12.146447, 52.777263
46.063592, 110.198289
73.905928, 153.984368
91.168455, 196.464037
95.324775, 238.644047
85.770845, 280.889123
63.896919, 323.674807
32.939036, 9.093479
5.418973, 168.783745
38.764625, 258.212490
68.454923, 302.746198
88.375010, 345.377588
95.595491, 27.587259
89.066412, 69.788673
69.737036, 112.381432
40.446144, 156.714403
6.674221, 233.371252
31.204300, 45.676362
62.505513, 91.433653
84.934740, 134.272346
95.165982, 176.530093
91.710035, 218.705712
75.069113, 261.156961
47.676703, 304.814117
13.879162, 359.667515
23.460492, 192.026805
56.102665, 240.014949
80.873139, 283.141610
94.039423, 325.469175
93.682153, 7.635195
79.853239, 49.982414
54.569571, 93.190754
21.662939, 141.959172
15.657637, 335.571305
49.295472, 28.438586
76.220360, 71.976535
92.224136, 114.400903
94.968185, 156.572916
84.053770, 198.844653
61.070004, 241.741304
29.434546, 287.891703
8.182592, 108.419092
42.137514, 176.614975
71.011041, 220.764980
89.733543, 263.321217
95.558627, 305.515190
87.639504, 347.734200
67.127930, 30.407670
37.044857, 75.169005
4.582272, 183.789972
34.688179, 324.373048
65.284123, 9.489573
86.586068, 52.225299
95.449117, 94.458609
90.583861, 136.643936
72.697441, 179.154526
44.409931, 223.084534
10.422847, 284.031428
27.016951, 111.340813
59.082708, 158.124321
82.805021, 201.107164
94.640464, 243.399835
92.865043, 285.568295
77.736726, 327.959076
51.464276, 11.351467
18.091486, 62.192983
19.219280, 256.534189
52.453983, 306.628239
78.418444, 349.959060
93.138643, 32.335395
94.466180, 74.502732
82.208168, 116.805858
58.150570, 159.831706
25.895693, 206.954778
11.499196, 36.327495
45.449394, 94.932461
73.458949, 138.770534
90.954753, 181.261471
95.375436, 223.443359
86.078514, 265.683925
64.416714, 308.450562
33.592112, 353.752158
5.041663, 147.103705
38.125401, 242.911411
67.963531, 287.526916
88.104946, 330.173633
95.586094, 12.386669
89.319048, 54.585202
70.214921, 97.164049
41.078128, 141.426566
7.216076, 214.508828
30.545966, 30.309284
61.973406, 76.206715
84.610313, 119.066492
95.096597, 161.329316
91.905768, 203.503492
75.501502, 245.944502
48.282007, 289.555950
14.539962, 343.608333
22.791038, 176.514248
55.533890, 224.776883
80.496756, 267.933195
93.910561, 310.267913
93.819536, 352.433837
80.236904, 34.773562
55.143287, 77.950676
22.333042, 126.411760
14.993161, 319.635381
48.694439, 13.183577
75.794818, 56.764667
92.036751, 99.198830
95.046202, 141.372087
84.385859, 183.638475
61.607665, 226.513014
30.095062, 272.510496
7.601417, 90.388261
41.509058, 161.332481
70.539513, 205.548410
89.489020, 248.117954
95.576702, 290.314591
87.917553, 332.530006
67.625439, 15.187442
37.687235, 59.860902
4.825583, 160.569992
34.037763, 309.041792
64.770147, 354.266473
86.286217, 37.020385
95.407117, 79.257954
90.805810, 121.441197
73.151050, 163.940010
45.028072, 207.814734
11.059836, 267.313093
26.351337, 95.910752
58.530169, 142.891887
82.452063, 185.900014
94.538698, 228.198833
93.029251, 270.366587
78.143040, 312.748710
52.053009, 356.104130
18.761137, 46.489786
18.549310, 240.856013
51.867123, 291.381917
78.015001, 334.748900
92.977864, 17.133736
94.571432, 59.301701
82.564163, 101.598556
58.705242, 144.598607
26.561932, 191.516000
10.857632, 19.727117
44.832841, 79.664311
73.008024, 123.556299
90.736149, 166.058803
95.420955, 208.242692
86.381545, 250.478898
64.933063, 293.227005
34.243625, 338.416938
4.738762, 124.485871
37.484289, 227.606236
67.468497, 272.307078
87.830134, 314.969538
95.571543, 357.186075
89.566870, 39.381856
70.689039, 81.947154
41.708030, 126.141956
7.783117, 196.171461
29.886316, 14.934009
61.437990, 60.978983
84.281329, 103.860447
95.022084, 146.128509
92.096547, 188.301360
75.929833, 230.732397
48.884787, 274.299685
15.203094, 327.625614
22.121161, 160.981628
54.962170, 209.537637
80.116040, 252.724522
93.776636, 295.066595
93.951860, 337.232537
80.616252, 19.564971
55.714079, 62.711808
23.002797, 110.885679
14.330717, 303.629570
48.090857, 357.926719
75.365201, 41.552451
91.844405, 83.996670
95.119094, 126.171290
84.713403, 168.432491
62.142038, 211.285536
30.754302, 257.137873
7.041710, 71.895260
40.878493, 146.046867
70.064201, 190.331362
89.239674, 232.914569
95.589623, 275.113999
88.190865, 317.325956
68.119324, 359.967781
38.327755, 44.557046
5.153653, 138.246205
33.385750, 293.704682
64.252705, 339.042701
85.981717, 21.815304
95.359971, 64.057280
91.022865, 106.238562
73.600729, 148.725903
45.643884, 192.547330
11.703319, 250.762971
25.684822, 80.467784
57.974515, 127.658474
82.094667, 170.692639
94.431835, 212.997787
93.188443, 255.164950
78.545152, 297.538644
52.638997, 340.858269
19.431224, 30.822581
17.879838, 225.140606
51.277529, 276.134102
77.607362, 319.538437
92.812072, 1.932005
94.671585, 44.100712
82.915713, 86.391475
59.256789, 129.366476
27.227245, 176.089818
10.222976, 2.949528
44.213972, 64.393731
72.553179, 108.341651
90.512655, 150.856030
95.461328, 193.042041
86.679923, 235.274036
65.445937, 278.004113
34.893526, 323.087462
4.525306, 101.013824
36.841332, 212.296741
66.969849, 257.086666
87.550590, 299.765297
95.551838, 341.985474
89.809865, 24.178630
71.159364, 66.730732
42.335810, 110.860417
8.370117, 178.269608
29.225410, 359.549965
60.899295, 45.750430
83.947807, 88.654206
94.942447, 130.927670
92.282361, 173.099313
76.354082, 215.520637
49.485006, 259.045245
15.868130, 311.709986
21.450973, 145.427055
54.387536, 194.297167
79.731013, 237.515586
93.637655, 279.865218
94.079119, 322.031292
80.991262, 4.356636
56.281916, 47.474106
23.672095, 95.379107
13.670755, 287.543987
47.484763, 342.667934
74.931534, 26.339878
91.647107, 68.794422
95.186857, 110.970522
85.036386, 153.226696
62.673092, 196.058845
31.412209, 241.773277
6.509146, 52.845736
40.245859, 130.757977
69.585130, 175.113822
88.985519, 217.711058
95.597389, 259.913410
88.459424, 302.122045
68.609558, 344.748673
38.966373, 29.257217
5.551413, 116.860237
32.732190, 278.361354
63.731827, 323.818235
85.672586, 6.610052
95.307683, 48.856586
91.235013, 91.036027
74.046455, 133.512194
46.257330, 177.282216
12.352152, 234.356093
25.017484, 65.010858
57.415778, 112.424048
81.732851, 155.485035
94.319879, 197.796695
93.342611, 239.963382
78.943038, 282.328870
53.222205, 325.613828
20.101566, 15.187785
17.211075, 209.383660
50.685235, 260.884733
77.195550, 304.327664
92.641276, 346.730199
94.766632, 28.899764
83.262798, 71.184612
59.805179, 114.135282
27.891561, 160.675316
9.596750, 345.962130
43.592824, 49.120609
72.094438, 93.126579
90.284281, 135.653149
95.496553, 177.841407
86.973632, 220.069335
65.955309, 262.781868
35.541766, 307.763401
4.414340, 76.927681
36.196576, 196.982682
66.467613, 241.865664
87.266329, 284.560908
95.526981, 326.784864
90.048020, 8.975523
71.625870, 51.514771
42.961429, 95.581806
8.973047, 160.728765
28.563307, 344.156525
60.357351, 30.521030
83.609764, 73.447764
94.857690, 115.726798
92.463200, 157.897350
76.774226, 200.309214
50.082630, 243.792557
16.534706, 295.853508
20.780595, 129.848395
53.810024, 179.055429
79.341697, 222.306379
93.493625, 264.663780
94.201304, 306.830101
81.361912, 349.148550
56.846765, 32.237530
24.340835, 79.890421
13.013805, 271.366877
46.876191, 327.407139
74.493840, 11.126938
91.444869, 53.592081
95.249486, 95.769781
85.354788, 138.021087
63.200799, 180.832915
32.068727, 226.416197
6.011076, 33.131680
39.611197, 115.465640
69.102327, 159.895776
88.726568, 202.507418
95.600000, 244.712824
88.723217, 286.918271
69.096113, 329.530100
39.603047, 13.961208
6.004953, 96.356647
32.077134, 263.011411
63.207542, 308.593053
85.358840, 351.404625
95.250256, 33.655870
91.442244, 75.833590
74.488202, 118.298872
46.868373, 162.019295
13.005405, 218.071944
24.349404, 49.538811
56.853987, 97.188572
81.366636, 140.277194
94.202838, 182.595555
93.491746, 224.761880
79.336678, 267.119382
53.802601, 310.370756
20.772000, 359.582267
16.543260, 193.580196
50.090275, 245.633748
76.779586, 289.116572
92.465486, 331.528316
94.856570, 13.698855
83.605401, 55.977961
60.350382, 98.904994
28.554811, 145.271660
8.980866, 328.724822
42.969435, 33.844825
71.631826, 77.911072
90.051042, 120.450158
95.526628, 162.640785
87.262654, 204.864790
66.461150, 247.560250
36.188299, 292.444453
4.413624, 52.614304
35.550066, 181.663796
65.961817, 226.644054
86.977367, 269.356366
95.496971, 311.584242
90.281322, 353.772529
72.088531, 36.299258
43.584846, 80.305986
9.588784, 143.487954
27.900071, 328.753003
59.812189, 15.290753
83.267219, 58.241115
94.767818, 100.525889
92.639054, 142.695466
77.190243, 185.098117
50.677624, 228.541551
17.202507, 280.049412
20.110161, 114.243234
53.229664, 163.812373
78.948112, 207.096894
93.344555, 249.462279
94.318411, 291.628960
81.728184, 333.940705
57.408594, 17.002041
25.008923, 64.418172
12.360501, 255.084185
46.265179, 312.144245
74.052143, 355.913621
91.237701, 38.389646
95.306980, 80.569064
85.668593, 122.815657
63.725127, 165.607725
32.723802, 211.066167
5.556902, 12.638795
38.974548, 100.169679
68.615819, 144.677210
88.462836, 187.303645
95.597455, 229.512238
88.982229, 271.714629
69.578964, 314.312047
40.237735, 358.668826
6.502525, 76.633330
31.420634, 247.654425
62.679879, 293.367134
85.040497, 336.199018
95.187692, 18.455129
91.644545, 60.631249
74.925948, 103.085927
47.476976, 146.758473
13.662312, 201.893575
23.680672, 34.050345
56.289177, 81.952011
80.996041, 125.069110
94.080717, 167.394364
93.635841, 209.560441
79.726049, 251.910172
54.380151, 295.129001
21.442379, 344.003283
15.876667, 177.724430
49.492685, 230.381082
76.359494, 273.905152
92.284711, 316.326353
94.941392, 358.497982
83.943502, 40.771516
60.892367, 83.675582
29.216928, 129.878095
8.377754, 311.188185
42.343845, 18.566250
71.165369, 62.695116
89.812949, 105.247051
95.551552, 147.440175
87.546976, 189.660399
66.963432, 232.339240
36.833078, 277.130333
4.523211, 28.522547
34.901847, 166.339803
65.452490, 211.421817
86.683718, 254.151667
95.461812, 296.383608
90.509758, 338.569647
72.547322, 21.084181
44.206023, 65.032831
10.214890, 126.497623
27.235768, 313.338645
59.263839, 0.059571
82.920191, 43.034255
94.672836, 85.324942
92.809914, 127.493659
77.602109, 169.887340
51.269953, 213.292162
17.871260, 264.291903
19.439817, 98.608832
52.646491, 148.567951
78.550280, 191.887124
93.190451, 234.260712
94.430432, 276.427868
82.090056, 318.733098
57.967372, 1.767602
25.676272, 48.961061
11.711606, 238.679001
45.651764, 296.879160
73.606468, 340.699916
91.025616, 23.187113
95.359333, 65.368370
85.977783, 107.610403
64.246049, 150.383250
33.377381, 195.722756
5.158343, 351.264638
38.335954, 84.869900
68.125632, 129.458108
88.194338, 172.099736
95.589755, 214.311650
89.236446, 256.511117
70.058083, 299.094501
40.870396, 343.379892
7.034697, 57.575994
30.762745, 232.289928
62.148868, 278.140452
84.717573, 320.993226
95.119995, 3.254361
91.841906, 45.428999
75.359667, 87.873349
48.083103, 131.499663
14.322239, 185.806897
23.011381, 18.544012
55.721378, 66.714324
80.621087, 109.860778
93.953524, 152.193120
93.774887, 194.359064
80.111131, 236.701232
54.954821, 279.888515
22.112571, 328.448415
15.211609, 161.809608
48.892498, 215.126665
75.935298, 258.693397
92.098960, 301.124308
95.021095, 343.297143
84.277082, 25.565273
61.431104, 68.447019
29.877851, 114.493934
7.790526, 293.291401
41.716092, 3.284750
70.695093, 47.478701
89.570016, 90.043827
95.571323, 132.239574
87.826580, 174.456157
67.462127, 217.118821
37.476057, 261.820781
4.735428, 5.040752
34.251968, 151.010399
64.939660, 196.198934
86.385400, 238.946807
95.421505, 281.182958
90.733315, 323.366873
73.002218, 5.869528
44.824922, 49.762219
10.849449, 109.717565
26.570467, 297.912619
58.712333, 344.827452
82.568698, 27.827178
94.572748, 70.123953
92.975770, 112.291927
78.009801, 154.676874
51.859582, 198.044327
18.540724, 248.575992
18.769725, 82.942064
52.060539, 133.322108
78.148222, 176.677062
93.031324, 219.059076
94.537361, 261.226821
82.447509, 303.525720
58.523065, 346.534176
26.342798, 33.517920
11.068048, 222.130863
45.035982, 281.611786
73.156840, 325.485814
90.808624, 7.984478
95.406545, 50.167696
86.282342, 92.405320
64.763535, 135.159468
34.029414, 180.385569
4.829285, 328.952879
37.695459, 69.566097
67.631794, 114.238455
87.921087, 156.895688
95.576900, 199.111058
89.485854, 241.307730
70.533443, 283.877447
41.500987, 328.094237
7.594095, 39.076488
30.103522, 216.917411
61.614537, 262.912984
84.390087, 305.787244
95.047169, 348.053564
92.034317, 30.226838
75.789335, 72.661128
48.686717, 116.242781
14.984654, 169.800129
22.341631, 3.018193
55.150623, 51.475471
80.241795, 94.652191
93.821264, 136.991821
93.908876, 179.157745
80.491902, 221.492556
55.526579, 264.649254
22.782453, 312.915527
14.548450, 145.827805
48.289751, 199.870424
75.507019, 243.481296
91.908245, 285.922177
95.095674, 328.096336
84.606124, 10.359225
61.966562, 53.219276
30.537517, 99.118551
7.223199, 274.960151
41.086217, 348.000180
70.221023, 32.261811
89.322255, 74.840483
95.585940, 117.038979
88.101452, 159.252059
67.957208, 201.898975
38.117193, 246.515552
5.037277, 342.411136
33.600475, 135.675254
64.423355, 180.975385
86.082428, 223.741781
95.376053, 265.982290
90.951982, 308.164204
73.453193, 350.655287
45.441504, 34.494038
11.490933, 93.115095
25.904240, 282.474008
58.157701, 329.594365
82.212760, 12.619878
94.467562, 54.922922
93.136613, 97.090267
78.413298, 139.466710
52.446477, 182.797987
19.210689, 232.897363
18.100067, 67.239354
51.471841, 118.074791
77.741961, 161.466700
92.867180, 203.857369
94.639192, 246.025819
82.800524, 288.318567
59.075644, 331.301730
27.008424, 18.087700
10.430967, 205.414865
44.417870, 266.342018
72.703282, 310.271303
90.586737, 352.781741
95.448611, 34.967040
86.582254, 77.200404
65.277556, 119.936360
34.679851, 165.054240
4.584793, 305.743548
37.053104, 54.258049
67.134331, 99.018234
87.643099, 141.691495
95.558891, 183.910459
89.730439, 226.104465
71.005019, 268.660871
42.129470, 312.811704
8.175025, 21.040265
29.443022, 201.536318
61.076918, 247.684705
84.058056, 290.581068
94.969217, 332.852736
92.221765, 15.024764
76.214930, 57.449256
49.287783, 100.987749
15.649107, 153.863365
21.671532, 347.471066
54.576945, 36.235408
79.858185, 79.443342
93.683946, 121.790464
94.037803, 163.956482
80.868341, 206.284138
56.095392, 249.411173
23.451912, 297.402724
13.887617, 129.769669
47.684479, 184.612282
75.074682, 228.268842
91.712575, 270.719958
95.165125, 312.895558
84.930610, 355.153369
62.498712, 37.992329
31.195869, 83.751371
6.680982, 256.105089
40.454260, 332.712385
69.743186, 17.044435
89.069681, 59.637013
95.595403, 101.838390
88.371578, 144.048103
68.448646, 186.679687
38.756442, 231.214422
5.413727, 320.719082
32.947418, 120.334014
63.903605, 165.751150
85.774819, 208.536586
95.325457, 250.781603
91.165746, 292.961637
73.900222, 335.441448
46.055733, 19.228182
12.138117, 76.663543
25.237164, 267.021798
57.599974, 314.360276
81.852397, 357.412349
94.357281, 39.721846
93.292436, 81.888677
78.812577, 124.256841
53.030603, 167.553085
19.880965, 217.252268
17.431046, 51.496591
50.880431, 102.825940
77.331520, 146.256030
92.698030, 188.655588
94.735920, 230.824858
83.149080, 273.111634
59.625076, 316.070231
27.673076, 2.669450
9.801777, 188.500532
43.797468, 251.069745
72.245820, 295.056372
90.359968, 337.578896
95.485530, 19.766400
86.877500, 61.995650
65.788084, 104.713904
35.328643, 149.728432
4.438921, 281.822916
36.408936, 38.945520
66.633273, 83.797428
87.360388, 126.487155
95.535729, 168.709852
89.970188, 210.901319
71.472785, 253.444759
42.755804, 297.532145
8.773097, 3.387980
28.781307, 186.146043
60.536040, 232.455586
83.721498, 275.374692
94.886145, 317.651875
92.404243, 359.822773
76.636428, 42.237723
49.886265, 85.734492
16.315213, 137.988223
21.001202, 331.900584
54.000376, 20.994093
79.470278, 64.234225
93.541577, 106.589047
94.161658, 148.755274
81.240428, 191.075970
56.661228, 234.174231
24.120847, 281.908320
13.229612, 113.624106
47.076719, 169.352158
74.638310, 213.056023
91.511962, 255.517648
95.229444, 297.694808
85.250521, 339.947699
63.027523, 22.766151
31.852850, 68.391872
6.170631, 236.622257
39.820260, 317.421202
69.261609, 1.826557
88.812307, 44.433416
95.599710, 86.637803
88.636941, 128.844284
68.936415, 171.460939
39.393761, 215.917177
5.850324, 299.935005
32.292849, 104.986293
63.380438, 150.526206
85.462590, 193.331217
95.269720, 235.580894
91.374596, 277.759168
74.343282, 320.228000
46.667571, 3.964550
12.790007, 60.341039
24.569319, 251.554863
57.039185, 299.125150
81.487627, 342.204587
94.241913, 24.520722
93.443228, 66.687153
79.207617, 109.047260
53.611929, 152.309568
20.551386, 201.637437
16.762891, 35.709031
50.286345, 87.575494
76.916920, 131.045044
92.523882, 173.453731
94.827539, 215.623936
83.493160, 257.904913
60.171331, 300.839648
28.336684, 347.262312
9.182250, 171.350418
43.174812, 235.794850
71.784479, 279.841010
90.128328, 322.375941
95.517300, 4.565775
87.168067, 46.791055
66.295090, 89.492082
35.975742, 134.407834
4.401516, 257.535346
35.762998, 23.628253
66.128645, 68.576020
87.072971, 111.282664
95.507415, 153.509235
90.205088, 195.698288
71.936714, 238.229100
43.379949, 282.255422
9.384917, 346.054425
28.118437, 170.745918
59.991933, 217.225601
83.380433, 260.168112
94.797955, 302.450978
92.581738, 344.620863
77.053806, 27.026520
50.482128, 70.482940
16.982643, 122.167574
20.330771, 316.304429
53.420949, 5.751476
79.078095, 49.024833
93.394164, 91.387566
94.280437, 133.554116
81.608143, 175.868047
57.224054, 218.938388
24.789160, 266.430813
12.575030, 97.377871
46.466506, 154.089964
74.197928, 197.842831
91.306415, 240.315244
95.288628, 282.494083
85.565841, 324.742210
63.552966, 7.540720
32.508405, 53.039571
5.700834, 216.398069
39.184260, 302.126454
68.776317, 346.608164
88.550147, 29.229688
95.598862, 71.437217
88.897528, 113.640599
69.420488, 156.242717
40.029107, 200.623622
6.334559, 279.967460
31.636818, 89.631675
62.853883, 135.300532
85.145757, 178.125669
95.208846, 220.380162
91.578521, 262.556795
74.782347, 305.014932
47.276981, 348.703047
13.445788, 44.129544
23.900791, 236.071952
56.475365, 283.888950
81.118471, 326.996583
94.121463, 9.319548
93.588982, 51.485694
79.598395, 93.837958
54.190418, 137.067384
21.221799, 186.050004
16.095863, 19.871170
49.689616, 72.323388
76.498184, 115.833733
92.344746, 158.251794
94.914046, 200.423051
83.832744, 242.698401
60.714379, 285.609952
28.999181, 331.865505
8.574629, 153.918390
42.549942, 220.517208
71.319284, 264.625203
89.891831, 307.172873
95.543920, 349.365161
87.453937, 31.586614
66.798546, 74.270874
36.621103, 119.092155
4.475307, 233.322435
35.115336, 8.305973
65.620477, 53.353991
86.780862, 96.078017
95.473950, 138.308605
90.435127, 180.495370
72.396781, 223.013881
44.001868, 266.981403
10.007846, 328.986527
27.454478, 155.335214
59.444629, 201.994720
83.034878, 244.961322
94.704654, 287.250044
92.754242, 329.419032
77.467040, 11.815638
51.075338, 55.233026
17.651110, 106.395322
19.660380, 300.679974
52.838698, 350.507509
78.681658, 33.815157
93.241716, 76.186021
94.394132, 118.353008
81.971465, 160.660362
57.783839, 203.703607
25.456761, 250.968855
11.924591, 81.015063
45.853877, 138.825611
73.753560, 182.629256
91.095947, 225.112743
95.342673, 267.293382
85.876552, 309.536899
64.075013, 352.316012
33.162483, 37.694027
5.282538, 195.323276
38.546302, 286.827953
68.287337, 331.389240
88.283215, 14.025824
95.592858, 56.236630
89.153324, 98.437045
69.900838, 141.025006
40.662439, 185.333573
6.856252, 260.703447
30.979380, 74.269703
62.323970, 120.074104
84.824339, 162.919939
95.142838, 205.179403
91.777509, 247.354516
75.217393, 289.802234
47.883926, 333.443585
14.104785, 28.014098
23.231673, 220.571669
55.908546, 268.651638
80.744950, 311.788334
93.995937, 354.118322
93.729690, 36.284297
79.984891, 78.628930
54.766040, 121.826486
21.892066, 170.487449
15.430262, 3.976593
49.090280, 57.069555
76.075335, 100.622089
92.160632, 143.049777
94.995434, 185.222201
84.167814, 227.492092
61.254188, 270.381112
29.660503, 316.478322
7.981780, 136.147619
41.922897, 205.236686
70.850262, 249.408940
89.650489, 291.969688
95.565386, 334.164557
87.735095, 16.382323
67.298425, 59.050262
37.264680, 103.781127
4.654993, 209.605106
34.465997, 352.978384
65.108797, 38.131323
86.484079, 80.873210
95.435337, 123.107960
90.660291, 165.292561
72.852962, 207.799090
44.621521, 251.709967
10.639809, 312.141219
26.789497, 139.913124
58.894158, 186.762913
82.684852, 229.754317
94.606246, 272.049070
92.921746, 314.217275
77.876108, 356.605070
51.665859, 39.984686
18.320365, 90.666230
18.990187, 285.024228
52.253657, 335.262140
78.280988, 18.605192
93.084240, 60.984408
94.502737, 103.151947
82.330374, 145.452909
58.340551, 188.469852
26.123567, 235.521239
11.279162, 64.516478
45.238870, 123.559001
73.305229, 167.415285
90.880568, 209.910143
95.391577, 252.092702
86.182637, 294.331760
64.593632, 337.092005
33.815030, 22.354834
4.928972, 173.321481
37.906427, 271.525498
67.794697, 316.169770
88.011526, 358.821822
95.581699, 41.036039
89.404315, 83.233617
70.377438, 125.807792
41.293716, 170.046857
7.407394, 242.031555
30.320589, 58.899884
61.790728, 104.846898
84.498352, 147.714020
95.071699, 189.978616
91.971549, 232.152326
75.648397, 274.589897
48.488371, 318.186077
14.766435, 11.982212
22.562063, 205.052452
55.338760, 253.413173
80.367083, 296.579832
93.865344, 338.917041
##END=
##XYPOINTS= (XY..XY)
100.000000, 0.000000
100.000000, 0.000000
100.000000, 0.000000
100.000000, 0.000000
100.000000, 0.000000
100.000000, 0.000000
100.000000, 0.000000
100.000000, 0.000000
100.000000, 0.000000
100.000000, 0.000000
100.000000, 0.000000
100.000000, 0.000000
100.000000, 0.000000
100.000000, 0.000000
100.000000, 0.000000
100.000000, 0.000000
100.000000, 0.000000
100.000000, 0.000000
100.000000, 0.000000
100.000000, 0.000000
100.000000, 0.000000
100.000000, 0.000000
100.000000, 0.000000
100.000000, 0.000000
100.000000, 0.000000
100.000000, 0.000000
100.000000, 0.000000
100.000000, 0.000000
100.000000, 0.000000
100.000000, 0.000000
100.000000, 0.000000
100.000000, 0.000000
100.000000, 0.000000
100.000000, 0.000000
100.000000, 0.000000
100.000000, 0.000000
100.000000, 0.000000
100.000000, 0.000000
100.000000, 0.000000
100.000000, 0.000000
100.000000, 0.000000
100.000000, 0.000000
100.000000, 0.000000
100.000000, 0.000000
100.000000, 0.000000
100.000000, 0.000000
100.000000, 0.000000
100.000000, 0.000000
100.000000, 0.000000
100.000000, 0.000000
100.000000, 0.000000
100.000000, 0.000000
100.000000, 0.000000
100.000000, 0.000000
100.000000, 0.000000
100.000000, 0.000000
100.000000, 0.000000
100.000000, 0.000000
100.000000, 0.000000
100.000000, 0.000000
100.000000, 0.000000
100.000000, 0.000000
100.000000, 0.000000
100.000000, 0.000000
100.000000, 0.000000
100.000000, 0.000000
100.000000, 0.000000
100.000000, 0.000000
100.000000, 0.000000
100.000000, 0.000000
100.000000, 0.000000
100.000000, 0.000000
100.000000, 0.000000
100.000000, 0.000000
100.000000, 0.000000
100.000000, 0.000000
100.000000, 0.000000
100.000000, 0.000000
100.000000, 0.000000
100.000000, 0.000000
100.000000, 0.000000
100.000000, 0.000000
100.000000, 0.000000
100.000000, 0.000000
100.000000, 0.000000
100.000000, 0.000000
100.000000, 0.000000
100.000000, 0.000000
100.000000, 0.000000
100.000000, 0.000000
100.000000, 0.000000
100.000000, 0.000000
100.000000, 0.000000
100.000000, 0.000000
100.000000, 0.000000
100.000000, 0.000000
100.000000, 0.000000
100.000000, 0.000000
100.000000, 0.000000
100.000000, 0.000000
100.000000, 0.000000
100.000000, 0.000000
100.000000, 0.000000
100.000000, 0.000000
100.000000, 0.000000
100.000000, 0.000000
100.000000, 0.000000
100.000000, 0.000000
100.000000, 0.000000
100.000000, 0.000000
100.000000, 0.000000
100.000000, 0.000000
100.000000, 0.000000
100.000000, 0.000000
100.000000, 0.000000
100.000000, 0.000000
100.000000, 0.000000
100.000000, 0.000000
100.000000, 0.000000
100.000000, 0.000000
100.000000, 0.000000
100.000000, 0.000000
100.000000, 0.000000
100.000000, 0.000000
100.000000, 0.000000
100.000000, 0.000000
100.000000, 0.000000
100.000000, 0.000000
100.000000, 0.000000
100.000000, 0.000000
100.000000, 0.000000
100.000000, 0.000000
100.000000, 0.000000
100.000000, 0.000000
100.000000, 0.000000
100.000000, 0.000000
100.000000, 0.000000
100.000000, 0.000000
100.000000, 0.000000
100.000000, 0.000000
100.000000, 0.000000
100.000000, 0.000000
100.000000, 0.000000
100.000000, 0.000000
100.000000, 0.000000
100.000000, 0.000000
100.000000, 0.000000
100.000000, 0.000000
100.000000, 0.000000
100.000000, 0.000000
100.000000, 0.000000
100.000000, 0.000000
100.000000, 0.000000
100.000000, 0.000000
100.000000, 0.000000
100.000000, 0.000000
100.000000, 0.000000
100.000000, 0.000000
100.000000, 0.000000
100.000000, 0.000000
100.000000, 0.000000
100.000000, 0.000000
100.000000, 0.000000
100.000000, 0.000000
100.000000, 0.000000
100.000000, 0.000000
100.000000, 0.000000
100.000000, 0.000000
100.000000, 0.000000
100.000000, 0.000000
100.000000, 0.000000
100.000000, 0.000000
100.000000, 0.000000
100.000000, 0.000000
100.000000, 0.000000
100.000000, 0.000000
100.000000, 0.000000
100.000000, 0.000000
100.000000, 0.000000
100.000000, 0.000000
100.000000, 0.000000
100.000000, 0.000000
100.000000, 0.000000
100.000000, 0.000000
100.000000, 0.000000
100.000000, 0.000000
100.000000, 0.000000
100.000000, 0.000000
100.000000, 0.000000
100.000000, 0.000000
100.000000, 0.000000
100.000000, 0.000000
100.000000, 0.000000
100.000000, 0.000000
100.000000, 0.000000
100.000000, 0.000000
100.000000, 0.000000
100.000000, 0.000000
100.000000, 0.000000
100.000000, 0.000000
100.000000, 0.000000
100.000000, 0.000000
100.000000, 0.000000
100.000000, 0.000000
100.000000, 0.000000
100.000000, 0.000000
100.000000, 0.000000
100.000000, 0.000000
100.000000, 0.000000
100.000000, 0.000000
100.000000, 0.000000
100.000000, 0.000000
100.000000, 0.000000
100.000000, 0.000000
100.000000, 0.000000
100.000000, 0.000000
100.000000, 0.000000
100.000000, 0.000000
100.000000, 0.000000
100.000000, 0.000000
100.000000, 0.000000
100.000000, 0.000000
100.000000, 0.000000
100.000000, 0.000000
100.000000, 0.000000
100.000000, 0.000000
100.000000, 0.000000
100.000000, 0.000000
100.000000, 0.000000
100.000000, 0.000000
100.000000, 0.000000
100.000000, 0.000000
100.000000, 0.000000
100.000000, 0.000000
100.000000, 0.000000
100.000000, 0.000000
100.000000, 0.000000
100.000000, 0.000000
100.000000, 0.000000
100.000000, 0.000000
100.000000, 0.000000
100.000000, 0.000000
100.000000, 0.000000
100.000000, 0.000000
100.000000, 0.000000
100.000000, 0.000000
100.000000, 0.000000
100.000000, 0.000000
100.000000, 0.000000
100.000000, 0.000000
100.000000, 0.000000
100.000000, 0.000000
100.000000, 0.000000
100.000000, 0.000000
100.000000, 0.000000
100.000000, 0.000000
100.000000, 0.000000
100.000000, 0.000000
100.000000, 0.000000
100.000000, 0.000000
100.000000, 0.000000
100.000000, 0.000000
100.000000, 0.000000
100.000000, 0.000000
100.000000, 0.000000
100.000000, 0.000000
100.000000, 0.000000
100.000000, 0.000000
100.000000, 0.000000
100.000000, 0.000000
100.000000, 0.000000
100.000000, 0.000000
100.000000, 0.000000
100.000000, 0.000000
100.000000, 0.000000
100.000000, 0.000000
100.000000, 0.000000
100.000000, 0.000000
100.000000, 0.000000
100.000000, 0.000000
100.000000, 0.000000
100.000000, 0.000000
100.000000, 0.000000
100.000000, 0.000000
100.000000, 0.000000
100.000000, 0.000000
100.000000, 0.000000
100.000000, 0.000000
100.000000, 0.000000
100.000000, 0.000000
100.000000, 0.000000
100.000000, 0.000000
100.000000, 0.000000
100.000000, 0.000000
100.000000, 0.000000
100.000000, 0.000000
100.000000, 0.000000
100.000000, 0.000000
100.000000, 0.000000
100.000000, 0.000000
100.000000, 0.000000
100.000000, 0.000000
100.000000, 0.000000
100.000000, 0.000000
100.000000, 0.000000
100.000000, 0.000000
100.000000, 0.000000
100.000000, 0.000000
100.000000, 0.000000
100.000000, 0.000000
100.000000, 0.000000
100.000000, 0.000000
100.000000, 0.000000
100.000000, 0.000000
100.000000, 0.000000
100.000000, 0.000000
100.000000, 0.000000
100.000000, 0.000000
100.000000, 0.000000
100.000000, 0.000000
100.000000, 0.000000
100.000000, 0.000000
100.000000, 0.000000
100.000000, 0.000000
100.000000, 0.000000
100.000000, 0.000000
100.000000, 0.000000
100.000000, 0.000000
100.000000, 0.000000
100.000000, 0.000000
100.000000, 0.000000
100.000000, 0.000000
100.000000, 0.000000
100.000000, 0.000000
100.000000, 0.000000
100.000000, 0.000000
100.000000, 0.000000
100.000000, 0.000000
100.000000, 0.000000
100.000000, 0.000000
100.000000, 0.000000
100.000000, 0.000000
100.000000, 0.000000
100.000000, 0.000000
100.000000, 0.000000
100.000000, 0.000000
100.000000, 0.000000
100.000000, 0.000000
100.000000, 0.000000
100.000000, 0.000000
100.000000, 0.000000
100.000000, 0.000000
100.000000, 0.000000
100.000000, 0.000000
100.000000, 0.000000
100.000000, 0.000000
100.000000, 0.000000
100.000000, 0.000000
100.000000, 0.000000
100.000000, 0.000000
100.000000, 0.000000
100.000000, 0.000000
100.000000, 0.000000
100.000000, 0.000000
100.000000, 0.000000
100.000000, 0.000000
100.000000, 0.000000
100.000000, 0.000000
100.000000, 0.000000
100.000000, 0.000000
100.000000, 0.000000
100.000000, 0.000000
100.000000, 0.000000
100.000000, 0.000000
100.000000, 0.000000
100.000000, 0.000000
100.000000, 0.000000
100.000000, 0.000000
100.000000, 0.000000
100.000000, 0.000000
100.000000, 0.000000
100.000000, 0.000000
100.000000, 0.000000
100.000000, 0.000000
100.000000, 0.000000
100.000000, 0.000000
100.000000, 0.000000
100.000000, 0.000000
100.000000, 0.000000
100.000000, 0.000000
100.000000, 0.000000
100.000000, 0.000000
100.000000, 0.000000
100.000000, 0.000000
100.000000, 0.000000
100.000000, 0.000000
100.000000, 0.000000
100.000000, 0.000000
100.000000, 0.000000
100.000000, 0.000000
100.000000, 0.000000
100.000000, 0.000000
100.000000, 0.000000
100.000000, 0.000000
100.000000, 0.000000
100.000000, 0.000000
100.000000, 0.000000
100.000000, 0.000000
100.000000, 0.000000
100.000000, 0.000000
100.000000, 0.000000
100.000000, 0.000000
100.000000, 0.000000
100.000000, 0.000000
100.000000, 0.000000
100.000000, 0.000000
100.000000, 0.000000
100.000000, 0.000000
100.000000, 0.000000
100.000000, 0.000000
100.000000, 0.000000
100.000000, 0.000000
100.000000, 0.000000
100.000000, 0.000000
100.000000, 0.000000
100.000000, 0.000000
100.000000, 0.000000
100.000000, 0.000000
100.000000, 0.000000
100.000000, 0.000000
100.000000, 0.000000
100.000000, 0.000000
100.000000, 0.000000
100.000000, 0.000000
100.000000, 0.000000
100.000000, 0.000000
100.000000, 0.000000
100.000000, 0.000000
100.000000, 0.000000
100.000000, 0.000000
100.000000, 0.000000
100.000000, 0.000000
100.000000, 0.000000
100.000000, 0.000000
100.000000, 0.000000
100.000000, 0.000000
100.000000, 0.000000
100.000000, 0.000000
100.000000, 0.000000
100.000000, 0.000000
100.000000, 0.000000
100.000000, 0.000000
100.000000, 0.000000
100.000000, 0.000000
100.000000, 0.000000
100.000000, 0.000000
100.000000, 0.000000
100.000000, 0.000000
100.000000, 0.000000
100.000000, 0.000000
100.000000, 0.000000
100.000000, 0.000000
100.000000, 0.000000
100.000000, 0.000000
100.000000, 0.000000
100.000000, 0.000000
100.000000, 0.000000
100.000000, 0.000000
100.000000, 0.000000
100.000000, 0.000000
100.000000, 0.000000
100.000000, 0.000000
100.000000, 0.000000
100.000000, 0.000000
100.000000, 0.000000
100.000000, 0.000000
100.000000, 0.000000
100.000000, 0.000000
100.000000, 0.000000
100.000000, 0.000000
100.000000, 0.000000
100.000000, 0.000000
100.000000, 0.000000
100.000000, 0.000000
100.000000, 0.000000
100.000000, 0.000000
100.000000, 0.000000
100.000000, 0.000000
100.000000, 0.000000
100.000000, 0.000000
100.000000, 0.000000
100.000000, 0.000000
100.000000, 0.000000
100.000000, 0.000000
100.000000, 0.000000
100.000000, 0.000000
100.000000, 0.000000
100.000000, 0.000000
100.000000, 0.000000
100.000000, 0.000000
100.000000, 0.000000
100.000000, 0.000000
100.000000, 0.000000
100.000000, 0.000000
100.000000, 0.000000
100.000000, 0.000000
100.000000, 0.000000
100.000000, 0.000000
100.000000, 0.000000
100.000000, 0.000000
100.000000, 0.000000
100.000000, 0.000000
100.000000, 0.000000
100.000000, 0.000000
100.000000, 0.000000
100.000000, 0.000000
100.000000, 0.000000
100.000000, 0.000000
100.000000, 0.000000
100.000000, 0.000000
100.000000, 0.000000
100.000000, 0.000000
100.000000, 0.000000
100.000000, 0.000000
100.000000, 0.000000
100.000000, 0.000000
100.000000, 0.000000
100.000000, 0.000000
100.000000, 0.000000
100.000000, 0.000000
100.000000, 0.000000
100.000000, 0.000000
100.000000, 0.000000
100.000000, 0.000000
100.000000, 0.000000
100.000000, 0.000000
100.000000, 0.000000
100.000000, 0.000000
100.000000, 0.000000
100.000000, 0.000000
100.000000, 0.000000
100.000000, 0.000000
100.000000, 0.000000
100.000000, 0.000000
100.000000, 0.000000
100.000000, 0.000000
100.000000, 0.000000
100.000000, 0.000000
100.000000, 0.000000
100.000000, 0.000000
100.000000, 0.000000
100.000000, 0.000000
100.000000, 0.000000
100.000000, 0.000000
100.000000, 0.000000
100.000000, 0.000000
100.000000, 0.000000
100.000000, 0.000000
100.000000, 0.000000
100.000000, 0.000000
100.000000, 0.000000
100.000000, 0.000000
100.000000, 0.000000
100.000000, 0.000000
100.000000, 0.000000
100.000000, 0.000000
100.000000, 0.000000
100.000000, 0.000000
100.000000, 0.000000
100.000000, 0.000000
100.000000, 0.000000
100.000000, 0.000000
100.000000, 0.000000
100.000000, 0.000000
100.000000, 0.000000
100.000000, 0.000000
100.000000, 0.000000
100.000000, 0.000000
100.000000, 0.000000
100.000000, 0.000000
100.000000, 0.000000
100.000000, 0.000000
100.000000, 0.000000
100.000000, 0.000000
100.000000, 0.000000
100.000000, 0.000000
100.000000, 0.000000
100.000000, 0.000000
100.000000, 0.000000
100.000000, 0.000000
100.000000, 0.000000
100.000000, 0.000000
100.000000, 0.000000
100.000000, 0.000000
100.000000, 0.000000
100.000000, 0.000000
100.000000, 0.000000
100.000000, 0.000000
100.000000, 0.000000
100.000000, 0.000000
100.000000, 0.000000
100.000000, 0.000000
100.000000, 0.000000
100.000000, 0.000000
100.000000, 0.000000
100.000000, 0.000000
100.000000, 0.000000
100.000000, 0.000000
100.000000, 0.000000
100.000000, 0.000000
100.000000, 0.000000
100.000000, 0.000000
100.000000, 0.000000
100.000000, 0.000000
100.000000, 0.000000
100.000000, 0.000000
100.000000, 0.000000
100.000000, 0.000000
100.000000, 0.000000
100.000000, 0.000000
100.000000, 0.000000
100.000000, 0.000000
100.000000, 0.000000
100.000000, 0.000000
100.000000, 0.000000
100.000000, 0.000000
100.000000, 0.000000
100.000000, 0.000000
100.000000, 0.000000
100.000000, 0.000000
100.000000, 0.000000
100.000000, 0.000000
100.000000, 0.000000
100.000000, 0.000000
100.000000, 0.000000
100.000000, 0.000000
100.000000, 0.000000
100.000000, 0.000000
100.000000, 0.000000
100.000000, 0.000000
100.000000, 0.000000
100.000000, 0.000000
100.000000, 0.000000
100.000000, 0.000000
100.000000, 0.000000
100.000000, 0.000000
100.000000, 0.000000
100.000000, 0.000000
100.000000, 0.000000
100.000000, 0.000000
100.000000, 0.000000
100.000000, 0.000000
100.000000, 0.000000
100.000000, 0.000000
100.000000, 0.000000
100.000000, 0.000000
100.000000, 0.000000
100.000000, 0.000000
100.000000, 0.000000
100.000000, 0.000000
100.000000, 0.000000
100.000000, 0.000000
100.000000, 0.000000
100.000000, 0.000000
100.000000, 0.000000
100.000000, 0.000000
100.000000, 0.000000
100.000000, 0.000000
100.000000, 0.000000
100.000000, 0.000000
100.000000, 0.000000
100.000000, 0.000000
100.000000, 0.000000
100.000000, 0.000000
100.000000, 0.000000
100.000000, 0.000000
100.000000, 0.000000
100.000000, 0.000000
100.000000, 0.000000
100.000000, 0.000000
100.000000, 0.000000
100.000000, 0.000000
100.000000, 0.000000
100.000000, 0.000000
100.000000, 0.000000
100.000000, 0.000000
100.000000, 0.000000
100.000000, 0.000000
100.000000, 0.000000
100.000000, 0.000000
100.000000, 0.000000
100.000000, 0.000000
100.000000, 0.000000
100.000000, 0.000000
100.000000, 0.000000
100.000000, 0.000000
100.000000, 0.000000
100.000000, 0.000000
100.000000, 0.000000
100.000000, 0.000000
100.000000, 0.000000
100.000000, 0.000000
100.000000, 0.000000
100.000000, 0.000000
100.000000, 0.000000
100.000000, 0.000000
100.000000, 0.000000
100.000000, 0.000000
100.000000, 0.000000
100.000000, 0.000000
100.000000, 0.000000
100.000000, 0.000000
100.000000, 0.000000
100.000000, 0.000000
100.000000, 0.000000
100.000000, 0.000000
100.000000, 0.000000
100.000000, 0.000000
100.000000, 0.000000
100.000000, 0.000000
100.000000, 0.000000
100.000000, 0.000000
100.000000, 0.000000
100.000000, 0.000000
100.000000, 0.000000
100.000000, 0.000000
100.000000, 0.000000
100.000000, 0.000000
100.000000, 0.000000
100.000000, 0.000000
100.000000, 0.000000
100.000000, 0.000000
100.000000, 0.000000
100.000000, 0.000000
100.000000, 0.000000
100.000000, 0.000000
100.000000, 0.000000
100.000000, 0.000000
100.000000, 0.000000
100.000000, 0.000000
100.000000, 0.000000
100.000000, 0.000000
100.000000, 0.000000
100.000000, 0.000000
100.000000, 0.000000
100.000000, 0.000000
100.000000, 0.000000
100.000000, 0.000000
100.000000, 0.000000
100.000000, 0.000000
100.000000, 0.000000
100.000000, 0.000000
100.000000, 0.000000
100.000000, 0.000000
100.000000, 0.000000
100.000000, 0.000000
100.000000, 0.000000
100.000000, 0.000000
100.000000, 0.000000
100.000000, 0.000000
100.000000, 0.000000
100.000000, 0.000000
100.000000, 0.000000
100.000000, 0.000000
100.000000, 0.000000
100.000000, 0.000000
100.000000, 0.000000
100.000000, 0.000000
100.000000, 0.000000
100.000000, 0.000000
100.000000, 0.000000
100.000000, 0.000000
100.000000, 0.000000
100.000000, 0.000000
100.000000, 0.000000
100.000000, 0.000000
100.000000, 0.000000
100.000000, 0.000000
100.000000, 0.000000
100.000000, 0.000000
100.000000, 0.000000
100.000000, 0.000000
100.000000, 0.000000
100.000000, 0.000000
100.000000, 0.000000
100.000000, 0.000000
100.000000, 0.000000
100.000000, 0.000000
100.000000, 0.000000
100.000000, 0.000000
100.000000, 0.000000
100.000000, 0.000000
100.000000, 0.000000
100.000000, 0.000000
100.000000, 0.000000
100.000000, 0.000000
100.000000, 0.000000
100.000000, 0.000000
100.000000, 0.000000
100.000000, 0.000000
100.000000, 0.000000
100.000000, 0.000000
100.000000, 0.000000
100.000000, 0.000000
100.000000, 0.000000
100.000000, 0.000000
100.000000, 0.000000
100.000000, 0.000000
100.000000, 0.000000
100.000000, 0.000000
100.000000, 0.000000
100.000000, 0.000000
100.000000, 0.000000
100.000000, 0.000000
100.000000, 0.000000
100.000000, 0.000000
100.000000, 0.000000
100.000000, 0.000000
100.000000, 0.000000
100.000000, 0.000000
100.000000, 0.000000
100.000000, 0.000000
100.000000, 0.000000
100.000000, 0.000000
100.000000, 0.000000
100.000000, 0.000000
100.000000, 0.000000
100.000000, 0.000000
100.000000, 0.000000
100.000000, 0.000000
100.000000, 0.000000
100.000000, 0.000000
100.000000, 0.000000
100.000000, 0.000000
100.000000, 0.000000
100.000000, 0.000000
100.000000, 0.000000
100.000000, 0.000000
100.000000, 0.000000
100.000000, 0.000000
100.000000, 0.000000
100.000000, 0.000000
100.000000, 0.000000
100.000000, 0.000000
100.000000, 0.000000
100.000000, 0.000000
100.000000, 0.000000
100.000000, 0.000000
100.000000, 0.000000
100.000000, 0.000000
100.000000, 0.000000
100.000000, 0.000000
100.000000, 0.000000
100.000000, 0.000000
100.000000, 0.000000
100.000000, 0.000000
100.000000, 0.000000
100.000000, 0.000000
100.000000, 0.000000
100.000000, 0.000000
100.000000, 0.000000
100.000000, 0.000000
100.000000, 0.000000
100.000000, 0.000000
100.000000, 0.000000
100.000000, 0.000000
100.000000, 0.000000
100.000000, 0.000000
100.000000, 0.000000
100.000000, 0.000000
100.000000, 0.000000
100.000000, 0.000000
100.000000, 0.000000
100.000000, 0.000000
100.000000, 0.000000
100.000000, 0.000000
100.000000, 0.000000
100.000000, 0.000000
100.000000, 0.000000
100.000000, 0.000000
100.000000, 0.000000
100.000000, 0.000000
100.000000, 0.000000
100.000000, 0.000000
100.000000, 0.000000
100.000000, 0.000000
100.000000, 0.000000
100.000000, 0.000000
100.000000, 0.000000
100.000000, 0.000000
100.000000, 0.000000
100.000000, 0.000000
100.000000, 0.000000
100.000000, 0.000000
100.000000, 0.000000
100.000000, 0.000000
100.000000, 0.000000
100.000000, 0.000000
100.000000, 0.000000
100.000000, 0.000000
100.000000, 0.000000
100.000000, 0.000000
100.000000, 0.000000
100.000000, 0.000000
100.000000, 0.000000
100.000000, 0.000000
100.000000, 0.000000
100.000000, 0.000000
100.000000, 0.000000
100.000000, 0.000000
100.000000, 0.000000
100.000000, 0.000000
100.000000, 0.000000
100.000000, 0.000000
100.000000, 0.000000
100.000000, 0.000000
100.000000, 0.000000
100.000000, 0.000000
100.000000, 0.000000
100.000000, 0.000000
100.000000, 0.000000
100.000000, 0.000000
100.000000, 0.000000
100.000000, 0.000000
100.000000, 0.000000
100.000000, 0.000000
100.000000, 0.000000
100.000000, 0.000000
100.000000, 0.000000
100.000000, 0.000000
100.000000, 0.000000
100.000000, 0.000000
100.000000, 0.000000
100.000000, 0.000000
100.000000, 0.000000
100.000000, 0.000000
100.000000, 0.000000
100.000000, 0.000000
100.000000, 0.000000
100.000000, 0.000000
100.000000, 0.000000
100.000000, 0.000000
100.000000, 0.000000
100.000000, 0.000000
100.000000, 0.000000
100.000000, 0.000000
100.000000, 0.000000
100.000000, 0.000000
100.000000, 0.000000
100.000000, 0.000000
100.000000, 0.000000
100.000000, 0.000000
100.000000, 0.000000
100.000000, 0.000000
100.000000, 0.000000
100.000000, 0.000000
100.000000, 0.000000
100.000000, 0.000000
100.000000, 0.000000
100.000000, 0.000000
100.000000, 0.000000
100.000000, 0.000000
100.000000, 0.000000
100.000000, 0.000000
100.000000, 0.000000
100.000000, 0.000000
100.000000, 0.000000
100.000000, 0.000000
100.000000, 0.000000
100.000000, 0.000000
100.000000, 0.000000
100.000000, 0.000000
100.000000, 0.000000
100.000000, 0.000000
100.000000, 0.000000
100.000000, 0.000000
100.000000, 0.000000
100.000000, 0.000000
100.000000, 0.000000
100.000000, 0.000000
100.000000, 0.000000
100.000000, 0.000000
100.000000, 0.000000
100.000000, 0.000000
100.000000, 0.000000
100.000000, 0.000000
100.000000, 0.000000
100.000000, 0.000000
100.000000, 0.000000
100.000000, 0.000000
100.000000, 0.000000
100.000000, 0.000000
100.000000, 0.000000
100.000000, 0.000000
100.000000, 0.000000
100.000000, 0.000000
100.000000, 0.000000
100.000000, 0.000000
100.000000, 0.000000
100.000000, 0.000000
##END=
