##TITLE=
##JCAMP-DX=
##DATA TYPE= Shape Data
##ORIGIN=
##OWNER=
##DATE=
##TIME=
##$SHAPE_PARAMETER=
##MINX=0.0
##MAXX=100.0
##MINY=0.0
##MAXY=360.0
##$SHAPE_EXMODE= None
##$SHAPE_TOTROT= 90.00000000
##$SHAPE_TYPE= None
##$SHAPE_USER_DEF= 
##$SHAPE_REPHFAC= 
##$SHAPE_BWFAC= 0.00000000
##$SHAPE_BWFAC50= 
##$SHAPE_INTEGFAC= 0.00000000
##$SHAPE_MODE= 1
##NPOINTS= 625
##XYPOINTS=
9.9999999999999915e+01, 1.4292180951202462e+02 
9.9999999999999957e+01, 1.7195952440715388e+02 
9.9999999999999901e+01, 2.0988871074066202e+02 
9.9999999999999915e+01, 2.3968014646830622e+02 
9.9999999999999901e+01, 2.5514947269965268e+02 
9.9999999999999901e+01, 2.6439030320071760e+02 
9.9999999999999915e+01, 2.7493785527662106e+02 
9.9999999999999957e+01, 2.9589444699829539e+02 
9.9999999999999972e+01, 3.2803430938006443e+02 
9.9999999999999957e+01, 3.4608901107917029e+02 
9.9999999999999901e+01, 1.6292580043492904e+01 
9.9999999999999957e+01, 2.3572913678347675e+01 
9.9999999999999972e+01, 2.7428726970192201e+01 
9.9999999999999943e+01, 3.2431151145842239e+02 
9.9999999999999915e+01, 1.3222719147889470e+02 
9.9999999999999929e+01, 3.0920916564289269e+02 
9.9999999999999901e+01, 6.1768892873432094e+01 
9.9999999999999957e+01, 5.5988193943885861e+01 
9.9999999999999915e+01, 4.3013213872878936e+01 
9.9999999999999929e+01, 4.1890254874192152e+01 
9.9999999999999929e+01, 4.4036594772993709e+01 
9.9999999999999943e+01, 4.7903464313654496e+01 
9.9999999999999929e+01, 5.2932841020706462e+01 
9.9999999999999972e+01, 5.9306527545595813e+01 
9.9999999999999957e+01, 6.6920576711913270e+01 
9.9999999999999943e+01, 7.7373072411988588e+01 
9.9999999999999957e+01, 8.9460885083388106e+01 
9.9999999999999957e+01, 1.4348065658810953e+02 
9.9999999999999972e+01, 1.7151051063044420e+02 
9.9999999999999915e+01, 2.2921281029028933e+02 
9.9999999999999972e+01, 2.6520599962781944e+02 
9.9999999999999901e+01, 2.9103984542859428e+02 
9.9999999999999915e+01, 3.0361859149578379e+02 
9.9999999999999957e+01, 3.1307401204052110e+02 
9.9999999999999915e+01, 3.2135833447907805e+02 
9.9999999999999929e+01, 3.2989067369645329e+02 
9.9999999999999886e+01, 3.3288583609212321e+02 
9.9999999999999901e+01, 1.5519664574627529e+02 
9.9999999999999929e+01, 2.5065507310951500e+02 
9.9999999999999915e+01, 2.4246050946583364e+02 
9.9999999999999929e+01, 2.1861193387539464e+02 
9.9999999999999929e+01, 1.8263789952755832e+02 
9.9999999999999957e+01, 1.6140361910446754e+02 
9.9999999999999901e+01, 1.1186914610172431e+02 
9.9999999999999957e+01, 3.1639821816906397e+02 
9.9999999999999943e+01, 2.6735975307572579e+02 
9.9999999999999929e+01, 3.2361375417140380e+02 
9.9999999999999929e+01, 2.5614580298245005e+02 
9.9999999999999915e+01, 2.6462573311549409e+02 
9.9999999999999957e+01, 2.7501380155284306e+02 
9.9999999999999972e+01, 2.8026937712739362e+02 
9.9999999999999929e+01, 2.8257662326793479e+02 
9.9999999999999957e+01, 2.8406079743820624e+02 
9.9999999999999957e+01, 2.8409823887821653e+02 
9.9999999999999901e+01, 2.8604955184885489e+02 
9.9999999999999957e+01, 2.8564464227426095e+02 
9.9999999999999986e+01, 2.8621318553434492e+02 
9.9999999999999957e+01, 2.8640403124309080e+02 
9.9999999999999915e+01, 2.8641287171923290e+02 
9.9999999999999901e+01, 2.8620585836736365e+02 
9.9999999999999929e+01, 2.8579038855882510e+02 
9.9999999999999943e+01, 2.8518062914286685e+02 
9.9999999999999929e+01, 2.8436219338504657e+02 
9.9999999999999943e+01, 2.8302426051225638e+02 
9.9999999999999901e+01, 2.6755342652545039e+02 
9.9999999999999915e+01, 1.6058151507085768e+02 
9.9999999999999915e+01, 1.3419207634406050e+02 
9.9999999999999901e+01, 1.2269601225614613e+02 
9.9999999999999986e+01, 1.0609605503041487e+02 
9.9999999999999943e+01, 1.2987558434824325e+02 
9.9999999999999957e+01, 9.7197470514180495e+01 
9.9999999999999915e+01, 9.1690624384882440e+01 
9.9999999999999915e+01, 9.4622453519413767e+01 
9.9999999999999915e+01, 9.8309990032966269e+01 
9.9999999999999929e+01, 9.8561820223737840e+01 
9.9999999999999915e+01, 9.8780185855569130e+01 
9.9999999999999957e+01, 9.8135714164196344e+01 
9.9999999999999957e+01, 9.7234107852482396e+01 
9.9999999999999972e+01, 9.7230278284904671e+01 
9.9999999999999972e+01, 1.0460415289782974e+02 
9.9999999999999957e+01, 9.3668590565997960e+01 
9.9999999999999929e+01, 1.2956192641574216e+02 
9.9999999999999915e+01, 2.7492181281722731e+02 
9.9999999999999915e+01, 2.3578791792054136e+02 
9.9999999999999901e+01, 2.5078868307121829e+02 
9.9999999999999901e+01, 2.6802279673135189e+02 
9.9999999999999972e+01, 2.8345118533088964e+02 
9.9999999999999901e+01, 2.9766782080918080e+02 
9.9999999999999972e+01, 3.0831471517962927e+02 
9.9999999999999915e+01, 3.1457575664982573e+02 
9.9999999999999915e+01, 3.1771508027303310e+02 
9.9999999999999915e+01, 3.2130723332738944e+02 
9.9999999999999957e+01, 2.5479548474629291e+02 
9.9999999999999915e+01, 2.7404998753737146e+02 
9.9999999999999929e+01, 1.0940358084981327e+02 
9.9999999999999929e+01, 2.6072437331574076e+02 
9.9999999999999915e+01, 1.0089001987841645e+02 
9.9999999999999929e+01, 3.0425254081908560e+02 
9.9999999999999901e+01, 3.2941000274860949e+02 
9.9999999999999957e+01, 3.5563606649907268e+02 
9.9999999999999957e+01, 2.1913655214598037e+01 
9.9999999999999929e+01, 4.5461631324364561e+01 
9.9999999999999929e+01, 6.4095237490005445e+01 
9.9999999999999929e+01, 9.0396857557430778e+01 
9.9999999999999872e+01, 1.1109236422686135e+02 
9.9999999999999872e+01, 1.2570779475357460e+02 
9.9999999999999915e+01, 1.4205439627865746e+02 
9.9999999999999943e+01, 1.5815656147468522e+02 
9.9999999999999943e+01, 1.7211302505151764e+02 
9.9999999999999915e+01, 1.8223045096643466e+02 
9.9999999999999943e+01, 1.8777178331665183e+02 
9.9999999999999915e+01, 1.8913365962654319e+02 
9.9999999999999929e+01, 1.8750000906748159e+02 
9.9999999999999886e+01, 1.8418620548062677e+02 
9.9999999999999901e+01, 1.8019362586958513e+02 
9.9999999999999929e+01, 1.7611223261276621e+02 
9.9999999999999957e+01, 1.7221596690182460e+02 
9.9999999999999901e+01, 1.6859944446665850e+02 
9.9999999999999901e+01, 1.6527408291886098e+02 
9.9999999999999943e+01, 1.6221755533964998e+02 
9.9999999999999929e+01, 1.5939400004585121e+02 
9.9999999999999957e+01, 1.5675934559675071e+02 
9.9999999999999972e+01, 1.5425725453818819e+02 
9.9999999999999915e+01, 1.5180609593473022e+02 
9.9999999999999929e+01, 1.4931422158089504e+02 
9.9999999999999972e+01, 1.4628014547895333e+02 
9.9999999999999943e+01, 1.4209763657984180e+02 
9.9999999999999972e+01, 1.3632344361010155e+02 
9.9999999999999929e+01, 1.3493144678061111e+02 
9.9999999999999929e+01, 1.5415378368268284e+02 
9.9999999999999915e+01, 2.4676014107579988e+02 
9.9999999999999901e+01, 2.8271208331218975e+02 
9.9999999999999957e+01, 2.8359206101410643e+02 
9.9999999999999943e+01, 2.7517738502211336e+02 
9.9999999999999915e+01, 2.6746140833306879e+02 
9.9999999999999943e+01, 2.4870590820083771e+02 
9.9999999999999957e+01, 2.3503062070221421e+02 
9.9999999999999929e+01, 2.1994934450454679e+02 
9.9999999999999972e+01, 2.0355856865310986e+02 
9.9999999999999915e+01, 1.8743562883255365e+02 
9.9999999999999901e+01, 1.7347537311277139e+02 
9.9999999999999943e+01, 1.6189322999421103e+02 
9.9999999999999957e+01, 1.5285681566505750e+02 
9.9999999999999957e+01, 1.4629844611105904e+02 
9.9999999999999957e+01, 1.4197559786743045e+02 
9.9999999999999972e+01, 1.3959126238106782e+02 
9.9999999999999929e+01, 1.3877887619666558e+02 
9.9999999999999957e+01, 1.3908326630112265e+02 
9.9999999999999929e+01, 1.4092384915588644e+02 
9.9999999999999972e+01, 1.4335027482211390e+02 
9.9999999999999901e+01, 1.4625893706121775e+02 
9.9999999999999972e+01, 1.4951723516804483e+02 
9.9999999999999901e+01, 1.5229446903690888e+02 
9.9999999999999929e+01, 1.5429318952682419e+02 
9.9999999999999915e+01, 1.5443513916418686e+02 
9.9999999999999957e+01, 1.5041967813721973e+02 
9.9999999999999929e+01, 1.3631257264910690e+02 
9.9999999999999886e+01, 1.0732959612783513e+02 
9.9999999999999929e+01, 7.8331235600907476e+01 
9.9999999999999901e+01, 5.2433908083768330e+01 
9.9999999999999957e+01, 4.0367159248933433e+01 
9.9999999999999901e+01, 3.3584360700124250e+01 
9.9999999999999929e+01, 3.1353673534670634e+01 
9.9999999999999915e+01, 3.2922722077414164e+01 
9.9999999999999972e+01, 3.8245490893610992e+01 
9.9999999999999957e+01, 4.8175067306393629e+01 
9.9999999999999915e+01, 6.4780130595277356e+01 
9.9999999999999929e+01, 9.0894285318077721e+01 
9.9999999999999957e+01, 1.2528896715236351e+02 
9.9999999999999901e+01, 1.5833499729610597e+02 
9.9999999999999972e+01, 1.8084457327118747e+02 
9.9999999999999929e+01, 1.9511228381982497e+02 
9.9999999999999915e+01, 2.0493019099911487e+02 
9.9999999999999929e+01, 2.1194906921751104e+02 
9.9999999999999972e+01, 2.1717699346832478e+02 
9.9999999999999915e+01, 2.2121353752245864e+02 
9.9999999999999957e+01, 2.2444761060229553e+02 
9.9999999999999915e+01, 2.2715590843321783e+02 
9.9999999999999929e+01, 2.2922976003566197e+02 
9.9999999999999886e+01, 2.3062249147017548e+02 
9.9999999999999929e+01, 2.3336233305231184e+02 
9.9999999999999957e+01, 2.4080031260870538e+02 
9.9999999999999929e+01, 2.5536203290777371e+02 
9.9999999999999915e+01, 2.7461422392288097e+02 
9.9999999999999957e+01, 2.8926370232305419e+02 
9.9999999999999957e+01, 2.9679229556942556e+02 
9.9999999999999929e+01, 3.0017154773083905e+02 
9.9999999999999915e+01, 3.0174088467018464e+02 
9.9999999999999915e+01, 3.0254368507564021e+02 
9.9999999999999957e+01, 3.0290894678645486e+02 
9.9999999999999957e+01, 3.0298156588053456e+02 
9.9999999999999943e+01, 3.0276387544640568e+02 
9.9999999999999929e+01, 3.0222408017038913e+02 
9.9999999999999972e+01, 3.0129408985854695e+02 
9.9999999999999957e+01, 2.9987651562992448e+02 
9.9999999999999915e+01, 2.9783370996909503e+02 
9.9999999999999886e+01, 2.9497773991827978e+02 
9.9999999999999886e+01, 2.9105072635051806e+02 
9.9999999999999929e+01, 2.8569404875050384e+02 
9.9999999999999972e+01, 2.7841099834305436e+02 
9.9999999999999929e+01, 2.6862070520373464e+02 
9.9999999999999929e+01, 2.5677584235270132e+02 
9.9999999999999929e+01, 2.3856937934313731e+02 
9.9999999999999929e+01, 2.1947100259692274e+02 
9.9999999999999929e+01, 2.0789002554421552e+02 
9.9999999999999901e+01, 2.0197583899452815e+02 
9.9999999999999929e+01, 2.1227760799400701e+02 
9.9999999999999929e+01, 2.8503407417662311e+02 
9.9999999999999929e+01, 3.5988104260896409e+02 
9.9999999999999901e+01, 2.4796136966852401e+01 
9.9999999999999929e+01, 3.6117342744419261e+01 
9.9999999999999957e+01, 3.8510881886671513e+01 
9.9999999999999929e+01, 4.6073656234474470e+01 
9.9999999999999929e+01, 5.5210379926693363e+01 
9.9999999999999929e+01, 6.2644117565694017e+01 
9.9999999999999915e+01, 7.3308179036707401e+01 
9.9999999999999915e+01, 9.2282307562484860e+01 
9.9999999999999915e+01, 1.2413057438752929e+02 
9.9999999999999957e+01, 1.5155935250775531e+02 
9.9999999999999957e+01, 1.7089782606539873e+02 
9.9999999999999943e+01, 1.8179161103773257e+02 
9.9999999999999943e+01, 1.8705400257598424e+02 
9.9999999999999929e+01, 1.8355084662864601e+02 
9.9999999999999957e+01, 1.7759259493660315e+02 
9.9999999999999915e+01, 1.3402210803532822e+02 
9.9999999999999901e+01, 1.0845833429044711e+02 
9.9999999999999915e+01, 2.6090463043173224e+02 
9.9999999999999915e+01, 6.7354764627512822e+01 
9.9999999999999943e+01, 3.4584507850961609e+02 
9.9999999999999957e+01, 4.2993884687152217e-01 
9.9999999999999943e+01, 3.5285531352674553e+02 
9.9999999999999957e+01, 3.4252472452419761e+02 
9.9999999999999929e+01, 3.2222883943954332e+02 
9.9999999999999957e+01, 3.3083884516812293e+02 
9.9999999999999929e+01, 1.6224666889617055e+01 
9.9999999999999957e+01, 3.2642784871414301e+02 
9.9999999999999929e+01, 3.1047677449340802e+02 
9.9999999999999957e+01, 3.0137245619552783e+02 
9.9999999999999929e+01, 2.9712946245641581e+02 
9.9999999999999972e+01, 2.9521850918534602e+02 
9.9999999999999915e+01, 3.0128018083478185e+02 
9.9999999999999929e+01, 3.3360313002091755e+02 
9.9999999999999915e+01, 1.3851919552886369e+02 
9.9999999999999929e+01, 1.7753461559291338e+02 
9.9999999999999929e+01, 1.7416364358090317e+02 
9.9999999999999886e+01, 9.9710114690769885e+01 
9.9999999999999957e+01, 1.0577461813148577e+02 
9.9999999999999929e+01, 5.2388632577955349e+01 
9.9999999999999929e+01, 1.1526856838862695e+02 
9.9999999999999972e+01, 1.1892181030978969e+02 
9.9999999999999929e+01, 1.2336609581127885e+02 
9.9999999999999929e+01, 1.2782405790608064e+02 
9.9999999999999929e+01, 1.3154449859735178e+02 
9.9999999999999915e+01, 1.3501030381633973e+02 
9.9999999999999943e+01, 1.3795687055081234e+02 
9.9999999999999915e+01, 1.4062601984041095e+02 
9.9999999999999943e+01, 1.4367677292146075e+02 
9.9999999999999972e+01, 1.9903077589705515e+02 
9.9999999999999957e+01, 1.5231714123283604e+02 
9.9999999999999915e+01, 1.5687988366081296e+02 
9.9999999999999929e+01, 1.7417521240880802e+02 
9.9999999999999972e+01, 2.0204194035139696e+02 
9.9999999999999915e+01, 2.8493094994168791e+02 
9.9999999999999901e+01, 3.5913175121627535e+02 
9.9999999999999901e+01, 4.6292162774025883e+01 
9.9999999999999957e+01, 9.8801902319746077e+01 
9.9999999999999915e+01, 1.4338502979825043e+02 
9.9999999999999957e+01, 1.7118494813289573e+02 
9.9999999999999915e+01, 1.8373631420912741e+02 
9.9999999999999929e+01, 1.8266014000346780e+02 
9.9999999999999957e+01, 1.7233828521558968e+02 
9.9999999999999957e+01, 1.6022814933630153e+02 
9.9999999999999929e+01, 1.5158136484254968e+02 
9.9999999999999915e+01, 1.4389798856734643e+02 
9.9999999999999915e+01, 1.3336205348164384e+02 
9.9999999999999929e+01, 1.3612683054670555e+02 
9.9999999999999929e+01, 1.3537689382687262e+02 
9.9999999999999915e+01, 1.0627113429385740e+02 
9.9999999999999972e+01, 3.0881011884718106e+01 
9.9999999999999915e+01, 1.2858061318567775e+02 
9.9999999999999972e+01, 2.8088783596744980e+02 
9.9999999999999972e+01, 2.9171858130546076e+02 
9.9999999999999957e+01, 2.8225445357273378e+02 
9.9999999999999929e+01, 2.7560619934679539e+02 
9.9999999999999915e+01, 2.7223772870606706e+02 
9.9999999999999957e+01, 2.7047114691370314e+02 
9.9999999999999901e+01, 2.6966981874812882e+02 
9.9999999999999957e+01, 2.6938283355765623e+02 
9.9999999999999957e+01, 2.6936170619017048e+02 
9.9999999999999886e+01, 2.6947117305775441e+02 
9.9999999999999929e+01, 2.6964375715631525e+02 
9.9999999999999972e+01, 2.6985554052644034e+02 
9.9999999999999929e+01, 2.7010878045947061e+02 
9.9999999999999972e+01, 2.7040961435517681e+02 
9.9999999999999915e+01, 2.7071048305542797e+02 
9.9999999999999972e+01, 2.7068697945304643e+02 
9.9999999999999929e+01, 2.6876722887113664e+02 
9.9999999999999915e+01, 2.5790083515956860e+02 
9.9999999999999943e+01, 2.2057847705243250e+02 
9.9999999999999957e+01, 1.7545548086008927e+02 
9.9999999999999972e+01, 1.5742901339219793e+02 
9.9999999999999915e+01, 1.5372499956121851e+02 
9.9999999999999886e+01, 1.5530383558385151e+02 
9.9999999999999957e+01, 1.5894569434233898e+02 
9.9999999999999929e+01, 1.6359061454333394e+02 
9.9999999999999972e+01, 1.6882614754905350e+02 
9.9999999999999929e+01, 1.7440920042808818e+02 
9.9999999999999929e+01, 1.8010209665646366e+02 
9.9999999999999943e+01, 1.8557397879329324e+02 
9.9999999999999943e+01, 1.9071147282735754e+02 
9.9999999999999915e+01, 1.9534060387635574e+02 
9.9999999999999929e+01, 1.9922458890498135e+02 
9.9999999999999943e+01, 2.0227502812660560e+02 
9.9999999999999915e+01, 2.0436109997096258e+02 
9.9999999999999886e+01, 2.0526516024712004e+02 
9.9999999999999929e+01, 2.0470591245009851e+02 
9.9999999999999929e+01, 2.0255207898565769e+02 
9.9999999999999915e+01, 1.9845363960612474e+02 
9.9999999999999915e+01, 1.9392534133203043e+02 
1.0000000000000000e+02, 1.9157001223288759e+02 
9.9999999999999929e+01, 1.9659955771047882e+02 
9.9999999999999972e+01, 2.1206027998965095e+02 
9.9999999999999915e+01, 2.4017564100699533e+02 
9.9999999999999929e+01, 2.7410521277718630e+02 
9.9999999999999957e+01, 3.0121295526692955e+02 
9.9999999999999915e+01, 1.4137297551288236e+02 
9.9999999999999972e+01, 2.6428480893605376e+02 
9.9999999999999915e+01, 2.8257732449681964e+02 
9.9999999999999929e+01, 2.9756185352859870e+02 
9.9999999999999957e+01, 3.0922383413682763e+02 
9.9999999999999957e+01, 3.1750749561052407e+02 
9.9999999999999957e+01, 3.2293699254222167e+02 
9.9999999999999929e+01, 3.2671304115806856e+02 
9.9999999999999929e+01, 3.2924253515853923e+02 
9.9999999999999915e+01, 3.3307346153674814e+02 
9.9999999999999972e+01, 3.3837369890249624e+02 
9.9999999999999901e+01, 3.4633635959709636e+02 
9.9999999999999886e+01, 7.8325001238832215e-01 
9.9999999999999901e+01, 9.5995926170563166e+00 
9.9999999999999929e+01, 3.3891174986134075e+01 
9.9999999999999972e+01, 7.4926957533451557e+01 
9.9999999999999986e+01, 2.1112547718975094e+01 
9.9999999999999957e+01, 1.0450353968294138e+02 
9.9999999999999886e+01, 1.2696916541848216e+02 
9.9999999999999901e+01, 1.4485919618734204e+02 
9.9999999999999929e+01, 1.5884720109672912e+02 
9.9999999999999972e+01, 1.6327186400970487e+02 
9.9999999999999972e+01, 1.7415132726692906e+02 
9.9999999999999915e+01, 2.1021396841989997e+02 
9.9999999999999929e+01, 2.2944686640736052e+00 
9.9999999999999929e+01, 4.6549234414357386e+01 
9.9999999999999886e+01, 4.3775535378241585e+01 
9.9999999999999915e+01, 5.7529631863121352e+01 
9.9999999999999901e+01, 2.9153478311195090e+02 
9.9999999999999929e+01, 3.1958398258076033e+02 
9.9999999999999943e+01, 3.2802148503698021e+02 
9.9999999999999957e+01, 3.2544953655269308e+02 
9.9999999999999972e+01, 3.1378949172796763e+02 
9.9999999999999929e+01, 3.0698177234928562e+02 
9.9999999999999957e+01, 2.8745774491639986e+02 
9.9999999999999957e+01, 2.4855587981540197e+02 
9.9999999999999943e+01, 2.8736691712070575e+02 
9.9999999999999929e+01, 2.9014532637014304e+02 
9.9999999999999957e+01, 2.4310305684756219e+02 
9.9999999999999886e+01, 2.7265268970171689e+02 
9.9999999999999972e+01, 2.4824389034291849e+02 
9.9999999999999915e+01, 2.4040847446582805e+02 
9.9999999999999943e+01, 2.3866966049645549e+02 
9.9999999999999872e+01, 2.4408426761985572e+02 
9.9999999999999915e+01, 2.5201631482904918e+02 
9.9999999999999915e+01, 2.6938579998906022e+02 
9.9999999999999957e+01, 2.8352378885223027e+02 
9.9999999999999915e+01, 2.9254584590683442e+02 
9.9999999999999886e+01, 2.9444134169922006e+02 
9.9999999999999901e+01, 2.7211988139183671e+02 
9.9999999999999929e+01, 3.2379771405244230e+02 
9.9999999999999929e+01, 2.0975650929132010e+02 
9.9999999999999929e+01, 2.0745462691373373e+02 
9.9999999999999986e+01, 1.9674808045483186e+02 
9.9999999999999929e+01, 1.8811140198503429e+02 
9.9999999999999901e+01, 1.8194279656566906e+02 
9.9999999999999929e+01, 1.7658749927725938e+02 
9.9999999999999901e+01, 1.7298555129699429e+02 
9.9999999999999901e+01, 1.3171632403550382e+02 
9.9999999999999929e+01, 9.0770101155643701e+01 
9.9999999999999915e+01, 8.8380843235875730e+01 
9.9999999999999943e+01, 8.1259071294713976e+01 
9.9999999999999901e+01, 7.4134688228434698e+01 
9.9999999999999929e+01, 6.7740027578676475e+01 
9.9999999999999943e+01, 6.2317937393451160e+01 
9.9999999999999972e+01, 5.8041690707449476e+01 
9.9999999999999915e+01, 5.5084465787265188e+01 
9.9999999999999943e+01, 5.3632146408803095e+01 
9.9999999999999972e+01, 5.3904141869095568e+01 
9.9999999999999929e+01, 5.6194984123878243e+01 
9.9999999999999915e+01, 6.0942851142303297e+01 
9.9999999999999972e+01, 6.8867536929646676e+01 
9.9999999999999915e+01, 9.4202924838400847e+01 
9.9999999999999886e+01, 9.7125784682688234e+01 
9.9999999999999886e+01, 1.1884869115717282e+02 
9.9999999999999929e+01, 1.4323017182517418e+02 
9.9999999999999986e+01, 1.6307771789966012e+02 
9.9999999999999929e+01, 1.7586379932448932e+02 
9.9999999999999929e+01, 1.8371970041829189e+02 
9.9999999999999943e+01, 1.8865012925487363e+02 
9.9999999999999915e+01, 1.9172552853235004e+02 
9.9999999999999929e+01, 1.9352186206009250e+02 
9.9999999999999872e+01, 1.9439221967284664e+02 
9.9999999999999929e+01, 1.9458136302681396e+02 
9.9999999999999915e+01, 1.9427477503666958e+02 
9.9999999999999929e+01, 1.9362056547440031e+02 
9.9999999999999929e+01, 1.9273840323226364e+02 
9.9999999999999915e+01, 1.9172084358664205e+02 
9.9999999999999915e+01, 1.9062817891795183e+02 
9.9999999999999901e+01, 1.8947474684015378e+02 
9.9999999999999943e+01, 1.8821009120895422e+02 
9.9999999999999943e+01, 1.8679530373096276e+02 
9.9999999999999886e+01, 1.8590514591664294e+02 
9.9999999999999901e+01, 1.3448097250148180e+02 
9.9999999999999915e+01, 7.4425518494749355e+01 
9.9999999999999957e+01, 6.7808024163525076e+01 
9.9999999999999915e+01, 6.6711271639826506e+01 
9.9999999999999915e+01, 6.9874446060056982e+01 
9.9999999999999929e+01, 7.6552735309118717e+01 
9.9999999999999915e+01, 8.7861586033568102e+01 
9.9999999999999972e+01, 1.0500117083545082e+02 
9.9999999999999929e+01, 1.3756972802032254e+02 
9.9999999999999929e+01, 1.5268260909677218e+02 
9.9999999999999929e+01, 1.6582648035059844e+02 
9.9999999999999915e+01, 1.7823645987795641e+02 
9.9999999999999972e+01, 1.8242256206781721e+02 
9.9999999999999929e+01, 1.8458079061819495e+02 
9.9999999999999972e+01, 1.8550650807872049e+02 
9.9999999999999929e+01, 1.8572112229399715e+02 
9.9999999999999915e+01, 1.8552491446579762e+02 
9.9999999999999929e+01, 1.8504467639369400e+02 
9.9999999999999957e+01, 1.8416600820695010e+02 
9.9999999999999901e+01, 1.8229916919544613e+02 
9.9999999999999915e+01, 1.7793660098923024e+02 
9.9999999999999929e+01, 1.6836098932731454e+02 
9.9999999999999901e+01, 1.5108181460510073e+02 
9.9999999999999972e+01, 1.2836814198913058e+02 
9.9999999999999901e+01, 1.0768709247040218e+02 
9.9999999999999957e+01, 9.4070213872693657e+01 
9.9999999999999972e+01, 8.7935020396040571e+01 
9.9999999999999957e+01, 8.7093665624159712e+01 
9.9999999999999929e+01, 9.0645474605300919e+01 
9.9999999999999915e+01, 9.8002999639387795e+01 
9.9999999999999886e+01, 1.0682653918852986e+02 
9.9999999999999901e+01, 1.1676176206721618e+02 
9.9999999999999915e+01, 1.2409281015863263e+02 
9.9999999999999929e+01, 1.1972847260236749e+02 
9.9999999999999972e+01, 8.9599238130718931e+01 
9.9999999999999943e+01, 1.0947995643401356e+01 
9.9999999999999972e+01, 3.2900147520618577e+02 
9.9999999999999929e+01, 3.3155105763082713e+02 
9.9999999999999901e+01, 3.5408391657876081e+02 
9.9999999999999972e+01, 2.0610646322748693e+01 
9.9999999999999957e+01, 3.1322999037336876e+02 
9.9999999999999929e+01, 6.0757880549102012e+01 
9.9999999999999901e+01, 4.9067307469795566e+01 
9.9999999999999929e+01, 9.7263675803625503e+01 
9.9999999999999929e+01, 1.1071278874886279e+02 
9.9999999999999943e+01, 1.2007827385669151e+02 
9.9999999999999972e+01, 1.2383464209745850e+02 
9.9999999999999929e+01, 1.2980855764249088e+02 
9.9999999999999957e+01, 1.3513737539357103e+02 
9.9999999999999943e+01, 1.3322343029460458e+02 
9.9999999999999972e+01, 1.2692423844189329e+02 
9.9999999999999929e+01, 1.3202577302631846e+02 
9.9999999999999872e+01, 1.2588104413081803e+02 
9.9999999999999972e+01, 1.2903265415982645e+02 
9.9999999999999972e+01, 7.6022074314768616e+01 
9.9999999999999943e+01, 1.6978028205931776e+02 
9.9999999999999915e+01, 2.1419725679260642e+02 
9.9999999999999929e+01, 2.4786583494385582e+02 
9.9999999999999929e+01, 3.1373943939871731e+02 
9.9999999999999957e+01, 3.2992336451686032e+02 
9.9999999999999929e+01, 3.2726771285709384e+02 
9.9999999999999929e+01, 3.4361016969593550e+02 
9.9999999999999957e+01, 3.0561166899315651e+02 
9.9999999999999957e+01, 2.5544959861900659e+02 
9.9999999999999972e+01, 3.2446922801540330e+02 
9.9999999999999915e+01, 2.8369022766417470e+02 
9.9999999999999929e+01, 2.7726710937770372e+02 
9.9999999999999929e+01, 2.1625567533707090e+02 
9.9999999999999901e+01, 1.2183515217372099e+02 
9.9999999999999929e+01, 5.4366044102635058e+01 
9.9999999999999929e+01, 1.6797182644750922e+02 
9.9999999999999929e+01, 2.3838010188829247e+02 
9.9999999999999915e+01, 2.0463228335745552e+02 
9.9999999999999972e+01, 2.3472273049028627e+02 
9.9999999999999886e+01, 2.3504090789977852e+02 
9.9999999999999915e+01, 2.4020407889659691e+02 
9.9999999999999929e+01, 2.4497063544139777e+02 
9.9999999999999915e+01, 2.4884636797543871e+02 
9.9999999999999915e+01, 2.5195886656568285e+02 
9.9999999999999957e+01, 2.5450670754594393e+02 
9.9999999999999986e+01, 2.5670522877955023e+02 
9.9999999999999957e+01, 2.5896163617503686e+02 
9.9999999999999957e+01, 2.6319620676877656e+02 
9.9999999999999972e+01, 2.7871833354096793e+02 
9.9999999999999929e+01, 3.1076702090379979e+02 
9.9999999999999929e+01, 2.9378322731563890e+02 
9.9999999999999915e+01, 2.7199234719787029e+02 
9.9999999999999943e+01, 8.3993453890057921e+01 
9.9999999999999957e+01, 1.9495641639911042e+02 
9.9999999999999929e+01, 2.1333271620884577e+02 
9.9999999999999929e+01, 2.5680244205924100e+02 
9.9999999999999901e+01, 2.6647225865878642e+02 
9.9999999999999957e+01, 2.2853719574943744e+02 
9.9999999999999929e+01, 1.6251314963356029e+02 
9.9999999999999915e+01, 1.4609440420549174e+02 
9.9999999999999915e+01, 1.4423396147760570e+02 
9.9999999999999929e+01, 1.5221471873090115e+02 
9.9999999999999943e+01, 1.7495897263589421e+02 
9.9999999999999972e+01, 1.8919230718054393e+02 
9.9999999999999957e+01, 1.9062001305185950e+02 
9.9999999999999915e+01, 1.9263145008709930e+02 
9.9999999999999929e+01, 1.9432716517145076e+02 
9.9999999999999957e+01, 1.9571884915952180e+02 
9.9999999999999929e+01, 1.9685705380887535e+02 
9.9999999999999915e+01, 1.9778109141776443e+02 
9.9999999999999957e+01, 1.9850212124970690e+02 
9.9999999999999915e+01, 1.9899245915079078e+02 
9.9999999999999957e+01, 1.9917979453993297e+02 
9.9999999999999972e+01, 1.9905389392001553e+02 
9.9999999999999929e+01, 1.9914839550889138e+02 
9.9999999999999901e+01, 6.3612572171892808e+01 
9.9999999999999957e+01, 3.4825636782329525e+02 
9.9999999999999957e+01, 3.4517011260210995e+02 
9.9999999999999972e+01, 3.4483175919245986e+02 
9.9999999999999901e+01, 3.4522267440012052e+02 
9.9999999999999915e+01, 3.4585116884258576e+02 
9.9999999999999943e+01, 3.4649623499133827e+02 
9.9999999999999901e+01, 3.4703465841265267e+02 
9.9999999999999901e+01, 3.4738526572470477e+02 
9.9999999999999972e+01, 3.4748409502620643e+02 
9.9999999999999943e+01, 3.4727156811494774e+02 
9.9999999999999972e+01, 3.4668597120213269e+02 
9.9999999999999957e+01, 3.4566237973600767e+02 
9.9999999999999901e+01, 3.4413987520196497e+02 
9.9999999999999915e+01, 3.4208707549624984e+02 
9.9999999999999929e+01, 3.3953126253207211e+02 
9.9999999999999929e+01, 3.3713247956982912e+02 
9.9999999999999915e+01, 3.3650035182074129e+02 
9.9999999999999886e+01, 3.4338860831782262e+02 
9.9999999999999915e+01, 2.6354483533518362e+01 
9.9999999999999901e+01, 1.8799432430523112e+02 
9.9999999999999886e+01, 2.2244579162532193e+02 
9.9999999999999886e+01, 2.4655793426849550e+02 
9.9999999999999929e+01, 3.2045713306389746e+02 
9.9999999999999929e+01, 4.1594170865210970e+01 
9.9999999999999929e+01, 3.3530985680380087e+02 
9.9999999999999972e+01, 3.2321688451674078e+01 
9.9999999999999915e+01, 5.3691284663909045e+01 
9.9999999999999957e+01, 6.2028077048447997e+01 
9.9999999999999929e+01, 6.8491605435836760e+01 
9.9999999999999957e+01, 7.4396144001891656e+01 
9.9999999999999901e+01, 7.9048115084714283e+01 
9.9999999999999872e+01, 7.8557752372285691e+01 
9.9999999999999957e+01, 5.9327847859423471e+01 
9.9999999999999929e+01, 1.6975543828357502e+01 
9.9999999999999957e+01, 2.9528805843531035e+02 
9.9999999999999957e+01, 2.2726630423525486e+02 
9.9999999999999943e+01, 1.9703048868566944e+02 
9.9999999999999915e+01, 1.8480484178654413e+02 
9.9999999999999915e+01, 1.8009715144254821e+02 
9.9999999999999929e+01, 1.7842644863626842e+02 
9.9999999999999943e+01, 1.7838239080596881e+02 
9.9999999999999915e+01, 1.7955180576188187e+02 
9.9999999999999915e+01, 1.8222562553292423e+02 
9.9999999999999929e+01, 2.0984562540393989e+02 
9.9999999999999957e+01, 1.9531865517871782e+02 
9.9999999999999929e+01, 2.2355022788574081e+02 
9.9999999999999929e+01, 2.8571419958985462e+02 
9.9999999999999915e+01, 1.2451464202402832e+02 
9.9999999999999957e+01, 1.2161460202131224e+02 
9.9999999999999901e+01, 3.8959544408699514e+01 
9.9999999999999957e+01, 3.2792489560392448e+02 
9.9999999999999957e+01, 3.1743593515868702e+02 
9.9999999999999972e+01, 3.3467219868212726e+02 
9.9999999999999929e+01, 3.5525295530191158e+02 
9.9999999999999901e+01, 9.2534764468072979e+00 
9.9999999999999957e+01, 1.5438037011684202e+01 
9.9999999999999957e+01, 9.8658886727843083e+00 
9.9999999999999915e+01, 3.3711383780989820e+02 
9.9999999999999915e+01, 2.7214671697606889e+02 
9.9999999999999957e+01, 2.4086872841789702e+02 
9.9999999999999957e+01, 2.4222112407880059e+02 
9.9999999999999957e+01, 2.4869087219341225e+02 
9.9999999999999915e+01, 2.5240292919510557e+02 
9.9999999999999915e+01, 2.5386247848334153e+02 
9.9999999999999929e+01, 2.5401898958421845e+02 
9.9999999999999915e+01, 2.5334882843246169e+02 
9.9999999999999957e+01, 2.5207662429817137e+02 
9.9999999999999957e+01, 2.5030842753986104e+02 
9.9999999999999886e+01, 2.4808451880386173e+02 
9.9999999999999886e+01, 2.4541222244434999e+02 
9.9999999999999929e+01, 2.4227982614328573e+02 
9.9999999999999901e+01, 2.3868738919765514e+02 
9.9999999999999972e+01, 2.3474164182703709e+02 
9.9999999999999901e+01, 2.3502889901003735e+02 
9.9999999999999929e+01, 2.2733549104432322e+02 
9.9999999999999929e+01, 2.2363223797033061e+02 
9.9999999999999915e+01, 2.2636900557032109e+02 
9.9999999999999957e+01, 2.3671365020074578e+02 
9.9999999999999957e+01, 2.0984478916186299e+02 
9.9999999999999957e+01, 2.8317267865552060e+02 
9.9999999999999929e+01, 2.8224317027738761e+02 
9.9999999999999929e+01, 3.1215673902095170e+02 
9.9999999999999929e+01, 3.0613360574606247e+02 
9.9999999999999972e+01, 3.0230687147108983e+02 
9.9999999999999957e+01, 2.9165289258573739e+02 
9.9999999999999929e+01, 2.9629237611534444e+02 
9.9999999999999915e+01, 3.0200375460577112e+02 
9.9999999999999957e+01, 3.0977132693221716e+02 
9.9999999999999957e+01, 3.1940282005831187e+02 
9.9999999999999972e+01, 3.3418747376443616e+02 
9.9999999999999943e+01, 1.2809473862242271e-01 
9.9999999999999929e+01, 3.4386031694528725e+01 
9.9999999999999901e+01, 2.2499750123339984e+02 
9.9999999999999972e+01, 2.3993882205131885e+02 
9.9999999999999915e+01, 3.3606079702978877e+02 
9.9999999999999972e+01, 3.5774288307573511e+02
##END= 
