##TITLE= 
##JCAMPDX= 5.0
##DATATYPE= 
##ORIGIN= Bruker BioSpin GmbH
##OWNER= 
##$SHAPE_PARAMETERS= 
##MINX= 100.00000000
##MAXX= 100.00000000
##MINY= 0.10878000
##MAXY= 359.85554100
##$SHAPE_EXMODE= None
##$SHAPE_TOTROT= 90.00000000
##$SHAPE_TYPE= None
##$SHAPE_USER_DEF= 
##$SHAPE_REPHFAC= 
##$SHAPE_BWFAC= 0.00000000
##$SHAPE_BWFAC50= 
##$SHAPE_INTEGFAC= 0.00000000
##$SHAPE_MODE= 1
##NPOINTS= 625
##XYPOINTS= (XY..XY)
100.000000, 232.921810
100.000000, 261.959524
100.000000, 299.888711
100.000000, 329.680146
100.000000, 345.149473
100.000000, 354.390303
100.000000, 4.937855
100.000000, 25.894447
100.000000, 58.034309
100.000000, 76.089011
100.000000, 106.292580
100.000000, 113.572914
100.000000, 117.428727
100.000000, 54.311511
100.000000, 222.227191
100.000000, 39.209166
100.000000, 151.768893
100.000000, 145.988194
100.000000, 133.013214
100.000000, 131.890255
100.000000, 134.036595
100.000000, 137.903464
100.000000, 142.932841
100.000000, 149.306528
100.000000, 156.920577
100.000000, 167.373072
100.000000, 179.460885
100.000000, 233.480657
100.000000, 261.510511
100.000000, 319.212810
100.000000, 355.206000
100.000000, 21.039845
100.000000, 33.618591
100.000000, 43.074012
100.000000, 51.358334
100.000000, 59.890674
100.000000, 62.885836
100.000000, 245.196646
100.000000, 340.655073
100.000000, 332.460509
100.000000, 308.611934
100.000000, 272.637900
100.000000, 251.403619
100.000000, 201.869146
100.000000, 46.398218
100.000000, 357.359753
100.000000, 53.613754
100.000000, 346.145803
100.000000, 354.625733
100.000000, 5.013802
100.000000, 10.269377
100.000000, 12.576623
100.000000, 14.060797
100.000000, 14.098239
100.000000, 16.049552
100.000000, 15.644642
100.000000, 16.213186
100.000000, 16.404031
100.000000, 16.412872
100.000000, 16.205858
100.000000, 15.790389
100.000000, 15.180629
100.000000, 14.362193
100.000000, 13.024261
100.000000, 357.553427
100.000000, 250.581515
100.000000, 224.192076
100.000000, 212.696012
100.000000, 196.096055
100.000000, 219.875584
100.000000, 187.197471
100.000000, 181.690624
100.000000, 184.622454
100.000000, 188.309990
100.000000, 188.561820
100.000000, 188.780186
100.000000, 188.135714
100.000000, 187.234108
100.000000, 187.230278
100.000000, 194.604153
100.000000, 183.668591
100.000000, 219.561926
100.000000, 4.921813
100.000000, 325.787918
100.000000, 340.788683
100.000000, 358.022797
100.000000, 13.451185
100.000000, 27.667821
100.000000, 38.314715
100.000000, 44.575757
100.000000, 47.715080
100.000000, 51.307233
100.000000, 344.795485
100.000000, 4.049988
100.000000, 199.403581
100.000000, 350.724373
100.000000, 190.890020
100.000000, 34.252541
100.000000, 59.410003
100.000000, 85.636066
100.000000, 111.913655
100.000000, 135.461631
100.000000, 154.095237
100.000000, 180.396858
100.000000, 201.092364
100.000000, 215.707795
100.000000, 232.054396
100.000000, 248.156561
100.000000, 262.113025
100.000000, 272.230451
100.000000, 277.771783
100.000000, 279.133660
100.000000, 277.500009
100.000000, 274.186205
100.000000, 270.193626
100.000000, 266.112233
100.000000, 262.215967
100.000000, 258.599444
100.000000, 255.274083
100.000000, 252.217555
100.000000, 249.394000
100.000000, 246.759346
100.000000, 244.257255
100.000000, 241.806096
100.000000, 239.314222
100.000000, 236.280145
100.000000, 232.097637
100.000000, 226.323444
100.000000, 224.931447
100.000000, 244.153784
100.000000, 336.760141
100.000000, 12.712083
100.000000, 13.592061
100.000000, 5.177385
100.000000, 357.461408
100.000000, 338.705908
100.000000, 325.030621
100.000000, 309.949345
100.000000, 293.558569
100.000000, 277.435629
100.000000, 263.475373
100.000000, 251.893230
100.000000, 242.856816
100.000000, 236.298446
100.000000, 231.975598
100.000000, 229.591262
100.000000, 228.778876
100.000000, 229.083266
100.000000, 230.923849
100.000000, 233.350275
100.000000, 236.258937
100.000000, 239.517235
100.000000, 242.294469
100.000000, 244.293190
100.000000, 244.435139
100.000000, 240.419678
100.000000, 226.312573
100.000000, 197.329596
100.000000, 168.331236
100.000000, 142.433908
100.000000, 130.367159
100.000000, 123.584361
100.000000, 121.353674
100.000000, 122.922722
100.000000, 128.245491
100.000000, 138.175067
100.000000, 154.780131
100.000000, 180.894285
100.000000, 215.288967
100.000000, 248.334997
100.000000, 270.844573
100.000000, 285.112284
100.000000, 294.930191
100.000000, 301.949069
100.000000, 307.176993
100.000000, 311.213538
100.000000, 314.447611
100.000000, 317.155908
100.000000, 319.229760
100.000000, 320.622491
100.000000, 323.362333
100.000000, 330.800313
100.000000, 345.362033
100.000000, 4.614224
100.000000, 19.263702
100.000000, 26.792296
100.000000, 30.171548
100.000000, 31.740885
100.000000, 32.543685
100.000000, 32.908947
100.000000, 32.981566
100.000000, 32.763875
100.000000, 32.224080
100.000000, 31.294090
100.000000, 29.876516
100.000000, 27.833710
100.000000, 24.977740
100.000000, 21.050726
100.000000, 15.694049
100.000000, 8.410998
100.000000, 358.620705
100.000000, 346.775842
100.000000, 328.569379
100.000000, 309.471003
100.000000, 297.890026
100.000000, 291.975839
100.000000, 302.277608
100.000000, 15.034074
100.000000, 89.881043
100.000000, 114.796137
100.000000, 126.117343
100.000000, 128.510882
100.000000, 136.073656
100.000000, 145.210380
100.000000, 152.644118
100.000000, 163.308179
100.000000, 182.282308
100.000000, 214.130574
100.000000, 241.559353
100.000000, 260.897826
100.000000, 271.791611
100.000000, 277.054003
100.000000, 273.550847
100.000000, 267.592595
100.000000, 224.022108
100.000000, 198.458334
100.000000, 350.904630
100.000000, 157.354765
100.000000, 75.845079
100.000000, 90.429939
100.000000, 82.855314
100.000000, 72.524725
100.000000, 52.228839
100.000000, 60.838845
100.000000, 106.224667
100.000000, 56.427849
100.000000, 40.476774
100.000000, 31.372456
100.000000, 27.129462
100.000000, 25.218509
100.000000, 31.280181
100.000000, 63.603130
100.000000, 228.519196
100.000000, 267.534616
100.000000, 264.163644
100.000000, 189.710115
100.000000, 195.774618
100.000000, 142.388633
100.000000, 205.268568
100.000000, 208.921810
100.000000, 213.366096
100.000000, 217.824058
100.000000, 221.544499
100.000000, 225.010304
100.000000, 227.956871
100.000000, 230.626020
100.000000, 233.676773
100.000000, 289.030776
100.000000, 242.317141
100.000000, 246.879884
100.000000, 264.175212
100.000000, 292.041940
100.000000, 14.930950
100.000000, 89.131751
100.000000, 136.292163
100.000000, 188.801902
100.000000, 233.385030
100.000000, 261.184948
100.000000, 273.736314
100.000000, 272.660140
100.000000, 262.338285
100.000000, 250.228149
100.000000, 241.581365
100.000000, 233.897989
100.000000, 223.362053
100.000000, 226.126831
100.000000, 225.376894
100.000000, 196.271134
100.000000, 120.881012
100.000000, 218.580613
100.000000, 10.887836
100.000000, 21.718581
100.000000, 12.254454
100.000000, 5.606199
100.000000, 2.237729
100.000000, 0.471147
100.000000, 359.669819
100.000000, 359.382834
100.000000, 359.361706
100.000000, 359.471173
100.000000, 359.643757
100.000000, 359.855541
100.000000, 0.108780
100.000000, 0.409614
100.000000, 0.710483
100.000000, 0.686979
100.000000, 358.767229
100.000000, 347.900835
100.000000, 310.578477
100.000000, 265.455481
100.000000, 247.429013
100.000000, 243.725000
100.000000, 245.303836
100.000000, 248.945694
100.000000, 253.590615
100.000000, 258.826148
100.000000, 264.409200
100.000000, 270.102097
100.000000, 275.573979
100.000000, 280.711473
100.000000, 285.340604
100.000000, 289.224589
100.000000, 292.275028
100.000000, 294.361100
100.000000, 295.265160
100.000000, 294.705912
100.000000, 292.552079
100.000000, 288.453640
100.000000, 283.925341
100.000000, 281.570012
100.000000, 286.599558
100.000000, 302.060280
100.000000, 330.175641
100.000000, 4.105213
100.000000, 31.212955
100.000000, 231.372976
100.000000, 354.284809
100.000000, 12.577324
100.000000, 27.561854
100.000000, 39.223834
100.000000, 47.507496
100.000000, 52.936993
100.000000, 56.713041
100.000000, 59.242535
100.000000, 63.073462
100.000000, 68.373699
100.000000, 76.336360
100.000000, 90.783250
100.000000, 99.599593
100.000000, 123.891175
100.000000, 164.926958
100.000000, 111.112548
100.000000, 194.503540
100.000000, 216.969165
100.000000, 234.859196
100.000000, 248.847201
100.000000, 253.271864
100.000000, 264.151327
100.000000, 300.213968
100.000000, 92.294469
100.000000, 136.549234
100.000000, 133.775535
100.000000, 147.529632
100.000000, 21.534783
100.000000, 49.583983
100.000000, 58.021485
100.000000, 55.449537
100.000000, 43.789492
100.000000, 36.981772
100.000000, 17.457745
100.000000, 338.555880
100.000000, 17.366917
100.000000, 20.145326
100.000000, 333.103057
100.000000, 2.652690
100.000000, 338.243890
100.000000, 330.408474
100.000000, 328.669660
100.000000, 334.084268
100.000000, 342.016315
100.000000, 359.385800
100.000000, 13.523789
100.000000, 22.545846
100.000000, 24.441342
100.000000, 2.119881
100.000000, 53.797714
100.000000, 299.756509
100.000000, 297.454627
100.000000, 286.748080
100.000000, 278.111402
100.000000, 271.942797
100.000000, 266.587499
100.000000, 262.985551
100.000000, 221.716324
100.000000, 180.770101
100.000000, 178.380843
100.000000, 171.259071
100.000000, 164.134688
100.000000, 157.740028
100.000000, 152.317937
100.000000, 148.041691
100.000000, 145.084466
100.000000, 143.632146
100.000000, 143.904142
100.000000, 146.194984
100.000000, 150.942851
100.000000, 158.867537
100.000000, 184.202925
100.000000, 187.125785
100.000000, 208.848691
100.000000, 233.230172
100.000000, 253.077718
100.000000, 265.863799
100.000000, 273.719700
100.000000, 278.650129
100.000000, 281.725529
100.000000, 283.521862
100.000000, 284.392220
100.000000, 284.581363
100.000000, 284.274775
100.000000, 283.620565
100.000000, 282.738403
100.000000, 281.720844
100.000000, 280.628179
100.000000, 279.474747
100.000000, 278.210091
100.000000, 276.795304
100.000000, 275.905146
100.000000, 224.480973
100.000000, 164.425518
100.000000, 157.808024
100.000000, 156.711272
100.000000, 159.874446
100.000000, 166.552735
100.000000, 177.861586
100.000000, 195.001171
100.000000, 227.569728
100.000000, 242.682609
100.000000, 255.826480
100.000000, 268.236460
100.000000, 272.422562
100.000000, 274.580791
100.000000, 275.506508
100.000000, 275.721122
100.000000, 275.524914
100.000000, 275.044676
100.000000, 274.166008
100.000000, 272.299169
100.000000, 267.936601
100.000000, 258.360989
100.000000, 241.081815
100.000000, 218.368142
100.000000, 197.687092
100.000000, 184.070214
100.000000, 177.935020
100.000000, 177.093666
100.000000, 180.645475
100.000000, 188.003000
100.000000, 196.826539
100.000000, 206.761762
100.000000, 214.092810
100.000000, 209.728473
100.000000, 179.599238
100.000000, 100.947996
100.000000, 59.001475
100.000000, 61.551058
100.000000, 84.083917
100.000000, 110.610646
100.000000, 43.229990
100.000000, 150.757881
100.000000, 139.067307
100.000000, 187.263676
100.000000, 200.712789
100.000000, 210.078274
100.000000, 213.834642
100.000000, 219.808558
100.000000, 225.137375
100.000000, 223.223430
100.000000, 216.924238
100.000000, 222.025773
100.000000, 215.881044
100.000000, 219.032654
100.000000, 166.022074
100.000000, 259.780282
100.000000, 304.197257
100.000000, 337.865835
100.000000, 43.739439
100.000000, 59.923365
100.000000, 57.267713
100.000000, 73.610170
100.000000, 35.611669
100.000000, 345.449599
100.000000, 54.469228
100.000000, 13.690228
100.000000, 7.267109
100.000000, 306.255675
100.000000, 211.835152
100.000000, 144.366044
100.000000, 257.971826
100.000000, 328.380102
100.000000, 294.632283
100.000000, 324.722730
100.000000, 325.040908
100.000000, 330.204079
100.000000, 334.970635
100.000000, 338.846368
100.000000, 341.958867
100.000000, 344.506708
100.000000, 346.705229
100.000000, 348.961636
100.000000, 353.196207
100.000000, 8.718334
100.000000, 40.767021
100.000000, 23.783227
100.000000, 1.992347
100.000000, 173.993454
100.000000, 284.956416
100.000000, 303.332716
100.000000, 346.802442
100.000000, 356.472259
100.000000, 318.537196
100.000000, 252.513150
100.000000, 236.094404
100.000000, 234.233961
100.000000, 242.214719
100.000000, 264.958973
100.000000, 279.192307
100.000000, 280.620013
100.000000, 282.631450
100.000000, 284.327165
100.000000, 285.718849
100.000000, 286.857054
100.000000, 287.781091
100.000000, 288.502121
100.000000, 288.992459
100.000000, 289.179795
100.000000, 289.053894
100.000000, 289.148396
100.000000, 153.612572
100.000000, 78.256368
100.000000, 75.170113
100.000000, 74.831759
100.000000, 75.222674
100.000000, 75.851169
100.000000, 76.496235
100.000000, 77.034658
100.000000, 77.385266
100.000000, 77.484095
100.000000, 77.271568
100.000000, 76.685971
100.000000, 75.662380
100.000000, 74.139875
100.000000, 72.087075
100.000000, 69.531263
100.000000, 67.132480
100.000000, 66.500352
100.000000, 73.388608
100.000000, 116.354484
100.000000, 277.994324
100.000000, 312.445792
100.000000, 336.557934
100.000000, 50.457133
100.000000, 131.594171
100.000000, 65.309857
100.000000, 122.321688
100.000000, 143.691285
100.000000, 152.028077
100.000000, 158.491605
100.000000, 164.396144
100.000000, 169.048115
100.000000, 168.557752
100.000000, 149.327848
100.000000, 106.975544
100.000000, 25.288058
100.000000, 317.266304
100.000000, 287.030489
100.000000, 274.804842
100.000000, 270.097151
100.000000, 268.426449
100.000000, 268.382391
100.000000, 269.551806
100.000000, 272.225626
100.000000, 299.845625
100.000000, 285.318655
100.000000, 313.550228
100.000000, 15.714200
100.000000, 214.514642
100.000000, 211.614602
100.000000, 128.959544
100.000000, 57.924896
100.000000, 47.435935
100.000000, 64.672199
100.000000, 85.252955
100.000000, 99.253476
100.000000, 105.438037
100.000000, 99.865889
100.000000, 67.113838
100.000000, 2.146717
100.000000, 330.868728
100.000000, 332.221124
100.000000, 338.690872
100.000000, 342.402929
100.000000, 343.862478
100.000000, 344.018990
100.000000, 343.348828
100.000000, 342.076624
100.000000, 340.308428
100.000000, 338.084519
100.000000, 335.412222
100.000000, 332.279826
100.000000, 328.687389
100.000000, 324.741642
100.000000, 325.028899
100.000000, 317.335491
100.000000, 313.632238
100.000000, 316.369006
100.000000, 326.713650
100.000000, 299.844789
100.000000, 13.172679
100.000000, 12.243170
100.000000, 42.156739
100.000000, 36.133606
100.000000, 32.306871
100.000000, 21.652893
100.000000, 26.292376
100.000000, 32.003755
100.000000, 39.771327
100.000000, 49.402820
100.000000, 64.187474
100.000000, 90.128095
100.000000, 124.386032
100.000000, 314.997501
100.000000, 329.938822
100.000000, 66.060797
100.000000, 87.742883
##END=
