##TITLE= Parameter file, TopSpin 3.6.5
##JCAMPDX= 5.0
##DATATYPE= Parameter Values
##ORIGIN= Bruker BioSpin GmbH
##OWNER= nmrservice
$$ 2023-09-15 09:46:45.156 +0100  nmrservice@aberlour
$$ C:/Bruker/cam-ts3/wave/s_automation
$$ process C:\Bruker\TopSpin3.6.5\prog\mod\xwinshape.exe
##MINX= 0.00000000
##MAXX= 99.93274900
##MINY= 0.24714000
##MAXY= 359.95806000
##$SHAPE_ADDPHASE= 0
##$SHAPE_AMP= 99.93274932
##$SHAPE_BWFAC= 0
##$SHAPE_BWFAC50= 0
##$SHAPE_CALCBW= yes
##$SHAPE_CALCINTEG= yes
##$SHAPE_EXMODE= <Universal>
##$SHAPE_EXPAND= <>
##$SHAPE_EXPANDCF= (0..143)
0 0 0 0 0 0 0 0 0 0 0 0 0 0 0 0 0 0 0 0 0 0 0 0 0 0 0 0 0 0 0 0 0 0 0 0
0 0 0 0 0 0 0 0 0 0 0 0 0 0 0 0 0 0 0 0 0 0 0 0 0 0 0 0 0 0 0 0 0 0 0 0
0 0 0 0 0 0 0 0 0 0 0 0 0 0 0 0 0 0 0 0 0 0 0 0 0 0 0 0 0 0 0 0 0 0 0 0
0 0 0 0 0 0 0 0 0 0 0 0 0 0 0 0 0 0 0 0 0 0 0 0 0 0 0 0 0 0 0 0 0 0 0 0
##$SHAPE_EXPFAC= 0
##$SHAPE_FRACEND= 0
##$SHAPE_FRACORG= 0
##$SHAPE_FRACSTART= 0
##$SHAPE_INTEGFAC= 0
##$SHAPE_KEEPRES= yes
##$SHAPE_LENGTH= 20000
##$SHAPE_MAN= <M>
##$SHAPE_MODE= 2
##$SHAPE_MODFREQ= 0
##$SHAPE_MODPHASE= 0
##$SHAPE_MODSCALE= 0
##$SHAPE_MODSW= 0
##$SHAPE_MODSWDIR= -1
##$SHAPE_NPOINTS= 1000
##$SHAPE_OFFS= <0 2>
##$SHAPE_OFFSCOEFF= (0..95)
0 0 100 1214.9 0 100 0 0 0 0 0 0 0 0 0 0 0 0 0 0 0 0 0 0 0 0 0 0 0 0 0
0 0 0 0 0 0 0 0 0 0 0 0 0 0 0 0 0 0 0 0 0 0 0 0 0 0 0 0 0 0 0 0 0 0 0 0
0 0 0 0 0 0 0 0 0 0 0 0 0 0 0 0 0 0 0 0 0 0 0 0 0 0 0 0 0
##$SHAPE_PARAMETER= <>
##$SHAPE_REPHFAC= 0
##$SHAPE_RES= 0
##$SHAPE_SCALEFAC= 1.00067296
##$SHAPE_SCALETYPE= 0
##$SHAPE_SPOAL= 0
##$SHAPE_SPOFFS= 0
##$SHAPE_SPOPH= 0
##$SHAPE_TOTROT= 90
##$SHAPE_TYPE= <Excitation>
##$SHAPE_USER_DEF= 0
##$SHAPE_VERSION= 2.1
##$SHL_ADDPHASE= (0..15)
0 0 0 0 0 0 0 0 0 0 0 0 0 0 0 0
##$SHL_ALIGNOFFSET= (0..15)
0 0 0 0 0 0 0 0 0 0 0 0 0 0 0 0
##$SHL_AMP= (0..15)
99.99984 0 0 0 0 0 0 0 0 0 0 0 0 0 0 0
##$SHL_AMPFAC= (0..15)
0 0 0 0 0 0 0 0 0 0 0 0 0 0 0 0
##$SHL_BETA= (0..15)
0 0 0 0 0 0 0 0 0 0 0 0 0 0 0 0
##$SHL_BWFAC= (0..15)
1.606 0 0 0 0 0 0 0 0 0 0 0 0 0 0 0
##$SHL_CALCBW= (0..15)
yes yes yes yes yes yes yes yes yes yes yes yes yes yes yes yes
##$SHL_CALCINTEG= (0..15)
yes yes yes yes yes yes yes yes yes yes yes yes yes yes yes yes
##$SHL_CENTERAMP= (0..15)
0 0 0 0 0 0 0 0 0 0 0 0 0 0 0 0
##$SHL_CYCNUM= (0..15)
0 0 0 0 0 0 0 0 0 0 0 0 0 0 0 0
##$SHL_DIPOLCPL= (0..15)
0 0 0 0 0 0 0 0 0 0 0 0 0 0 0 0
##$SHL_ENDAMP= (0..15)
0 0 0 0 0 0 0 0 0 0 0 0 0 0 0 0
##$SHL_EXMODE= (0..15)
<Universal> <> <> <> <> <> <> <> <> <> <> <> <> <> <> <>
##$SHL_EXPAND= (0..15)
<> <> <> <> <> <> <> <> <> <> <> <> <> <> <> <>
##$SHL_EXPANDCF0= (0..143)
0 0 0 0 0 0 0 0 0 0 0 0 0 0 0 0 0 0 0 0 0 0 0 0 0 0 0 0 0 0 0 0 0 0 0 0
0 0 0 0 0 0 0 0 0 0 0 0 0 0 0 0 0 0 0 0 0 0 0 0 0 0 0 0 0 0 0 0 0 0 0 0
0 0 0 0 0 0 0 0 0 0 0 0 0 0 0 0 0 0 0 0 0 0 0 0 0 0 0 0 0 0 0 0 0 0 0 0
0 0 0 0 0 0 0 0 0 0 0 0 0 0 0 0 0 0 0 0 0 0 0 0 0 0 0 0 0 0 0 0 0 0 0 0
##$SHL_EXPANDCF1= (0..143)
0 0 0 0 0 0 0 0 0 0 0 0 0 0 0 0 0 0 0 0 0 0 0 0 0 0 0 0 0 0 0 0 0 0 0 0
0 0 0 0 0 0 0 0 0 0 0 0 0 0 0 0 0 0 0 0 0 0 0 0 0 0 0 0 0 0 0 0 0 0 0 0
0 0 0 0 0 0 0 0 0 0 0 0 0 0 0 0 0 0 0 0 0 0 0 0 0 0 0 0 0 0 0 0 0 0 0 0
0 0 0 0 0 0 0 0 0 0 0 0 0 0 0 0 0 0 0 0 0 0 0 0 0 0 0 0 0 0 0 0 0 0 0 0
##$SHL_EXPANDCF10= (0..143)
0 0 0 0 0 0 0 0 0 0 0 0 0 0 0 0 0 0 0 0 0 0 0 0 0 0 0 0 0 0 0 0 0 0 0 0
0 0 0 0 0 0 0 0 0 0 0 0 0 0 0 0 0 0 0 0 0 0 0 0 0 0 0 0 0 0 0 0 0 0 0 0
0 0 0 0 0 0 0 0 0 0 0 0 0 0 0 0 0 0 0 0 0 0 0 0 0 0 0 0 0 0 0 0 0 0 0 0
0 0 0 0 0 0 0 0 0 0 0 0 0 0 0 0 0 0 0 0 0 0 0 0 0 0 0 0 0 0 0 0 0 0 0 0
##$SHL_EXPANDCF11= (0..143)
0 0 0 0 0 0 0 0 0 0 0 0 0 0 0 0 0 0 0 0 0 0 0 0 0 0 0 0 0 0 0 0 0 0 0 0
0 0 0 0 0 0 0 0 0 0 0 0 0 0 0 0 0 0 0 0 0 0 0 0 0 0 0 0 0 0 0 0 0 0 0 0
0 0 0 0 0 0 0 0 0 0 0 0 0 0 0 0 0 0 0 0 0 0 0 0 0 0 0 0 0 0 0 0 0 0 0 0
0 0 0 0 0 0 0 0 0 0 0 0 0 0 0 0 0 0 0 0 0 0 0 0 0 0 0 0 0 0 0 0 0 0 0 0
##$SHL_EXPANDCF12= (0..143)
0 0 0 0 0 0 0 0 0 0 0 0 0 0 0 0 0 0 0 0 0 0 0 0 0 0 0 0 0 0 0 0 0 0 0 0
0 0 0 0 0 0 0 0 0 0 0 0 0 0 0 0 0 0 0 0 0 0 0 0 0 0 0 0 0 0 0 0 0 0 0 0
0 0 0 0 0 0 0 0 0 0 0 0 0 0 0 0 0 0 0 0 0 0 0 0 0 0 0 0 0 0 0 0 0 0 0 0
0 0 0 0 0 0 0 0 0 0 0 0 0 0 0 0 0 0 0 0 0 0 0 0 0 0 0 0 0 0 0 0 0 0 0 0
##$SHL_EXPANDCF13= (0..143)
0 0 0 0 0 0 0 0 0 0 0 0 0 0 0 0 0 0 0 0 0 0 0 0 0 0 0 0 0 0 0 0 0 0 0 0
0 0 0 0 0 0 0 0 0 0 0 0 0 0 0 0 0 0 0 0 0 0 0 0 0 0 0 0 0 0 0 0 0 0 0 0
0 0 0 0 0 0 0 0 0 0 0 0 0 0 0 0 0 0 0 0 0 0 0 0 0 0 0 0 0 0 0 0 0 0 0 0
0 0 0 0 0 0 0 0 0 0 0 0 0 0 0 0 0 0 0 0 0 0 0 0 0 0 0 0 0 0 0 0 0 0 0 0
##$SHL_EXPANDCF14= (0..143)
0 0 0 0 0 0 0 0 0 0 0 0 0 0 0 0 0 0 0 0 0 0 0 0 0 0 0 0 0 0 0 0 0 0 0 0
0 0 0 0 0 0 0 0 0 0 0 0 0 0 0 0 0 0 0 0 0 0 0 0 0 0 0 0 0 0 0 0 0 0 0 0
0 0 0 0 0 0 0 0 0 0 0 0 0 0 0 0 0 0 0 0 0 0 0 0 0 0 0 0 0 0 0 0 0 0 0 0
0 0 0 0 0 0 0 0 0 0 0 0 0 0 0 0 0 0 0 0 0 0 0 0 0 0 0 0 0 0 0 0 0 0 0 0
##$SHL_EXPANDCF15= (0..143)
0 0 0 0 0 0 0 0 0 0 0 0 0 0 0 0 0 0 0 0 0 0 0 0 0 0 0 0 0 0 0 0 0 0 0 0
0 0 0 0 0 0 0 0 0 0 0 0 0 0 0 0 0 0 0 0 0 0 0 0 0 0 0 0 0 0 0 0 0 0 0 0
0 0 0 0 0 0 0 0 0 0 0 0 0 0 0 0 0 0 0 0 0 0 0 0 0 0 0 0 0 0 0 0 0 0 0 0
0 0 0 0 0 0 0 0 0 0 0 0 0 0 0 0 0 0 0 0 0 0 0 0 0 0 0 0 0 0 0 0 0 0 0 0
##$SHL_EXPANDCF2= (0..143)
0 0 0 0 0 0 0 0 0 0 0 0 0 0 0 0 0 0 0 0 0 0 0 0 0 0 0 0 0 0 0 0 0 0 0 0
0 0 0 0 0 0 0 0 0 0 0 0 0 0 0 0 0 0 0 0 0 0 0 0 0 0 0 0 0 0 0 0 0 0 0 0
0 0 0 0 0 0 0 0 0 0 0 0 0 0 0 0 0 0 0 0 0 0 0 0 0 0 0 0 0 0 0 0 0 0 0 0
0 0 0 0 0 0 0 0 0 0 0 0 0 0 0 0 0 0 0 0 0 0 0 0 0 0 0 0 0 0 0 0 0 0 0 0
##$SHL_EXPANDCF3= (0..143)
0 0 0 0 0 0 0 0 0 0 0 0 0 0 0 0 0 0 0 0 0 0 0 0 0 0 0 0 0 0 0 0 0 0 0 0
0 0 0 0 0 0 0 0 0 0 0 0 0 0 0 0 0 0 0 0 0 0 0 0 0 0 0 0 0 0 0 0 0 0 0 0
0 0 0 0 0 0 0 0 0 0 0 0 0 0 0 0 0 0 0 0 0 0 0 0 0 0 0 0 0 0 0 0 0 0 0 0
0 0 0 0 0 0 0 0 0 0 0 0 0 0 0 0 0 0 0 0 0 0 0 0 0 0 0 0 0 0 0 0 0 0 0 0
##$SHL_EXPANDCF4= (0..143)
0 0 0 0 0 0 0 0 0 0 0 0 0 0 0 0 0 0 0 0 0 0 0 0 0 0 0 0 0 0 0 0 0 0 0 0
0 0 0 0 0 0 0 0 0 0 0 0 0 0 0 0 0 0 0 0 0 0 0 0 0 0 0 0 0 0 0 0 0 0 0 0
0 0 0 0 0 0 0 0 0 0 0 0 0 0 0 0 0 0 0 0 0 0 0 0 0 0 0 0 0 0 0 0 0 0 0 0
0 0 0 0 0 0 0 0 0 0 0 0 0 0 0 0 0 0 0 0 0 0 0 0 0 0 0 0 0 0 0 0 0 0 0 0
##$SHL_EXPANDCF5= (0..143)
0 0 0 0 0 0 0 0 0 0 0 0 0 0 0 0 0 0 0 0 0 0 0 0 0 0 0 0 0 0 0 0 0 0 0 0
0 0 0 0 0 0 0 0 0 0 0 0 0 0 0 0 0 0 0 0 0 0 0 0 0 0 0 0 0 0 0 0 0 0 0 0
0 0 0 0 0 0 0 0 0 0 0 0 0 0 0 0 0 0 0 0 0 0 0 0 0 0 0 0 0 0 0 0 0 0 0 0
0 0 0 0 0 0 0 0 0 0 0 0 0 0 0 0 0 0 0 0 0 0 0 0 0 0 0 0 0 0 0 0 0 0 0 0
##$SHL_EXPANDCF6= (0..143)
0 0 0 0 0 0 0 0 0 0 0 0 0 0 0 0 0 0 0 0 0 0 0 0 0 0 0 0 0 0 0 0 0 0 0 0
0 0 0 0 0 0 0 0 0 0 0 0 0 0 0 0 0 0 0 0 0 0 0 0 0 0 0 0 0 0 0 0 0 0 0 0
0 0 0 0 0 0 0 0 0 0 0 0 0 0 0 0 0 0 0 0 0 0 0 0 0 0 0 0 0 0 0 0 0 0 0 0
0 0 0 0 0 0 0 0 0 0 0 0 0 0 0 0 0 0 0 0 0 0 0 0 0 0 0 0 0 0 0 0 0 0 0 0
##$SHL_EXPANDCF7= (0..143)
0 0 0 0 0 0 0 0 0 0 0 0 0 0 0 0 0 0 0 0 0 0 0 0 0 0 0 0 0 0 0 0 0 0 0 0
0 0 0 0 0 0 0 0 0 0 0 0 0 0 0 0 0 0 0 0 0 0 0 0 0 0 0 0 0 0 0 0 0 0 0 0
0 0 0 0 0 0 0 0 0 0 0 0 0 0 0 0 0 0 0 0 0 0 0 0 0 0 0 0 0 0 0 0 0 0 0 0
0 0 0 0 0 0 0 0 0 0 0 0 0 0 0 0 0 0 0 0 0 0 0 0 0 0 0 0 0 0 0 0 0 0 0 0
##$SHL_EXPANDCF8= (0..143)
0 0 0 0 0 0 0 0 0 0 0 0 0 0 0 0 0 0 0 0 0 0 0 0 0 0 0 0 0 0 0 0 0 0 0 0
0 0 0 0 0 0 0 0 0 0 0 0 0 0 0 0 0 0 0 0 0 0 0 0 0 0 0 0 0 0 0 0 0 0 0 0
0 0 0 0 0 0 0 0 0 0 0 0 0 0 0 0 0 0 0 0 0 0 0 0 0 0 0 0 0 0 0 0 0 0 0 0
0 0 0 0 0 0 0 0 0 0 0 0 0 0 0 0 0 0 0 0 0 0 0 0 0 0 0 0 0 0 0 0 0 0 0 0
##$SHL_EXPANDCF9= (0..143)
0 0 0 0 0 0 0 0 0 0 0 0 0 0 0 0 0 0 0 0 0 0 0 0 0 0 0 0 0 0 0 0 0 0 0 0
0 0 0 0 0 0 0 0 0 0 0 0 0 0 0 0 0 0 0 0 0 0 0 0 0 0 0 0 0 0 0 0 0 0 0 0
0 0 0 0 0 0 0 0 0 0 0 0 0 0 0 0 0 0 0 0 0 0 0 0 0 0 0 0 0 0 0 0 0 0 0 0
0 0 0 0 0 0 0 0 0 0 0 0 0 0 0 0 0 0 0 0 0 0 0 0 0 0 0 0 0 0 0 0 0 0 0 0
##$SHL_EXPFAC= (0..15)
0 0 0 0 0 0 0 0 0 0 0 0 0 0 0 0
##$SHL_FRACEND= (0..15)
0 0 0 0 0 0 0 0 0 0 0 0 0 0 0 0
##$SHL_FRACORG= (0..15)
0 0 0 0 0 0 0 0 0 0 0 0 0 0 0 0
##$SHL_FRACSTART= (0..15)
0 0 0 0 0 0 0 0 0 0 0 0 0 0 0 0
##$SHL_FULLHALF= (0..15)
0 0 0 0 0 0 0 0 0 0 0 0 0 0 0 0
##$SHL_FUNCAMP= (0..15)
0 0 0 0 0 0 0 0 0 0 0 0 0 0 0 0
##$SHL_FUNCTION= (0..15)
<User> <> <> <> <> <> <> <> <> <> <> <> <> <> <> <>
##$SHL_GCO= (0..15)
<> <> <> <> <> <> <> <> <> <> <> <> <> <> <> <>
##$SHL_GCOCOEFFS0= (0..59)
0 0 0 0 0 0 0 0 0 0 0 0 0 0 0 0 0 0 0 0 0 0 0 0 0 0 0 0 0 0 0 0 0 0 0 0
0 0 0 0 0 0 0 0 0 0 0 0 0 0 0 0 0 0 0 0 0 0 0 0
##$SHL_GCOCOEFFS1= (0..59)
0 0 0 0 0 0 0 0 0 0 0 0 0 0 0 0 0 0 0 0 0 0 0 0 0 0 0 0 0 0 0 0 0 0 0 0
0 0 0 0 0 0 0 0 0 0 0 0 0 0 0 0 0 0 0 0 0 0 0 0
##$SHL_GCOCOEFFS10= (0..59)
0 0 0 0 0 0 0 0 0 0 0 0 0 0 0 0 0 0 0 0 0 0 0 0 0 0 0 0 0 0 0 0 0 0 0 0
0 0 0 0 0 0 0 0 0 0 0 0 0 0 0 0 0 0 0 0 0 0 0 0
##$SHL_GCOCOEFFS11= (0..59)
0 0 0 0 0 0 0 0 0 0 0 0 0 0 0 0 0 0 0 0 0 0 0 0 0 0 0 0 0 0 0 0 0 0 0 0
0 0 0 0 0 0 0 0 0 0 0 0 0 0 0 0 0 0 0 0 0 0 0 0
##$SHL_GCOCOEFFS12= (0..59)
0 0 0 0 0 0 0 0 0 0 0 0 0 0 0 0 0 0 0 0 0 0 0 0 0 0 0 0 0 0 0 0 0 0 0 0
0 0 0 0 0 0 0 0 0 0 0 0 0 0 0 0 0 0 0 0 0 0 0 0
##$SHL_GCOCOEFFS13= (0..59)
0 0 0 0 0 0 0 0 0 0 0 0 0 0 0 0 0 0 0 0 0 0 0 0 0 0 0 0 0 0 0 0 0 0 0 0
0 0 0 0 0 0 0 0 0 0 0 0 0 0 0 0 0 0 0 0 0 0 0 0
##$SHL_GCOCOEFFS14= (0..59)
0 0 0 0 0 0 0 0 0 0 0 0 0 0 0 0 0 0 0 0 0 0 0 0 0 0 0 0 0 0 0 0 0 0 0 0
0 0 0 0 0 0 0 0 0 0 0 0 0 0 0 0 0 0 0 0 0 0 0 0
##$SHL_GCOCOEFFS15= (0..59)
0 0 0 0 0 0 0 0 0 0 0 0 0 0 0 0 0 0 0 0 0 0 0 0 0 0 0 0 0 0 0 0 0 0 0 0
0 0 0 0 0 0 0 0 0 0 0 0 0 0 0 0 0 0 0 0 0 0 0 0
##$SHL_GCOCOEFFS2= (0..59)
0 0 0 0 0 0 0 0 0 0 0 0 0 0 0 0 0 0 0 0 0 0 0 0 0 0 0 0 0 0 0 0 0 0 0 0
0 0 0 0 0 0 0 0 0 0 0 0 0 0 0 0 0 0 0 0 0 0 0 0
##$SHL_GCOCOEFFS3= (0..59)
0 0 0 0 0 0 0 0 0 0 0 0 0 0 0 0 0 0 0 0 0 0 0 0 0 0 0 0 0 0 0 0 0 0 0 0
0 0 0 0 0 0 0 0 0 0 0 0 0 0 0 0 0 0 0 0 0 0 0 0
##$SHL_GCOCOEFFS4= (0..59)
0 0 0 0 0 0 0 0 0 0 0 0 0 0 0 0 0 0 0 0 0 0 0 0 0 0 0 0 0 0 0 0 0 0 0 0
0 0 0 0 0 0 0 0 0 0 0 0 0 0 0 0 0 0 0 0 0 0 0 0
##$SHL_GCOCOEFFS5= (0..59)
0 0 0 0 0 0 0 0 0 0 0 0 0 0 0 0 0 0 0 0 0 0 0 0 0 0 0 0 0 0 0 0 0 0 0 0
0 0 0 0 0 0 0 0 0 0 0 0 0 0 0 0 0 0 0 0 0 0 0 0
##$SHL_GCOCOEFFS6= (0..59)
0 0 0 0 0 0 0 0 0 0 0 0 0 0 0 0 0 0 0 0 0 0 0 0 0 0 0 0 0 0 0 0 0 0 0 0
0 0 0 0 0 0 0 0 0 0 0 0 0 0 0 0 0 0 0 0 0 0 0 0
##$SHL_GCOCOEFFS7= (0..59)
0 0 0 0 0 0 0 0 0 0 0 0 0 0 0 0 0 0 0 0 0 0 0 0 0 0 0 0 0 0 0 0 0 0 0 0
0 0 0 0 0 0 0 0 0 0 0 0 0 0 0 0 0 0 0 0 0 0 0 0
##$SHL_GCOCOEFFS8= (0..59)
0 0 0 0 0 0 0 0 0 0 0 0 0 0 0 0 0 0 0 0 0 0 0 0 0 0 0 0 0 0 0 0 0 0 0 0
0 0 0 0 0 0 0 0 0 0 0 0 0 0 0 0 0 0 0 0 0 0 0 0
##$SHL_GCOCOEFFS9= (0..59)
0 0 0 0 0 0 0 0 0 0 0 0 0 0 0 0 0 0 0 0 0 0 0 0 0 0 0 0 0 0 0 0 0 0 0 0
0 0 0 0 0 0 0 0 0 0 0 0 0 0 0 0 0 0 0 0 0 0 0 0
##$SHL_INTEGFAC= (0..15)
0.58890005 0 0 0 0 0 0 0 0 0 0 0 0 0 0 0
##$SHL_LB= (0..15)
0 0 0 0 0 0 0 0 0 0 0 0 0 0 0 0
##$SHL_LEFTLIMIT= (0..15)
0 0 0 0 0 0 0 0 0 0 0 0 0 0 0 0
##$SHL_LENGTH= (0..15)
20000 0 0 0 0 0 0 0 0 0 0 0 0 0 0 0
##$SHL_MAN= (0..15)
<> <> <> <> <> <> <> <> <> <> <> <> <> <> <> <>
##$SHL_MEANAMP= (0..15)
0 0 0 0 0 0 0 0 0 0 0 0 0 0 0 0
##$SHL_MODAMP= (0..15)
0 0 0 0 0 0 0 0 0 0 0 0 0 0 0 0
##$SHL_MODE= (0..15)
0 0 0 0 0 0 0 0 0 0 0 0 0 0 0 0
##$SHL_MODFREQ= (0..15)
0 0 0 0 0 0 0 0 0 0 0 0 0 0 0 0
##$SHL_MODPHASE= (0..15)
0 0 0 0 0 0 0 0 0 0 0 0 0 0 0 0
##$SHL_MODSCALE= (0..15)
0 0 0 0 0 0 0 0 0 0 0 0 0 0 0 0
##$SHL_MODSW= (0..15)
0 0 0 0 0 0 0 0 0 0 0 0 0 0 0 0
##$SHL_MODSWDIR= (0..15)
-1 -1 -1 -1 -1 -1 -1 -1 -1 -1 -1 -1 -1 -1 -1 -1
##$SHL_MU= (0..15)
0 0 0 0 0 0 0 0 0 0 0 0 0 0 0 0
##$SHL_NPOINTS= (0..15)
1000 0 0 0 0 0 0 0 0 0 0 0 0 0 0 0
##$SHL_OFFS= (0..15)
<> <> <> <> <> <> <> <> <> <> <> <> <> <> <> <>
##$SHL_OFFSCOEFF0= (0..95)
0 0 0 0 0 0 0 0 0 0 0 0 0 0 0 0 0 0 0 0 0 0 0 0 0 0 0 0 0 0 0 0 0 0 0 0
0 0 0 0 0 0 0 0 0 0 0 0 0 0 0 0 0 0 0 0 0 0 0 0 0 0 0 0 0 0 0 0 0 0 0 0
0 0 0 0 0 0 0 0 0 0 0 0 0 0 0 0 0 0 0 0 0 0 0 0
##$SHL_OFFSCOEFF1= (0..95)
0 0 0 0 0 0 0 0 0 0 0 0 0 0 0 0 0 0 0 0 0 0 0 0 0 0 0 0 0 0 0 0 0 0 0 0
0 0 0 0 0 0 0 0 0 0 0 0 0 0 0 0 0 0 0 0 0 0 0 0 0 0 0 0 0 0 0 0 0 0 0 0
0 0 0 0 0 0 0 0 0 0 0 0 0 0 0 0 0 0 0 0 0 0 0 0
##$SHL_OFFSCOEFF10= (0..95)
0 0 0 0 0 0 0 0 0 0 0 0 0 0 0 0 0 0 0 0 0 0 0 0 0 0 0 0 0 0 0 0 0 0 0 0
0 0 0 0 0 0 0 0 0 0 0 0 0 0 0 0 0 0 0 0 0 0 0 0 0 0 0 0 0 0 0 0 0 0 0 0
0 0 0 0 0 0 0 0 0 0 0 0 0 0 0 0 0 0 0 0 0 0 0 0
##$SHL_OFFSCOEFF11= (0..95)
0 0 0 0 0 0 0 0 0 0 0 0 0 0 0 0 0 0 0 0 0 0 0 0 0 0 0 0 0 0 0 0 0 0 0 0
0 0 0 0 0 0 0 0 0 0 0 0 0 0 0 0 0 0 0 0 0 0 0 0 0 0 0 0 0 0 0 0 0 0 0 0
0 0 0 0 0 0 0 0 0 0 0 0 0 0 0 0 0 0 0 0 0 0 0 0
##$SHL_OFFSCOEFF12= (0..95)
0 0 0 0 0 0 0 0 0 0 0 0 0 0 0 0 0 0 0 0 0 0 0 0 0 0 0 0 0 0 0 0 0 0 0 0
0 0 0 0 0 0 0 0 0 0 0 0 0 0 0 0 0 0 0 0 0 0 0 0 0 0 0 0 0 0 0 0 0 0 0 0
0 0 0 0 0 0 0 0 0 0 0 0 0 0 0 0 0 0 0 0 0 0 0 0
##$SHL_OFFSCOEFF13= (0..95)
0 0 0 0 0 0 0 0 0 0 0 0 0 0 0 0 0 0 0 0 0 0 0 0 0 0 0 0 0 0 0 0 0 0 0 0
0 0 0 0 0 0 0 0 0 0 0 0 0 0 0 0 0 0 0 0 0 0 0 0 0 0 0 0 0 0 0 0 0 0 0 0
0 0 0 0 0 0 0 0 0 0 0 0 0 0 0 0 0 0 0 0 0 0 0 0
##$SHL_OFFSCOEFF14= (0..95)
0 0 0 0 0 0 0 0 0 0 0 0 0 0 0 0 0 0 0 0 0 0 0 0 0 0 0 0 0 0 0 0 0 0 0 0
0 0 0 0 0 0 0 0 0 0 0 0 0 0 0 0 0 0 0 0 0 0 0 0 0 0 0 0 0 0 0 0 0 0 0 0
0 0 0 0 0 0 0 0 0 0 0 0 0 0 0 0 0 0 0 0 0 0 0 0
##$SHL_OFFSCOEFF15= (0..95)
0 0 0 0 0 0 0 0 0 0 0 0 0 0 0 0 0 0 0 0 0 0 0 0 0 0 0 0 0 0 0 0 0 0 0 0
0 0 0 0 0 0 0 0 0 0 0 0 0 0 0 0 0 0 0 0 0 0 0 0 0 0 0 0 0 0 0 0 0 0 0 0
0 0 0 0 0 0 0 0 0 0 0 0 0 0 0 0 0 0 0 0 0 0 0 0
##$SHL_OFFSCOEFF2= (0..95)
0 0 0 0 0 0 0 0 0 0 0 0 0 0 0 0 0 0 0 0 0 0 0 0 0 0 0 0 0 0 0 0 0 0 0 0
0 0 0 0 0 0 0 0 0 0 0 0 0 0 0 0 0 0 0 0 0 0 0 0 0 0 0 0 0 0 0 0 0 0 0 0
0 0 0 0 0 0 0 0 0 0 0 0 0 0 0 0 0 0 0 0 0 0 0 0
##$SHL_OFFSCOEFF3= (0..95)
0 0 0 0 0 0 0 0 0 0 0 0 0 0 0 0 0 0 0 0 0 0 0 0 0 0 0 0 0 0 0 0 0 0 0 0
0 0 0 0 0 0 0 0 0 0 0 0 0 0 0 0 0 0 0 0 0 0 0 0 0 0 0 0 0 0 0 0 0 0 0 0
0 0 0 0 0 0 0 0 0 0 0 0 0 0 0 0 0 0 0 0 0 0 0 0
##$SHL_OFFSCOEFF4= (0..95)
0 0 0 0 0 0 0 0 0 0 0 0 0 0 0 0 0 0 0 0 0 0 0 0 0 0 0 0 0 0 0 0 0 0 0 0
0 0 0 0 0 0 0 0 0 0 0 0 0 0 0 0 0 0 0 0 0 0 0 0 0 0 0 0 0 0 0 0 0 0 0 0
0 0 0 0 0 0 0 0 0 0 0 0 0 0 0 0 0 0 0 0 0 0 0 0
##$SHL_OFFSCOEFF5= (0..95)
0 0 0 0 0 0 0 0 0 0 0 0 0 0 0 0 0 0 0 0 0 0 0 0 0 0 0 0 0 0 0 0 0 0 0 0
0 0 0 0 0 0 0 0 0 0 0 0 0 0 0 0 0 0 0 0 0 0 0 0 0 0 0 0 0 0 0 0 0 0 0 0
0 0 0 0 0 0 0 0 0 0 0 0 0 0 0 0 0 0 0 0 0 0 0 0
##$SHL_OFFSCOEFF6= (0..95)
0 0 0 0 0 0 0 0 0 0 0 0 0 0 0 0 0 0 0 0 0 0 0 0 0 0 0 0 0 0 0 0 0 0 0 0
0 0 0 0 0 0 0 0 0 0 0 0 0 0 0 0 0 0 0 0 0 0 0 0 0 0 0 0 0 0 0 0 0 0 0 0
0 0 0 0 0 0 0 0 0 0 0 0 0 0 0 0 0 0 0 0 0 0 0 0
##$SHL_OFFSCOEFF7= (0..95)
0 0 0 0 0 0 0 0 0 0 0 0 0 0 0 0 0 0 0 0 0 0 0 0 0 0 0 0 0 0 0 0 0 0 0 0
0 0 0 0 0 0 0 0 0 0 0 0 0 0 0 0 0 0 0 0 0 0 0 0 0 0 0 0 0 0 0 0 0 0 0 0
0 0 0 0 0 0 0 0 0 0 0 0 0 0 0 0 0 0 0 0 0 0 0 0
##$SHL_OFFSCOEFF8= (0..95)
0 0 0 0 0 0 0 0 0 0 0 0 0 0 0 0 0 0 0 0 0 0 0 0 0 0 0 0 0 0 0 0 0 0 0 0
0 0 0 0 0 0 0 0 0 0 0 0 0 0 0 0 0 0 0 0 0 0 0 0 0 0 0 0 0 0 0 0 0 0 0 0
0 0 0 0 0 0 0 0 0 0 0 0 0 0 0 0 0 0 0 0 0 0 0 0
##$SHL_OFFSCOEFF9= (0..95)
0 0 0 0 0 0 0 0 0 0 0 0 0 0 0 0 0 0 0 0 0 0 0 0 0 0 0 0 0 0 0 0 0 0 0 0
0 0 0 0 0 0 0 0 0 0 0 0 0 0 0 0 0 0 0 0 0 0 0 0 0 0 0 0 0 0 0 0 0 0 0 0
0 0 0 0 0 0 0 0 0 0 0 0 0 0 0 0 0 0 0 0 0 0 0 0
##$SHL_PHASE= (0..15)
0 0 0 0 0 0 0 0 0 0 0 0 0 0 0 0
##$SHL_PHASEFAC= (0..15)
0 0 0 0 0 0 0 0 0 0 0 0 0 0 0 0
##$SHL_POWERINDEX= (0..15)
0 0 0 0 0 0 0 0 0 0 0 0 0 0 0 0
##$SHL_QUADCOEFF= (0..15)
0 0 0 0 0 0 0 0 0 0 0 0 0 0 0 0
##$SHL_RIGHTLIMIT= (0..15)
0 0 0 0 0 0 0 0 0 0 0 0 0 0 0 0
##$SHL_SCALEFACTOR= (0..15)
1 1 1 1 1 1 1 1 1 1 1 1 1 1 1 1
##$SHL_SF= (0..15)
<> <> <> <> <> <> <> <> <> <> <> <> <> <> <> <>
##$SHL_SFCOEFFS0= (0..200)
0 0 0 0 0 0 0 0 0 0 0 0 0 0 0 0 0 0 0 0 0 0 0 0 0 0 0 0 0 0 0 0 0 0 0 0
0 0 0 0 0 0 0 0 0 0 0 0 0 0 0 0 0 0 0 0 0 0 0 0 0 0 0 0 0 0 0 0 0 0 0 0
0 0 0 0 0 0 0 0 0 0 0 0 0 0 0 0 0 0 0 0 0 0 0 0 0 0 0 0 0 0 0 0 0 0 0 0
0 0 0 0 0 0 0 0 0 0 0 0 0 0 0 0 0 0 0 0 0 0 0 0 0 0 0 0 0 0 0 0 0 0 0 0
0 0 0 0 0 0 0 0 0 0 0 0 0 0 0 0 0 0 0 0 0 0 0 0 0 0 0 0 0 0 0 0 0 0 0 0
0 0 0 0 0 0 0 0 0 0 0 0 0 0 0 0 0 0 0 0 0
##$SHL_SFCOEFFS1= (0..200)
0 0 0 0 0 0 0 0 0 0 0 0 0 0 0 0 0 0 0 0 0 0 0 0 0 0 0 0 0 0 0 0 0 0 0 0
0 0 0 0 0 0 0 0 0 0 0 0 0 0 0 0 0 0 0 0 0 0 0 0 0 0 0 0 0 0 0 0 0 0 0 0
0 0 0 0 0 0 0 0 0 0 0 0 0 0 0 0 0 0 0 0 0 0 0 0 0 0 0 0 0 0 0 0 0 0 0 0
0 0 0 0 0 0 0 0 0 0 0 0 0 0 0 0 0 0 0 0 0 0 0 0 0 0 0 0 0 0 0 0 0 0 0 0
0 0 0 0 0 0 0 0 0 0 0 0 0 0 0 0 0 0 0 0 0 0 0 0 0 0 0 0 0 0 0 0 0 0 0 0
0 0 0 0 0 0 0 0 0 0 0 0 0 0 0 0 0 0 0 0 0
##$SHL_SFCOEFFS10= (0..200)
0 0 0 0 0 0 0 0 0 0 0 0 0 0 0 0 0 0 0 0 0 0 0 0 0 0 0 0 0 0 0 0 0 0 0 0
0 0 0 0 0 0 0 0 0 0 0 0 0 0 0 0 0 0 0 0 0 0 0 0 0 0 0 0 0 0 0 0 0 0 0 0
0 0 0 0 0 0 0 0 0 0 0 0 0 0 0 0 0 0 0 0 0 0 0 0 0 0 0 0 0 0 0 0 0 0 0 0
0 0 0 0 0 0 0 0 0 0 0 0 0 0 0 0 0 0 0 0 0 0 0 0 0 0 0 0 0 0 0 0 0 0 0 0
0 0 0 0 0 0 0 0 0 0 0 0 0 0 0 0 0 0 0 0 0 0 0 0 0 0 0 0 0 0 0 0 0 0 0 0
0 0 0 0 0 0 0 0 0 0 0 0 0 0 0 0 0 0 0 0 0
##$SHL_SFCOEFFS11= (0..200)
0 0 0 0 0 0 0 0 0 0 0 0 0 0 0 0 0 0 0 0 0 0 0 0 0 0 0 0 0 0 0 0 0 0 0 0
0 0 0 0 0 0 0 0 0 0 0 0 0 0 0 0 0 0 0 0 0 0 0 0 0 0 0 0 0 0 0 0 0 0 0 0
0 0 0 0 0 0 0 0 0 0 0 0 0 0 0 0 0 0 0 0 0 0 0 0 0 0 0 0 0 0 0 0 0 0 0 0
0 0 0 0 0 0 0 0 0 0 0 0 0 0 0 0 0 0 0 0 0 0 0 0 0 0 0 0 0 0 0 0 0 0 0 0
0 0 0 0 0 0 0 0 0 0 0 0 0 0 0 0 0 0 0 0 0 0 0 0 0 0 0 0 0 0 0 0 0 0 0 0
0 0 0 0 0 0 0 0 0 0 0 0 0 0 0 0 0 0 0 0 0
##$SHL_SFCOEFFS12= (0..200)
0 0 0 0 0 0 0 0 0 0 0 0 0 0 0 0 0 0 0 0 0 0 0 0 0 0 0 0 0 0 0 0 0 0 0 0
0 0 0 0 0 0 0 0 0 0 0 0 0 0 0 0 0 0 0 0 0 0 0 0 0 0 0 0 0 0 0 0 0 0 0 0
0 0 0 0 0 0 0 0 0 0 0 0 0 0 0 0 0 0 0 0 0 0 0 0 0 0 0 0 0 0 0 0 0 0 0 0
0 0 0 0 0 0 0 0 0 0 0 0 0 0 0 0 0 0 0 0 0 0 0 0 0 0 0 0 0 0 0 0 0 0 0 0
0 0 0 0 0 0 0 0 0 0 0 0 0 0 0 0 0 0 0 0 0 0 0 0 0 0 0 0 0 0 0 0 0 0 0 0
0 0 0 0 0 0 0 0 0 0 0 0 0 0 0 0 0 0 0 0 0
##$SHL_SFCOEFFS13= (0..200)
0 0 0 0 0 0 0 0 0 0 0 0 0 0 0 0 0 0 0 0 0 0 0 0 0 0 0 0 0 0 0 0 0 0 0 0
0 0 0 0 0 0 0 0 0 0 0 0 0 0 0 0 0 0 0 0 0 0 0 0 0 0 0 0 0 0 0 0 0 0 0 0
0 0 0 0 0 0 0 0 0 0 0 0 0 0 0 0 0 0 0 0 0 0 0 0 0 0 0 0 0 0 0 0 0 0 0 0
0 0 0 0 0 0 0 0 0 0 0 0 0 0 0 0 0 0 0 0 0 0 0 0 0 0 0 0 0 0 0 0 0 0 0 0
0 0 0 0 0 0 0 0 0 0 0 0 0 0 0 0 0 0 0 0 0 0 0 0 0 0 0 0 0 0 0 0 0 0 0 0
0 0 0 0 0 0 0 0 0 0 0 0 0 0 0 0 0 0 0 0 0
##$SHL_SFCOEFFS14= (0..200)
0 0 0 0 0 0 0 0 0 0 0 0 0 0 0 0 0 0 0 0 0 0 0 0 0 0 0 0 0 0 0 0 0 0 0 0
0 0 0 0 0 0 0 0 0 0 0 0 0 0 0 0 0 0 0 0 0 0 0 0 0 0 0 0 0 0 0 0 0 0 0 0
0 0 0 0 0 0 0 0 0 0 0 0 0 0 0 0 0 0 0 0 0 0 0 0 0 0 0 0 0 0 0 0 0 0 0 0
0 0 0 0 0 0 0 0 0 0 0 0 0 0 0 0 0 0 0 0 0 0 0 0 0 0 0 0 0 0 0 0 0 0 0 0
0 0 0 0 0 0 0 0 0 0 0 0 0 0 0 0 0 0 0 0 0 0 0 0 0 0 0 0 0 0 0 0 0 0 0 0
0 0 0 0 0 0 0 0 0 0 0 0 0 0 0 0 0 0 0 0 0
##$SHL_SFCOEFFS15= (0..200)
0 0 0 0 0 0 0 0 0 0 0 0 0 0 0 0 0 0 0 0 0 0 0 0 0 0 0 0 0 0 0 0 0 0 0 0
0 0 0 0 0 0 0 0 0 0 0 0 0 0 0 0 0 0 0 0 0 0 0 0 0 0 0 0 0 0 0 0 0 0 0 0
0 0 0 0 0 0 0 0 0 0 0 0 0 0 0 0 0 0 0 0 0 0 0 0 0 0 0 0 0 0 0 0 0 0 0 0
0 0 0 0 0 0 0 0 0 0 0 0 0 0 0 0 0 0 0 0 0 0 0 0 0 0 0 0 0 0 0 0 0 0 0 0
0 0 0 0 0 0 0 0 0 0 0 0 0 0 0 0 0 0 0 0 0 0 0 0 0 0 0 0 0 0 0 0 0 0 0 0
0 0 0 0 0 0 0 0 0 0 0 0 0 0 0 0 0 0 0 0 0
##$SHL_SFCOEFFS2= (0..200)
0 0 0 0 0 0 0 0 0 0 0 0 0 0 0 0 0 0 0 0 0 0 0 0 0 0 0 0 0 0 0 0 0 0 0 0
0 0 0 0 0 0 0 0 0 0 0 0 0 0 0 0 0 0 0 0 0 0 0 0 0 0 0 0 0 0 0 0 0 0 0 0
0 0 0 0 0 0 0 0 0 0 0 0 0 0 0 0 0 0 0 0 0 0 0 0 0 0 0 0 0 0 0 0 0 0 0 0
0 0 0 0 0 0 0 0 0 0 0 0 0 0 0 0 0 0 0 0 0 0 0 0 0 0 0 0 0 0 0 0 0 0 0 0
0 0 0 0 0 0 0 0 0 0 0 0 0 0 0 0 0 0 0 0 0 0 0 0 0 0 0 0 0 0 0 0 0 0 0 0
0 0 0 0 0 0 0 0 0 0 0 0 0 0 0 0 0 0 0 0 0
##$SHL_SFCOEFFS3= (0..200)
0 0 0 0 0 0 0 0 0 0 0 0 0 0 0 0 0 0 0 0 0 0 0 0 0 0 0 0 0 0 0 0 0 0 0 0
0 0 0 0 0 0 0 0 0 0 0 0 0 0 0 0 0 0 0 0 0 0 0 0 0 0 0 0 0 0 0 0 0 0 0 0
0 0 0 0 0 0 0 0 0 0 0 0 0 0 0 0 0 0 0 0 0 0 0 0 0 0 0 0 0 0 0 0 0 0 0 0
0 0 0 0 0 0 0 0 0 0 0 0 0 0 0 0 0 0 0 0 0 0 0 0 0 0 0 0 0 0 0 0 0 0 0 0
0 0 0 0 0 0 0 0 0 0 0 0 0 0 0 0 0 0 0 0 0 0 0 0 0 0 0 0 0 0 0 0 0 0 0 0
0 0 0 0 0 0 0 0 0 0 0 0 0 0 0 0 0 0 0 0 0
##$SHL_SFCOEFFS4= (0..200)
0 0 0 0 0 0 0 0 0 0 0 0 0 0 0 0 0 0 0 0 0 0 0 0 0 0 0 0 0 0 0 0 0 0 0 0
0 0 0 0 0 0 0 0 0 0 0 0 0 0 0 0 0 0 0 0 0 0 0 0 0 0 0 0 0 0 0 0 0 0 0 0
0 0 0 0 0 0 0 0 0 0 0 0 0 0 0 0 0 0 0 0 0 0 0 0 0 0 0 0 0 0 0 0 0 0 0 0
0 0 0 0 0 0 0 0 0 0 0 0 0 0 0 0 0 0 0 0 0 0 0 0 0 0 0 0 0 0 0 0 0 0 0 0
0 0 0 0 0 0 0 0 0 0 0 0 0 0 0 0 0 0 0 0 0 0 0 0 0 0 0 0 0 0 0 0 0 0 0 0
0 0 0 0 0 0 0 0 0 0 0 0 0 0 0 0 0 0 0 0 0
##$SHL_SFCOEFFS5= (0..200)
0 0 0 0 0 0 0 0 0 0 0 0 0 0 0 0 0 0 0 0 0 0 0 0 0 0 0 0 0 0 0 0 0 0 0 0
0 0 0 0 0 0 0 0 0 0 0 0 0 0 0 0 0 0 0 0 0 0 0 0 0 0 0 0 0 0 0 0 0 0 0 0
0 0 0 0 0 0 0 0 0 0 0 0 0 0 0 0 0 0 0 0 0 0 0 0 0 0 0 0 0 0 0 0 0 0 0 0
0 0 0 0 0 0 0 0 0 0 0 0 0 0 0 0 0 0 0 0 0 0 0 0 0 0 0 0 0 0 0 0 0 0 0 0
0 0 0 0 0 0 0 0 0 0 0 0 0 0 0 0 0 0 0 0 0 0 0 0 0 0 0 0 0 0 0 0 0 0 0 0
0 0 0 0 0 0 0 0 0 0 0 0 0 0 0 0 0 0 0 0 0
##$SHL_SFCOEFFS6= (0..200)
0 0 0 0 0 0 0 0 0 0 0 0 0 0 0 0 0 0 0 0 0 0 0 0 0 0 0 0 0 0 0 0 0 0 0 0
0 0 0 0 0 0 0 0 0 0 0 0 0 0 0 0 0 0 0 0 0 0 0 0 0 0 0 0 0 0 0 0 0 0 0 0
0 0 0 0 0 0 0 0 0 0 0 0 0 0 0 0 0 0 0 0 0 0 0 0 0 0 0 0 0 0 0 0 0 0 0 0
0 0 0 0 0 0 0 0 0 0 0 0 0 0 0 0 0 0 0 0 0 0 0 0 0 0 0 0 0 0 0 0 0 0 0 0
0 0 0 0 0 0 0 0 0 0 0 0 0 0 0 0 0 0 0 0 0 0 0 0 0 0 0 0 0 0 0 0 0 0 0 0
0 0 0 0 0 0 0 0 0 0 0 0 0 0 0 0 0 0 0 0 0
##$SHL_SFCOEFFS7= (0..200)
0 0 0 0 0 0 0 0 0 0 0 0 0 0 0 0 0 0 0 0 0 0 0 0 0 0 0 0 0 0 0 0 0 0 0 0
0 0 0 0 0 0 0 0 0 0 0 0 0 0 0 0 0 0 0 0 0 0 0 0 0 0 0 0 0 0 0 0 0 0 0 0
0 0 0 0 0 0 0 0 0 0 0 0 0 0 0 0 0 0 0 0 0 0 0 0 0 0 0 0 0 0 0 0 0 0 0 0
0 0 0 0 0 0 0 0 0 0 0 0 0 0 0 0 0 0 0 0 0 0 0 0 0 0 0 0 0 0 0 0 0 0 0 0
0 0 0 0 0 0 0 0 0 0 0 0 0 0 0 0 0 0 0 0 0 0 0 0 0 0 0 0 0 0 0 0 0 0 0 0
0 0 0 0 0 0 0 0 0 0 0 0 0 0 0 0 0 0 0 0 0
##$SHL_SFCOEFFS8= (0..200)
0 0 0 0 0 0 0 0 0 0 0 0 0 0 0 0 0 0 0 0 0 0 0 0 0 0 0 0 0 0 0 0 0 0 0 0
0 0 0 0 0 0 0 0 0 0 0 0 0 0 0 0 0 0 0 0 0 0 0 0 0 0 0 0 0 0 0 0 0 0 0 0
0 0 0 0 0 0 0 0 0 0 0 0 0 0 0 0 0 0 0 0 0 0 0 0 0 0 0 0 0 0 0 0 0 0 0 0
0 0 0 0 0 0 0 0 0 0 0 0 0 0 0 0 0 0 0 0 0 0 0 0 0 0 0 0 0 0 0 0 0 0 0 0
0 0 0 0 0 0 0 0 0 0 0 0 0 0 0 0 0 0 0 0 0 0 0 0 0 0 0 0 0 0 0 0 0 0 0 0
0 0 0 0 0 0 0 0 0 0 0 0 0 0 0 0 0 0 0 0 0
##$SHL_SFCOEFFS9= (0..200)
0 0 0 0 0 0 0 0 0 0 0 0 0 0 0 0 0 0 0 0 0 0 0 0 0 0 0 0 0 0 0 0 0 0 0 0
0 0 0 0 0 0 0 0 0 0 0 0 0 0 0 0 0 0 0 0 0 0 0 0 0 0 0 0 0 0 0 0 0 0 0 0
0 0 0 0 0 0 0 0 0 0 0 0 0 0 0 0 0 0 0 0 0 0 0 0 0 0 0 0 0 0 0 0 0 0 0 0
0 0 0 0 0 0 0 0 0 0 0 0 0 0 0 0 0 0 0 0 0 0 0 0 0 0 0 0 0 0 0 0 0 0 0 0
0 0 0 0 0 0 0 0 0 0 0 0 0 0 0 0 0 0 0 0 0 0 0 0 0 0 0 0 0 0 0 0 0 0 0 0
0 0 0 0 0 0 0 0 0 0 0 0 0 0 0 0 0 0 0 0 0
##$SHL_SMOOTHED= (0..15)
0 0 0 0 0 0 0 0 0 0 0 0 0 0 0 0
##$SHL_SMOOTHING= (0..15)
0 0 0 0 0 0 0 0 0 0 0 0 0 0 0 0
##$SHL_SPOAL= (0..15)
0 0 0 0 0 0 0 0 0 0 0 0 0 0 0 0
##$SHL_SPOFFS= (0..15)
0 0 0 0 0 0 0 0 0 0 0 0 0 0 0 0
##$SHL_SPOPH= (0..15)
0 0 0 0 0 0 0 0 0 0 0 0 0 0 0 0
##$SHL_STARTAMP= (0..15)
0 0 0 0 0 0 0 0 0 0 0 0 0 0 0 0
##$SHL_SW= (0..15)
0 0 0 0 0 0 0 0 0 0 0 0 0 0 0 0
##$SHL_SWDIR= (0..15)
-1 -1 -1 -1 -1 -1 -1 -1 -1 -1 -1 -1 -1 -1 -1 -1
##$SHL_TANKAPPA= (0..15)
0 0 0 0 0 0 0 0 0 0 0 0 0 0 0 0
##$SHL_TOTROT= (0..15)
90 0 0 0 0 0 0 0 0 0 0 0 0 0 0 0
##$SHL_TRUNCLEV= (0..15)
0 0 0 0 0 0 0 0 0 0 0 0 0 0 0 0
##$SHL_TYPE= (0..15)
<Excitation> <> <> <> <> <> <> <> <> <> <> <> <> <> <> <>
##$SHL_WINDOWSIZE= (0..15)
0 0 0 0 0 0 0 0 0 0 0 0 0 0 0 0
##$SHL_ZETA= (0..15)
0 0 0 0 0 0 0 0 0 0 0 0 0 0 0 0
##NPOINTS= 1000
##XYPOINTS= (XY..XY)
0.000000, 357.813180
0.199287, 353.439540
0.394702, 349.065900
0.582758, 344.692260
0.760025, 340.318620
0.923159, 335.944980
1.068938, 331.571340
1.194297, 327.197700
1.296354, 322.824060
1.372445, 318.450420
1.420149, 314.076780
1.437319, 309.703140
1.422102, 305.329500
1.372962, 300.955860
1.288702, 296.582220
1.168480, 292.208580
1.011819, 287.834940
0.818626, 283.461300
0.589190, 279.087660
0.324194, 274.714020
0.024714, 270.340380
0.307786, 85.966740
0.671454, 81.593100
1.064065, 77.219460
1.483030, 72.845820
1.925410, 68.472180
2.387939, 64.098540
2.867044, 59.724900
3.358870, 55.351260
3.859303, 50.977620
4.364010, 46.603980
4.868465, 42.230340
5.367981, 37.856700
5.857755, 33.483060
6.332902, 29.109420
6.788489, 24.735780
7.219590, 20.362140
7.621312, 15.988500
7.988847, 11.614860
8.317512, 7.241220
8.602791, 2.867580
8.840373, 358.493940
9.026197, 354.120300
9.156490, 349.746660
9.227803, 345.373020
9.237052, 340.999380
9.181551, 336.625740
9.059023, 332.252100
8.867672, 327.878460
8.606177, 323.504820
8.273713, 319.131180
7.869986, 314.757540
7.395237, 310.383900
6.850262, 306.010260
6.236412, 301.636620
5.555606, 297.262980
4.810324, 292.889340
4.003599, 288.515700
3.139014, 284.142060
2.220693, 279.768420
1.253270, 275.394780
0.241876, 271.021140
0.807884, 86.647500
1.889970, 82.273860
2.997932, 77.900220
4.124956, 73.526580
5.263892, 69.152940
6.407320, 64.779300
7.547566, 60.405660
8.676784, 56.032020
9.786991, 51.658380
10.870109, 47.284740
11.918048, 42.911100
12.922758, 38.537460
13.876248, 34.163820
14.770713, 29.790180
15.598525, 25.416540
16.352333, 21.042900
17.025111, 16.669260
17.610192, 12.295620
18.101368, 7.921980
18.492900, 3.548340
18.779592, 359.174700
18.956811, 354.801060
19.020592, 350.427420
18.967588, 346.053780
18.795196, 341.680140
18.501530, 337.306500
18.085481, 332.932860
17.546708, 328.559220
16.885716, 324.185580
16.103785, 319.811940
15.203067, 315.438300
14.186504, 311.064660
13.057897, 306.691020
11.821851, 302.317380
10.483781, 297.943740
9.049875, 293.570100
7.527099, 289.196460
5.923123, 284.822820
4.246319, 280.449180
2.505703, 276.075540
0.710888, 271.701900
1.127964, 87.328260
3.000202, 82.954620
4.894745, 78.580980
6.800147, 74.207340
8.704671, 69.833700
10.596349, 65.460060
12.463068, 61.086420
14.292638, 56.712780
16.072877, 52.339140
17.791684, 47.965500
19.437135, 43.591860
20.997523, 39.218220
22.461495, 34.844580
23.818086, 30.470940
25.056823, 26.097300
26.167782, 21.723660
27.141680, 17.350020
27.969916, 12.976380
28.644688, 8.602740
29.159008, 4.229100
29.506786, 359.855460
29.682860, 355.481820
29.683078, 351.108180
29.504335, 346.734540
29.144560, 342.360900
28.602822, 337.987260
27.879299, 333.613620
26.975318, 329.239980
25.893352, 324.866340
24.637028, 320.492700
23.211133, 316.119060
21.621585, 311.745420
19.875410, 307.371780
17.980735, 302.998140
15.946740, 298.624500
13.783617, 294.250860
11.502508, 289.877220
9.115481, 285.503580
6.635433, 281.129940
4.076045, 276.756300
1.451693, 272.382660
1.222626, 88.009020
3.931379, 83.635380
6.658591, 79.261740
9.387936, 74.888100
12.102832, 70.514460
14.786549, 66.140820
17.422303, 61.767180
19.993369, 57.393540
22.483178, 53.019900
24.875430, 48.646260
27.154192, 44.272620
29.304005, 39.898980
31.309995, 35.525340
33.157962, 31.151700
34.834487, 26.778060
36.327023, 22.404420
37.623955, 18.030780
38.714760, 13.657140
39.589997, 9.283500
40.241443, 4.909860
40.662129, 0.536220
40.846415, 356.162580
40.790027, 351.788940
40.490108, 347.415300
39.945263, 343.041660
39.155578, 338.668020
38.122616, 334.294380
36.849466, 329.920740
35.340723, 325.547100
33.602467, 321.173460
31.642262, 316.799820
29.469107, 312.426180
27.093422, 308.052540
24.526989, 303.678900
21.782888, 299.305260
18.875440, 294.931620
15.820139, 290.557980
12.633551, 286.184340
9.333249, 281.810700
5.937695, 277.437060
2.466151, 273.063420
1.061436, 88.689780
4.624548, 84.316140
8.202216, 79.942500
11.773144, 75.568860
15.315830, 71.195220
18.808710, 66.821580
22.230271, 62.447940
25.559191, 58.074300
28.774485, 53.700660
31.855611, 49.327020
34.782629, 44.953380
37.536297, 40.579740
40.098219, 36.206100
42.450976, 31.832460
44.578214, 27.458820
46.464756, 23.085180
48.096749, 18.711540
49.461713, 14.337900
50.548651, 9.964260
51.348138, 5.590620
51.852381, 1.216980
52.055287, 356.843340
51.952538, 352.469700
51.541578, 348.096060
50.821732, 343.722420
49.794135, 339.348780
48.461822, 334.975140
46.829679, 330.601500
44.904446, 326.227860
42.694704, 321.854220
40.210820, 317.480580
37.464923, 313.106940
34.470820, 308.733300
31.243965, 304.359660
27.801345, 299.986020
24.161408, 295.612380
20.343965, 291.238740
16.370079, 286.865100
12.261946, 282.491460
8.042780, 278.117820
3.736672, 273.744180
0.631541, 89.370540
5.036427, 84.996900
9.452103, 80.623260
13.852384, 76.249620
18.210949, 71.875980
22.501492, 67.502340
26.697875, 63.128700
30.774312, 58.755060
34.705490, 54.381420
38.466766, 50.007780
42.034284, 45.634140
45.385168, 41.260500
48.497619, 36.886860
51.351109, 32.513220
53.926460, 28.139580
56.206019, 23.765940
58.173746, 19.392300
59.815345, 15.018660
61.118346, 10.645020
62.072212, 6.271380
62.668399, 1.897740
62.900436, 357.524100
62.763988, 353.150460
62.256888, 348.776820
61.379150, 344.403180
60.133024, 340.029540
58.522980, 335.655900
56.555688, 331.282260
54.240007, 326.908620
51.586956, 322.534980
48.609652, 318.161340
45.323235, 313.787700
41.744829, 309.414060
37.893412, 305.040420
33.789746, 300.666780
29.456250, 296.293140
24.916891, 291.919500
20.197026, 287.545860
15.323291, 283.172220
10.323424, 278.798580
5.226121, 274.424940
0.060869, 270.051300
5.142232, 85.677660
10.352639, 81.304020
15.539552, 76.930380
20.672089, 72.556740
25.719481, 68.183100
30.651246, 63.809460
35.437390, 59.435820
40.048566, 55.062180
44.456285, 50.688540
48.633062, 46.314900
52.552609, 41.941260
56.189991, 37.567620
59.521790, 33.193980
62.526258, 28.820340
65.183442, 24.446700
67.475324, 20.073060
69.385955, 15.699420
70.901540, 11.325780
72.010548, 6.952140
72.703814, 2.578500
72.974568, 358.204860
72.818501, 353.831220
72.233846, 349.457580
71.221357, 345.083940
69.784343, 340.710300
67.928654, 336.336660
65.662662, 331.963020
62.997241, 327.589380
59.945697, 323.215740
56.523727, 318.842100
52.749294, 314.468460
48.642600, 310.094820
44.225913, 305.721180
39.523483, 301.347540
34.561407, 296.973900
29.367469, 292.600260
23.970990, 288.226620
18.402666, 283.852980
12.694387, 279.479340
6.879054, 275.105700
0.990392, 270.732060
4.937254, 86.358420
10.869113, 81.984780
16.770201, 77.611140
22.605520, 73.237500
28.340277, 68.863860
33.940084, 64.490220
39.371170, 60.116580
44.600590, 55.742940
49.596407, 51.369300
54.327914, 46.995660
58.765811, 42.622020
62.882388, 38.248380
66.651684, 33.874740
70.049687, 29.501100
73.054440, 25.127460
75.646235, 20.753820
77.807694, 16.380180
79.523915, 12.006540
80.782542, 7.632900
81.573900, 3.259260
81.891028, 358.885620
81.729714, 354.511980
81.088608, 350.138340
79.969171, 345.764700
78.375696, 341.391060
76.315343, 337.017420
73.798034, 332.643780
70.836467, 328.270140
67.446019, 323.896500
63.644690, 319.522860
59.452988, 315.149220
54.893839, 310.775580
49.992431, 306.401940
44.776110, 302.028300
39.274190, 297.654660
33.517824, 293.281020
27.539793, 288.907380
21.374347, 284.533740
15.056982, 280.160100
8.624250, 275.786460
2.113544, 271.412820
4.437128, 87.039180
10.989360, 82.665540
17.504580, 78.291900
23.944272, 73.918260
30.270211, 69.544620
36.444692, 65.170980
42.430752, 60.797340
48.192397, 56.423700
53.694814, 52.050060
58.904593, 47.676420
63.789924, 43.302780
68.320789, 38.929140
72.469156, 34.555500
76.209151, 30.181860
79.517201, 25.808220
82.372224, 21.434580
84.755732, 17.060940
86.651938, 12.687300
88.047908, 8.313660
88.933600, 3.940020
89.301953, 359.566380
89.148959, 355.192740
88.473661, 350.819100
87.278195, 346.445460
85.567771, 342.071820
83.350669, 337.698180
80.638186, 333.324540
77.444595, 328.950900
73.787066, 324.577260
69.685539, 320.203620
65.162682, 315.829980
60.243705, 311.456340
54.956240, 307.082700
49.330194, 302.709060
43.397565, 298.335420
37.192272, 293.961780
30.749946, 289.588140
24.107719, 285.214500
17.304037, 280.840860
10.378401, 276.467220
3.371159, 272.093580
3.676738, 87.719940
10.723980, 83.346300
17.729141, 78.972660
24.650922, 74.599020
31.448399, 70.225380
38.081260, 65.851740
44.510063, 61.478100
50.696453, 57.104460
56.603404, 52.730820
62.195434, 48.357180
67.438838, 43.983540
72.301868, 39.609900
76.754942, 35.236260
80.770808, 30.862620
84.324754, 26.488980
87.394712, 22.115340
89.961420, 17.741700
92.008523, 13.368060
93.522728, 8.994420
94.493818, 4.620780
94.914787, 0.247140
94.781840, 355.873500
94.094450, 351.499860
92.855355, 347.126220
91.070571, 342.752580
88.749332, 338.378940
85.904067, 334.005300
82.550315, 329.631660
78.706669, 325.258020
74.394636, 320.884380
69.638538, 316.510740
64.465373, 312.137100
58.904645, 307.763460
52.988216, 303.389820
46.750108, 299.016180
40.226311, 294.642540
33.454565, 290.268900
26.474152, 285.895260
19.325664, 281.521620
12.050750, 277.147980
4.691892, 272.774340
2.707858, 88.400700
10.105129, 84.027060
17.456487, 79.653420
24.718692, 75.279780
31.848955, 70.906140
38.805196, 66.532500
45.546279, 62.158860
52.032288, 57.785220
58.224725, 53.411580
64.086779, 49.037940
69.583526, 44.664300
74.682126, 40.290660
79.352065, 35.917020
83.565292, 31.543380
87.296412, 27.169740
90.522831, 22.796100
93.224904, 18.422460
95.386062, 14.048820
96.992883, 9.675180
98.035205, 5.301540
98.506181, 0.927900
98.402313, 356.554260
97.723507, 352.180620
96.473039, 347.806980
94.657579, 343.433340
92.287104, 339.059700
89.374913, 334.686060
85.937476, 330.312420
81.994404, 325.938780
77.568300, 321.565140
72.684629, 317.191500
67.371587, 312.817860
61.659935, 308.444220
55.582793, 304.070580
49.175490, 299.696940
42.475313, 295.323300
35.521314, 290.949660
28.354078, 286.576020
21.015478, 282.202380
13.548426, 277.828740
5.996630, 273.455100
1.595674, 89.081460
9.183978, 84.707820
16.723766, 80.334180
24.170779, 75.960540
31.481279, 71.586900
38.612297, 67.213260
45.521906, 62.839620
52.169456, 58.465980
58.515819, 54.092340
64.523617, 49.718700
70.157459, 45.345060
75.384136, 40.971420
80.172816, 36.597780
84.495249, 32.224140
88.325904, 27.850500
91.642150, 23.476860
94.424384, 19.103220
96.656127, 14.729580
98.324146, 10.355940
99.418536, 5.982300
99.932749, 1.608660
99.863664, 357.235020
99.211593, 352.861380
97.980285, 348.487740
96.176907, 344.114100
93.811981, 339.740460
90.899343, 335.366820
87.456059, 330.993180
83.502319, 326.619540
79.061319, 322.245900
74.159124, 317.872260
68.824521, 313.498620
63.088827, 309.124980
56.985723, 304.751340
50.551052, 300.377700
43.822601, 296.004060
36.839886, 291.630420
29.643900, 287.256780
22.276891, 282.883140
14.782101, 278.509500
7.203508, 274.135860
0.414428, 89.762220
8.027031, 85.388580
15.589674, 81.014940
23.058042, 76.641300
30.388396, 72.267660
37.537824, 67.894020
44.464509, 63.520380
51.127960, 59.146740
57.489262, 54.773100
63.511291, 50.399460
69.158964, 46.025820
74.399403, 41.652180
79.202156, 37.278540
83.539368, 32.904900
87.385945, 28.531260
90.719708, 24.157620
93.521498, 19.783980
95.775320, 15.410340
97.468409, 11.036700
98.591303, 6.663060
99.137924, 2.289420
99.105593, 357.915780
98.495013, 353.542140
97.310330, 349.168500
95.559037, 344.794860
93.251965, 340.421220
90.403216, 336.047580
87.030059, 331.673940
83.152821, 327.300300
78.794802, 322.926660
73.982073, 318.553020
68.743385, 314.179380
63.109941, 309.805740
57.115242, 305.432100
50.794866, 301.058460
44.186276, 296.684820
37.328574, 292.311180
30.262284, 287.937540
23.029104, 283.563900
15.671652, 279.190260
8.233224, 274.816620
0.757533, 270.442980
6.711554, 86.069340
14.130272, 81.695700
21.455216, 77.322060
28.643604, 72.948420
35.653518, 68.574780
42.444157, 64.201140
48.976084, 59.827500
55.211433, 55.453860
61.114165, 51.080220
66.650251, 46.706580
71.787871, 42.332940
76.497627, 37.959300
80.752660, 33.585660
84.528871, 29.212020
87.805004, 24.838380
90.562781, 20.464740
92.787034, 16.091100
94.465739, 11.717460
95.590116, 7.343820
96.154676, 2.970180
96.157225, 358.596540
95.598886, 354.222900
94.484080, 349.849260
92.820506, 345.475620
90.619067, 341.101980
87.893812, 336.728340
84.661852, 332.354700
80.943227, 327.981060
76.760817, 323.607420
72.140173, 319.233780
67.109376, 314.860140
61.698845, 310.486500
55.941179, 306.112860
49.870938, 301.739220
43.524446, 297.365580
36.939560, 292.991940
30.155459, 288.618300
23.212386, 284.244660
16.151436, 279.871020
9.014288, 275.497380
1.842963, 271.123740
5.320421, 86.750100
12.433900, 82.376460
19.455918, 78.002820
26.345564, 73.629180
33.062814, 69.255540
39.568770, 64.881900
45.825882, 60.508260
51.798173, 56.134620
57.451432, 51.760980
62.753435, 47.387340
67.674118, 43.013700
72.185744, 38.640060
76.263063, 34.266420
79.883457, 29.892780
83.027074, 25.519140
85.676913, 21.145500
87.818967, 16.771860
89.442207, 12.398220
90.538753, 8.024580
91.103820, 3.650940
91.135760, 359.277300
90.636090, 354.903660
89.609445, 350.530020
88.063557, 346.156380
86.009194, 341.782740
83.460055, 337.409100
80.432754, 333.035460
76.946632, 328.661820
73.023676, 324.288180
68.688383, 319.914540
63.967585, 315.540900
58.890302, 311.167260
53.487546, 306.793620
47.792143, 302.419980
41.838519, 298.046340
35.662507, 293.672700
29.301124, 289.299060
22.792337, 284.925420
16.174851, 280.551780
9.487864, 276.178140
2.770839, 271.804500
3.936729, 87.430860
10.595552, 83.057220
17.166778, 78.683580
23.612221, 74.309940
29.894582, 69.936300
35.977667, 65.562660
41.826602, 61.189020
47.408028, 56.815380
52.690299, 52.441740
57.643655, 48.068100
62.240396, 43.694460
66.455041, 39.320820
70.264469, 34.947180
73.648026, 30.573540
76.587680, 26.199900
79.068068, 21.826260
81.076613, 17.452620
82.603578, 13.078980
83.642085, 8.705340
84.188197, 4.331700
84.240867, 359.958060
83.801993, 355.584420
82.876331, 351.210780
81.471520, 346.837140
79.597957, 342.463500
77.268778, 338.089860
74.499737, 333.716220
71.309118, 329.342580
67.717601, 324.968940
63.748148, 320.595300
59.425812, 316.221660
54.777641, 311.848020
49.832469, 307.474380
44.620724, 303.100740
39.174292, 298.727100
33.526270, 294.353460
27.710782, 289.979820
21.762783, 285.606180
15.717830, 281.232540
9.611877, 276.858900
3.481056, 272.485260
2.638533, 88.111620
8.711041, 83.737980
14.701080, 79.364340
20.573933, 74.990700
26.295750, 70.617060
31.833748, 66.243420
37.156411, 61.869780
42.233652, 57.496140
47.036992, 53.122500
51.539726, 48.748860
55.717064, 44.375220
59.546275, 40.001580
63.006803, 35.627940
66.080387, 31.254300
68.751147, 26.880660
71.005675, 22.507020
72.833090, 18.133380
74.225104, 13.759740
75.176037, 9.386100
75.682857, 5.012460
75.745172, 0.638820
75.365200, 356.265180
74.547778, 351.891540
73.300310, 347.517900
71.632657, 343.144260
69.557153, 338.770620
67.088432, 334.396980
64.243381, 330.023340
61.041002, 325.649700
57.502301, 321.276060
53.650144, 316.902420
49.509102, 312.528780
45.105308, 308.155140
40.466275, 303.781500
35.620752, 299.407860
30.598522, 295.034220
25.430215, 290.660580
20.147138, 286.286940
14.781077, 281.913300
9.364102, 277.539660
3.928375, 273.166020
1.494038, 88.792380
6.871363, 84.418740
12.172302, 80.045100
17.366214, 75.671460
22.423298, 71.297820
27.314766, 66.924180
32.012997, 62.550540
36.491712, 58.176900
40.726099, 53.803260
44.692976, 49.429620
48.370888, 45.055980
51.740262, 40.682340
54.783472, 36.308700
57.484958, 31.935060
59.831284, 27.561420
61.811213, 23.187780
63.415768, 18.814140
64.638271, 14.440500
65.474315, 10.066860
65.921866, 5.693220
65.981167, 1.319580
65.654779, 356.945940
64.947519, 352.572300
63.866449, 348.198660
62.420760, 343.825020
60.621767, 339.451380
58.482774, 335.077740
56.019000, 330.704100
53.247481, 326.330460
50.186947, 321.956820
46.857689, 317.583180
43.281434, 313.209540
39.481217, 308.835900
35.481206, 304.462260
31.306563, 300.088620
26.983293, 295.714980
22.538069, 291.341340
17.998072, 286.967700
13.390827, 282.594060
8.744029, 278.220420
4.085384, 273.846780
0.557562, 89.473140
5.157587, 85.099500
9.687950, 80.725860
14.122552, 76.352220
18.436078, 71.978580
22.604157, 67.604940
26.603480, 63.231300
30.411959, 58.857660
34.008809, 54.484020
37.374705, 50.110380
40.491860, 45.736740
43.344109, 41.363100
45.917028, 36.989460
48.197968, 32.615820
50.176141, 28.242180
51.842648, 23.868540
53.190534, 19.494900
54.214796, 15.121260
54.912415, 10.747620
55.282343, 6.373980
55.325485, 2.000340
55.044694, 357.626700
54.444726, 353.253060
53.532176, 348.879420
52.315467, 344.505780
50.804737, 340.132140
49.011788, 335.758500
46.949984, 331.384860
44.634170, 327.011220
42.080562, 322.637580
39.306620, 318.263940
36.330976, 313.890300
33.173246, 309.516660
29.853970, 305.143020
26.394422, 300.769380
22.816509, 296.395740
19.142623, 292.022100
15.395497, 287.648460
11.598071, 283.274820
7.773346, 278.901180
3.944245, 274.527540
0.133482, 270.153900
3.636581, 85.780260
7.344061, 81.406620
10.967682, 77.032980
14.486903, 72.659340
17.882022, 68.285700
21.134304, 63.912060
24.226060, 59.538420
27.140766, 55.164780
29.863148, 50.791140
32.379240, 46.417500
34.676477, 42.043860
36.743750, 37.670220
38.571448, 33.296580
40.151515, 28.922940
41.477475, 24.549300
42.544432, 20.175660
43.349143, 15.802020
43.889929, 11.428380
44.166764, 7.054740
44.181174, 2.681100
43.936263, 358.307460
43.436657, 353.933820
42.688450, 349.560180
41.699162, 345.186540
40.477689, 340.812900
39.034201, 336.439260
37.380087, 332.065620
35.527859, 327.691980
33.491068, 323.318340
31.284224, 318.944700
28.922664, 314.571060
26.422468, 310.197420
23.800353, 305.823780
21.073558, 301.450140
18.259727, 297.076500
15.376806, 292.702860
12.442921, 288.329220
9.476274, 283.955580
6.495013, 279.581940
3.517145, 275.208300
0.560410, 270.834660
2.357822, 86.461020
5.220645, 82.087380
8.011723, 77.713740
10.715380, 73.340100
13.316689, 68.966460
15.801550, 64.592820
18.156770, 60.219180
20.370129, 55.845540
22.430446, 51.471900
24.327628, 47.098260
26.052726, 42.724620
27.597969, 38.350980
28.956792, 33.977340
30.123868, 29.603700
31.095114, 25.230060
31.867709, 20.856420
32.440084, 16.482780
32.811934, 12.109140
32.984148, 7.735500
32.958873, 3.361860
32.739405, 358.988220
32.330178, 354.614580
31.736723, 350.240940
30.965634, 345.867300
30.024475, 341.493660
28.921732, 337.120020
27.666762, 332.746380
26.269708, 328.372740
24.741415, 323.999100
23.093368, 319.625460
21.337588, 315.251820
19.486591, 310.878180
17.553244, 306.504540
15.550717, 302.130900
13.492395, 297.757260
11.391769, 293.383620
9.262367, 289.009980
7.117653, 284.636340
4.970963, 280.262700
2.835406, 275.889060
0.723788, 271.515420
1.351459, 87.141780
3.378356, 82.768140
5.345439, 78.394500
7.241831, 74.020860
9.057293, 69.647220
10.782287, 65.273580
12.408015, 60.899940
13.926472, 56.526300
15.330476, 52.152660
16.613714, 47.779020
17.770736, 43.405380
18.797009, 39.031740
19.688906, 34.658100
20.443731, 30.284460
21.059711, 25.910820
21.535982, 21.537180
21.872593, 17.163540
22.070464, 12.789900
22.131418, 8.416260
22.058070, 4.042620
21.853875, 359.668980
21.523038, 355.295340
21.070495, 350.921700
20.501844, 346.548060
19.823346, 342.174420
19.041792, 337.800780
18.164533, 333.427140
17.199338, 329.053500
16.154408, 324.679860
15.038262, 320.306220
13.859698, 315.932580
12.627711, 311.558940
11.351464, 307.185300
10.040166, 302.811660
8.703069, 298.438020
7.349363, 294.064380
5.988136, 289.690740
4.628300, 285.317100
3.278554, 280.943460
1.947311, 276.569820
0.642654, 272.196180
0.627711, 87.822540
1.856501, 83.448900
3.036899, 79.075260
4.162587, 74.701620
5.227777, 70.327980
6.227252, 65.954340
7.156374, 61.580700
8.011102, 57.207060
8.788035, 52.833420
9.484375, 48.459780
10.097980, 44.086140
10.627329, 39.712500
11.071534, 35.338860
11.430343, 30.965220
11.704079, 26.591580
11.893694, 22.217940
12.000702, 17.844300
12.027145, 13.470660
11.975603, 9.097020
11.849142, 4.723380
11.651273, 0.349740
11.385923, 355.976100
11.057404, 351.602460
10.670356, 347.228820
10.229719, 342.855180
9.740672, 338.481540
9.208607, 334.107900
8.639061, 329.734260
8.037679, 325.360620
7.410192, 320.986980
6.762330, 316.613340
6.099804, 312.239700
5.428252, 307.866060
4.753201, 303.492420
4.080024, 299.118780
3.413899, 294.745140
2.759779, 290.371500
2.122351, 285.997860
1.506007, 281.624220
0.914818, 277.250580
0.352505, 272.876940
0.177580, 88.503300
0.672477, 84.129660
1.129628, 79.756020
1.546893, 75.382380
1.922555, 71.008740
2.255327, 66.635100
2.544354, 62.261460
2.789204, 57.887820
2.989871, 53.514180
3.146760, 49.140540
3.260673, 44.766900
3.332799, 40.393260
3.364690, 36.019620
3.358241, 31.645980
3.315667, 27.272340
3.239478, 22.898700
3.132443, 18.525060
2.997571, 14.151420
2.838066, 9.777780
2.657308, 5.404140
2.458804, 1.030500
2.246166, 356.656860
2.023066, 352.283220
1.793204, 347.909580
1.560274, 343.535940
1.327925, 339.162300
1.099730, 334.788660
0.879152, 330.415020
0.669509, 326.041380
0.473946, 321.667740
0.295407, 317.294100
0.136605, 312.920460
0.000000, 308.546820
##END=
##XYPOINTS= (XY..XY)
0.000000, 0.000000
0.200600, 0.000000
0.401999, 0.000000
0.604194, 0.000000
0.807180, 0.000000
1.010956, 0.000000
1.215517, 0.000000
1.420861, 0.000000
1.626984, 0.000000
1.833883, 0.000000
2.041554, 0.000000
2.249995, 0.000000
2.459202, 0.000000
2.669172, 0.000000
2.879900, 0.000000
3.091385, 0.000000
3.303621, 0.000000
3.516607, 0.000000
3.730337, 0.000000
3.944810, 0.000000
4.160021, 0.000000
4.375966, 0.000000
4.592642, 0.000000
4.810046, 0.000000
5.028173, 0.000000
5.247021, 0.000000
5.466585, 0.000000
5.686861, 0.000000
5.907847, 0.000000
6.129537, 0.000000
6.351929, 0.000000
6.575019, 0.000000
6.798802, 0.000000
7.023275, 0.000000
7.248435, 0.000000
7.474276, 0.000000
7.700796, 0.000000
7.927990, 0.000000
8.155854, 0.000000
8.384384, 0.000000
8.613577, 0.000000
8.843428, 0.000000
9.073933, 0.000000
9.305089, 0.000000
9.536890, 0.000000
9.769334, 0.000000
10.002420, 0.000000
10.236130, 0.000000
10.470470, 0.000000
10.705440, 0.000000
10.941030, 0.000000
11.177240, 0.000000
11.414060, 0.000000
11.651490, 0.000000
11.889520, 0.000000
12.128150, 0.000000
12.367380, 0.000000
12.607200, 0.000000
12.847600, 0.000000
13.088590, 0.000000
13.330160, 0.000000
13.572290, 0.000000
13.815000, 0.000000
14.058270, 0.000000
14.302100, 0.000000
14.546490, 0.000000
14.791420, 0.000000
15.036910, 0.000000
15.282930, 0.000000
15.529490, 0.000000
15.776590, 0.000000
16.024210, 0.000000
16.272350, 0.000000
16.521020, 0.000000
16.770190, 0.000000
17.019880, 0.000000
17.270070, 0.000000
17.520760, 0.000000
17.771950, 0.000000
18.023620, 0.000000
18.275780, 0.000000
18.528420, 0.000000
18.781540, 0.000000
19.035120, 0.000000
19.289180, 0.000000
19.543690, 0.000000
19.798660, 0.000000
20.054080, 0.000000
20.309950, 0.000000
20.566250, 0.000000
20.823000, 0.000000
21.080170, 0.000000
21.337780, 0.000000
21.595800, 0.000000
21.854240, 0.000000
22.113090, 0.000000
22.372350, 0.000000
22.632000, 0.000000
22.892060, 0.000000
23.152500, 0.000000
23.413330, 0.000000
23.674540, 0.000000
23.936130, 0.000000
24.198090, 0.000000
24.460410, 0.000000
24.723090, 0.000000
24.986120, 0.000000
25.249510, 0.000000
25.513240, 0.000000
25.777310, 0.000000
26.041710, 0.000000
26.306440, 0.000000
26.571490, 0.000000
26.836870, 0.000000
27.102550, 0.000000
27.368540, 0.000000
27.634830, 0.000000
27.901420, 0.000000
28.168300, 0.000000
28.435470, 0.000000
28.702910, 0.000000
28.970630, 0.000000
29.238620, 0.000000
29.506880, 0.000000
29.775390, 0.000000
30.044150, 0.000000
30.313170, 0.000000
30.582420, 0.000000
30.851910, 0.000000
31.121630, 0.000000
31.391580, 0.000000
31.661750, 0.000000
31.932130, 0.000000
32.202720, 0.000000
32.473520, 0.000000
32.744510, 0.000000
33.015690, 0.000000
33.287060, 0.000000
33.558620, 0.000000
33.830340, 0.000000
34.102240, 0.000000
34.374300, 0.000000
34.646520, 0.000000
34.918890, 0.000000
35.191410, 0.000000
35.464070, 0.000000
35.736870, 0.000000
36.009800, 0.000000
36.282850, 0.000000
36.556020, 0.000000
36.829300, 0.000000
37.102690, 0.000000
37.376180, 0.000000
37.649770, 0.000000
37.923450, 0.000000
38.197210, 0.000000
38.471050, 0.000000
38.744960, 0.000000
39.018940, 0.000000
39.292990, 0.000000
39.567080, 0.000000
39.841230, 0.000000
40.115420, 0.000000
40.389650, 0.000000
40.663910, 0.000000
40.938200, 0.000000
41.212510, 0.000000
41.486830, 0.000000
41.761160, 0.000000
42.035500, 0.000000
42.309830, 0.000000
42.584150, 0.000000
42.858460, 0.000000
43.132750, 0.000000
43.407020, 0.000000
43.681250, 0.000000
43.955440, 0.000000
44.229590, 0.000000
44.503690, 0.000000
44.777730, 0.000000
45.051720, 0.000000
45.325630, 0.000000
45.599480, 0.000000
45.873240, 0.000000
46.146920, 0.000000
46.420510, 0.000000
46.694000, 0.000000
46.967390, 0.000000
47.240670, 0.000000
47.513830, 0.000000
47.786880, 0.000000
48.059800, 0.000000
48.332580, 0.000000
48.605230, 0.000000
48.877730, 0.000000
49.150090, 0.000000
49.422290, 0.000000
49.694320, 0.000000
49.966190, 0.000000
50.237890, 0.000000
50.509400, 0.000000
50.780730, 0.000000
51.051870, 0.000000
51.322810, 0.000000
51.593550, 0.000000
51.864080, 0.000000
52.134390, 0.000000
52.404490, 0.000000
52.674350, 0.000000
52.943990, 0.000000
53.213380, 0.000000
53.482530, 0.000000
53.751430, 0.000000
54.020070, 0.000000
54.288450, 0.000000
54.556560, 0.000000
54.824400, 0.000000
55.091950, 0.000000
55.359220, 0.000000
55.626200, 0.000000
55.892880, 0.000000
56.159260, 0.000000
56.425330, 0.000000
56.691080, 0.000000
56.956510, 0.000000
57.221610, 0.000000
57.486380, 0.000000
57.750810, 0.000000
58.014900, 0.000000
58.278630, 0.000000
58.542010, 0.000000
58.805030, 0.000000
59.067670, 0.000000
59.329950, 0.000000
59.591840, 0.000000
59.853350, 0.000000
60.114460, 0.000000
60.375180, 0.000000
60.635490, 0.000000
60.895400, 0.000000
61.154890, 0.000000
61.413960, 0.000000
61.672600, 0.000000
61.930810, 0.000000
62.188580, 0.000000
62.445910, 0.000000
62.702790, 0.000000
62.959210, 0.000000
63.215170, 0.000000
63.470670, 0.000000
63.725690, 0.000000
63.980230, 0.000000
64.234290, 0.000000
64.487860, 0.000000
64.740930, 0.000000
64.993500, 0.000000
65.245570, 0.000000
65.497120, 0.000000
65.748160, 0.000000
65.998670, 0.000000
66.248650, 0.000000
66.498090, 0.000000
66.747000, 0.000000
66.995350, 0.000000
67.243160, 0.000000
67.490410, 0.000000
67.737090, 0.000000
67.983200, 0.000000
68.228740, 0.000000
68.473700, 0.000000
68.718080, 0.000000
68.961860, 0.000000
69.205050, 0.000000
69.447630, 0.000000
69.689610, 0.000000
69.930970, 0.000000
70.171720, 0.000000
70.411840, 0.000000
70.651330, 0.000000
70.890180, 0.000000
71.128390, 0.000000
71.365960, 0.000000
71.602880, 0.000000
71.839140, 0.000000
72.074740, 0.000000
72.309670, 0.000000
72.543920, 0.000000
72.777500, 0.000000
73.010400, 0.000000
73.242600, 0.000000
73.474110, 0.000000
73.704920, 0.000000
73.935030, 0.000000
74.164430, 0.000000
74.393110, 0.000000
74.621070, 0.000000
74.848300, 0.000000
75.074810, 0.000000
75.300570, 0.000000
75.525600, 0.000000
75.749880, 0.000000
75.973400, 0.000000
76.196170, 0.000000
76.418180, 0.000000
76.639420, 0.000000
76.859890, 0.000000
77.079580, 0.000000
77.298490, 0.000000
77.516610, 0.000000
77.733940, 0.000000
77.950470, 0.000000
78.166200, 0.000000
78.381120, 0.000000
78.595230, 0.000000
78.808520, 0.000000
79.020990, 0.000000
79.232640, 0.000000
79.443450, 0.000000
79.653420, 0.000000
79.862550, 0.000000
80.070840, 0.000000
80.278270, 0.000000
80.484850, 0.000000
80.690560, 0.000000
80.895410, 0.000000
81.099390, 0.000000
81.302500, 0.000000
81.504720, 0.000000
81.706060, 0.000000
81.906520, 0.000000
82.106070, 0.000000
82.304730, 0.000000
82.502490, 0.000000
82.699330, 0.000000
82.895270, 0.000000
83.090290, 0.000000
83.284390, 0.000000
83.477560, 0.000000
83.669800, 0.000000
83.861100, 0.000000
84.051470, 0.000000
84.240890, 0.000000
84.429370, 0.000000
84.616890, 0.000000
84.803460, 0.000000
84.989060, 0.000000
85.173700, 0.000000
85.357370, 0.000000
85.540060, 0.000000
85.721780, 0.000000
85.902510, 0.000000
86.082260, 0.000000
86.261020, 0.000000
86.438780, 0.000000
86.615540, 0.000000
86.791300, 0.000000
86.966050, 0.000000
87.139790, 0.000000
87.312510, 0.000000
87.484210, 0.000000
87.654890, 0.000000
87.824540, 0.000000
87.993160, 0.000000
88.160750, 0.000000
88.327290, 0.000000
88.492790, 0.000000
88.657250, 0.000000
88.820650, 0.000000
88.983000, 0.000000
89.144290, 0.000000
89.304510, 0.000000
89.463670, 0.000000
89.621760, 0.000000
89.778780, 0.000000
89.934720, 0.000000
90.089580, 0.000000
90.243350, 0.000000
90.396030, 0.000000
90.547630, 0.000000
90.698120, 0.000000
90.847520, 0.000000
90.995820, 0.000000
91.143010, 0.000000
91.289090, 0.000000
91.434050, 0.000000
91.577900, 0.000000
91.720640, 0.000000
91.862240, 0.000000
92.002730, 0.000000
92.142080, 0.000000
92.280300, 0.000000
92.417380, 0.000000
92.553320, 0.000000
92.688120, 0.000000
92.821780, 0.000000
92.954290, 0.000000
93.085640, 0.000000
93.215840, 0.000000
93.344880, 0.000000
93.472760, 0.000000
93.599470, 0.000000
93.725020, 0.000000
93.849400, 0.000000
93.972610, 0.000000
94.094630, 0.000000
94.215480, 0.000000
94.335150, 0.000000
94.453640, 0.000000
94.570930, 0.000000
94.687040, 0.000000
94.801950, 0.000000
94.915670, 0.000000
95.028190, 0.000000
95.139510, 0.000000
95.249620, 0.000000
95.358530, 0.000000
95.466230, 0.000000
95.572720, 0.000000
95.677990, 0.000000
95.782050, 0.000000
95.884890, 0.000000
95.986510, 0.000000
96.086910, 0.000000
96.186080, 0.000000
96.284020, 0.000000
96.380730, 0.000000
96.476210, 0.000000
96.570450, 0.000000
96.663450, 0.000000
96.755220, 0.000000
96.845740, 0.000000
96.935020, 0.000000
97.023060, 0.000000
97.109840, 0.000000
97.195380, 0.000000
97.279660, 0.000000
97.362690, 0.000000
97.444470, 0.000000
97.524980, 0.000000
97.604240, 0.000000
97.682230, 0.000000
97.758960, 0.000000
97.834430, 0.000000
97.908620, 0.000000
97.981550, 0.000000
98.053210, 0.000000
98.123600, 0.000000
98.192710, 0.000000
98.260540, 0.000000
98.327100, 0.000000
98.392380, 0.000000
98.456380, 0.000000
98.519100, 0.000000
98.580530, 0.000000
98.640680, 0.000000
98.699540, 0.000000
98.757120, 0.000000
98.813400, 0.000000
98.868400, 0.000000
98.922100, 0.000000
98.974510, 0.000000
99.025630, 0.000000
99.075450, 0.000000
99.123970, 0.000000
99.171200, 0.000000
99.217120, 0.000000
99.261750, 0.000000
99.305080, 0.000000
99.347100, 0.000000
99.387820, 0.000000
99.427240, 0.000000
99.465350, 0.000000
99.502160, 0.000000
99.537660, 0.000000
99.571850, 0.000000
99.604730, 0.000000
99.636300, 0.000000
99.666570, 0.000000
99.695520, 0.000000
99.723160, 0.000000
99.749490, 0.000000
99.774510, 0.000000
99.798210, 0.000000
99.820600, 0.000000
99.841680, 0.000000
99.861440, 0.000000
99.879890, 0.000000
99.897020, 0.000000
99.912830, 0.000000
99.927330, 0.000000
99.940510, 0.000000
99.952370, 0.000000
99.962920, 0.000000
99.972150, 0.000000
99.980060, 0.000000
99.986650, 0.000000
99.991920, 0.000000
99.995880, 0.000000
99.998520, 0.000000
99.999840, 0.000000
99.999840, 0.000000
99.998520, 0.000000
99.995880, 0.000000
99.991920, 0.000000
99.986650, 0.000000
99.980060, 0.000000
99.972150, 0.000000
99.962920, 0.000000
99.952370, 0.000000
99.940510, 0.000000
99.927330, 0.000000
99.912830, 0.000000
99.897020, 0.000000
99.879890, 0.000000
99.861440, 0.000000
99.841680, 0.000000
99.820600, 0.000000
99.798210, 0.000000
99.774510, 0.000000
99.749490, 0.000000
99.723160, 0.000000
99.695520, 0.000000
99.666570, 0.000000
99.636300, 0.000000
99.604730, 0.000000
99.571850, 0.000000
99.537660, 0.000000
99.502160, 0.000000
99.465350, 0.000000
99.427240, 0.000000
99.387820, 0.000000
99.347100, 0.000000
99.305080, 0.000000
99.261750, 0.000000
99.217120, 0.000000
99.171200, 0.000000
99.123970, 0.000000
99.075450, 0.000000
99.025630, 0.000000
98.974510, 0.000000
98.922100, 0.000000
98.868400, 0.000000
98.813400, 0.000000
98.757120, 0.000000
98.699540, 0.000000
98.640680, 0.000000
98.580530, 0.000000
98.519100, 0.000000
98.456380, 0.000000
98.392380, 0.000000
98.327100, 0.000000
98.260540, 0.000000
98.192710, 0.000000
98.123600, 0.000000
98.053210, 0.000000
97.981550, 0.000000
97.908620, 0.000000
97.834430, 0.000000
97.758960, 0.000000
97.682230, 0.000000
97.604240, 0.000000
97.524980, 0.000000
97.444470, 0.000000
97.362690, 0.000000
97.279660, 0.000000
97.195380, 0.000000
97.109840, 0.000000
97.023060, 0.000000
96.935020, 0.000000
96.845740, 0.000000
96.755220, 0.000000
96.663450, 0.000000
96.570450, 0.000000
96.476210, 0.000000
96.380730, 0.000000
96.284020, 0.000000
96.186080, 0.000000
96.086910, 0.000000
95.986510, 0.000000
95.884890, 0.000000
95.782050, 0.000000
95.677990, 0.000000
95.572720, 0.000000
95.466230, 0.000000
95.358530, 0.000000
95.249620, 0.000000
95.139510, 0.000000
95.028190, 0.000000
94.915670, 0.000000
94.801950, 0.000000
94.687040, 0.000000
94.570930, 0.000000
94.453640, 0.000000
94.335150, 0.000000
94.215480, 0.000000
94.094630, 0.000000
93.972610, 0.000000
93.849400, 0.000000
93.725020, 0.000000
93.599470, 0.000000
93.472760, 0.000000
93.344880, 0.000000
93.215840, 0.000000
93.085640, 0.000000
92.954290, 0.000000
92.821780, 0.000000
92.688120, 0.000000
92.553320, 0.000000
92.417380, 0.000000
92.280300, 0.000000
92.142080, 0.000000
92.002730, 0.000000
91.862240, 0.000000
91.720640, 0.000000
91.577900, 0.000000
91.434050, 0.000000
91.289090, 0.000000
91.143010, 0.000000
90.995820, 0.000000
90.847520, 0.000000
90.698120, 0.000000
90.547630, 0.000000
90.396030, 0.000000
90.243350, 0.000000
90.089580, 0.000000
89.934720, 0.000000
89.778780, 0.000000
89.621760, 0.000000
89.463670, 0.000000
89.304510, 0.000000
89.144290, 0.000000
88.983000, 0.000000
88.820650, 0.000000
88.657250, 0.000000
88.492790, 0.000000
88.327290, 0.000000
88.160750, 0.000000
87.993160, 0.000000
87.824540, 0.000000
87.654890, 0.000000
87.484210, 0.000000
87.312510, 0.000000
87.139790, 0.000000
86.966050, 0.000000
86.791300, 0.000000
86.615540, 0.000000
86.438780, 0.000000
86.261020, 0.000000
86.082260, 0.000000
85.902510, 0.000000
85.721780, 0.000000
85.540060, 0.000000
85.357370, 0.000000
85.173700, 0.000000
84.989060, 0.000000
84.803460, 0.000000
84.616890, 0.000000
84.429370, 0.000000
84.240890, 0.000000
84.051470, 0.000000
83.861100, 0.000000
83.669800, 0.000000
83.477560, 0.000000
83.284390, 0.000000
83.090290, 0.000000
82.895270, 0.000000
82.699330, 0.000000
82.502490, 0.000000
82.304730, 0.000000
82.106070, 0.000000
81.906520, 0.000000
81.706060, 0.000000
81.504720, 0.000000
81.302500, 0.000000
81.099390, 0.000000
80.895410, 0.000000
80.690560, 0.000000
80.484850, 0.000000
80.278270, 0.000000
80.070840, 0.000000
79.862550, 0.000000
79.653420, 0.000000
79.443450, 0.000000
79.232640, 0.000000
79.020990, 0.000000
78.808520, 0.000000
78.595230, 0.000000
78.381120, 0.000000
78.166200, 0.000000
77.950470, 0.000000
77.733940, 0.000000
77.516610, 0.000000
77.298490, 0.000000
77.079580, 0.000000
76.859890, 0.000000
76.639420, 0.000000
76.418180, 0.000000
76.196170, 0.000000
75.973400, 0.000000
75.749880, 0.000000
75.525600, 0.000000
75.300570, 0.000000
75.074810, 0.000000
74.848300, 0.000000
74.621070, 0.000000
74.393110, 0.000000
74.164430, 0.000000
73.935030, 0.000000
73.704920, 0.000000
73.474110, 0.000000
73.242600, 0.000000
73.010400, 0.000000
72.777500, 0.000000
72.543920, 0.000000
72.309670, 0.000000
72.074740, 0.000000
71.839140, 0.000000
71.602880, 0.000000
71.365960, 0.000000
71.128390, 0.000000
70.890180, 0.000000
70.651330, 0.000000
70.411840, 0.000000
70.171720, 0.000000
69.930970, 0.000000
69.689610, 0.000000
69.447630, 0.000000
69.205050, 0.000000
68.961860, 0.000000
68.718080, 0.000000
68.473700, 0.000000
68.228740, 0.000000
67.983200, 0.000000
67.737090, 0.000000
67.490410, 0.000000
67.243160, 0.000000
66.995350, 0.000000
66.747000, 0.000000
66.498090, 0.000000
66.248650, 0.000000
65.998670, 0.000000
65.748160, 0.000000
65.497120, 0.000000
65.245570, 0.000000
64.993500, 0.000000
64.740930, 0.000000
64.487860, 0.000000
64.234290, 0.000000
63.980230, 0.000000
63.725690, 0.000000
63.470670, 0.000000
63.215170, 0.000000
62.959210, 0.000000
62.702790, 0.000000
62.445910, 0.000000
62.188580, 0.000000
61.930810, 0.000000
61.672600, 0.000000
61.413960, 0.000000
61.154890, 0.000000
60.895400, 0.000000
60.635490, 0.000000
60.375180, 0.000000
60.114460, 0.000000
59.853350, 0.000000
59.591840, 0.000000
59.329950, 0.000000
59.067670, 0.000000
58.805030, 0.000000
58.542010, 0.000000
58.278630, 0.000000
58.014900, 0.000000
57.750810, 0.000000
57.486380, 0.000000
57.221610, 0.000000
56.956510, 0.000000
56.691080, 0.000000
56.425330, 0.000000
56.159260, 0.000000
55.892880, 0.000000
55.626200, 0.000000
55.359220, 0.000000
55.091950, 0.000000
54.824400, 0.000000
54.556560, 0.000000
54.288450, 0.000000
54.020070, 0.000000
53.751430, 0.000000
53.482530, 0.000000
53.213380, 0.000000
52.943990, 0.000000
52.674350, 0.000000
52.404490, 0.000000
52.134390, 0.000000
51.864080, 0.000000
51.593550, 0.000000
51.322810, 0.000000
51.051870, 0.000000
50.780730, 0.000000
50.509400, 0.000000
50.237890, 0.000000
49.966190, 0.000000
49.694320, 0.000000
49.422290, 0.000000
49.150090, 0.000000
48.877730, 0.000000
48.605230, 0.000000
48.332580, 0.000000
48.059800, 0.000000
47.786880, 0.000000
47.513830, 0.000000
47.240670, 0.000000
46.967390, 0.000000
46.694000, 0.000000
46.420510, 0.000000
46.146920, 0.000000
45.873240, 0.000000
45.599480, 0.000000
45.325630, 0.000000
45.051720, 0.000000
44.777730, 0.000000
44.503690, 0.000000
44.229590, 0.000000
43.955440, 0.000000
43.681250, 0.000000
43.407020, 0.000000
43.132750, 0.000000
42.858460, 0.000000
42.584150, 0.000000
42.309830, 0.000000
42.035500, 0.000000
41.761160, 0.000000
41.486830, 0.000000
41.212510, 0.000000
40.938200, 0.000000
40.663910, 0.000000
40.389650, 0.000000
40.115420, 0.000000
39.841230, 0.000000
39.567080, 0.000000
39.292990, 0.000000
39.018940, 0.000000
38.744960, 0.000000
38.471050, 0.000000
38.197210, 0.000000
37.923450, 0.000000
37.649770, 0.000000
37.376180, 0.000000
37.102690, 0.000000
36.829300, 0.000000
36.556020, 0.000000
36.282850, 0.000000
36.009800, 0.000000
35.736870, 0.000000
35.464070, 0.000000
35.191410, 0.000000
34.918890, 0.000000
34.646520, 0.000000
34.374300, 0.000000
34.102240, 0.000000
33.830340, 0.000000
33.558620, 0.000000
33.287060, 0.000000
33.015690, 0.000000
32.744510, 0.000000
32.473520, 0.000000
32.202720, 0.000000
31.932130, 0.000000
31.661750, 0.000000
31.391580, 0.000000
31.121630, 0.000000
30.851910, 0.000000
30.582420, 0.000000
30.313170, 0.000000
30.044150, 0.000000
29.775390, 0.000000
29.506880, 0.000000
29.238620, 0.000000
28.970630, 0.000000
28.702910, 0.000000
28.435470, 0.000000
28.168300, 0.000000
27.901420, 0.000000
27.634830, 0.000000
27.368540, 0.000000
27.102550, 0.000000
26.836870, 0.000000
26.571490, 0.000000
26.306440, 0.000000
26.041710, 0.000000
25.777310, 0.000000
25.513240, 0.000000
25.249510, 0.000000
24.986120, 0.000000
24.723090, 0.000000
24.460410, 0.000000
24.198090, 0.000000
23.936130, 0.000000
23.674540, 0.000000
23.413330, 0.000000
23.152500, 0.000000
22.892060, 0.000000
22.632000, 0.000000
22.372350, 0.000000
22.113090, 0.000000
21.854240, 0.000000
21.595800, 0.000000
21.337780, 0.000000
21.080170, 0.000000
20.823000, 0.000000
20.566250, 0.000000
20.309950, 0.000000
20.054080, 0.000000
19.798660, 0.000000
19.543690, 0.000000
19.289180, 0.000000
19.035120, 0.000000
18.781540, 0.000000
18.528420, 0.000000
18.275780, 0.000000
18.023620, 0.000000
17.771950, 0.000000
17.520760, 0.000000
17.270070, 0.000000
17.019880, 0.000000
16.770190, 0.000000
16.521020, 0.000000
16.272350, 0.000000
16.024210, 0.000000
15.776590, 0.000000
15.529490, 0.000000
15.282930, 0.000000
15.036910, 0.000000
14.791420, 0.000000
14.546490, 0.000000
14.302100, 0.000000
14.058270, 0.000000
13.815000, 0.000000
13.572290, 0.000000
13.330160, 0.000000
13.088590, 0.000000
12.847600, 0.000000
12.607200, 0.000000
12.367380, 0.000000
12.128150, 0.000000
11.889520, 0.000000
11.651490, 0.000000
11.414060, 0.000000
11.177240, 0.000000
10.941030, 0.000000
10.705440, 0.000000
10.470470, 0.000000
10.236130, 0.000000
10.002420, 0.000000
9.769334, 0.000000
9.536890, 0.000000
9.305089, 0.000000
9.073933, 0.000000
8.843428, 0.000000
8.613577, 0.000000
8.384384, 0.000000
8.155854, 0.000000
7.927990, 0.000000
7.700796, 0.000000
7.474276, 0.000000
7.248435, 0.000000
7.023275, 0.000000
6.798802, 0.000000
6.575019, 0.000000
6.351929, 0.000000
6.129537, 0.000000
5.907847, 0.000000
5.686861, 0.000000
5.466585, 0.000000
5.247021, 0.000000
5.028173, 0.000000
4.810046, 0.000000
4.592642, 0.000000
4.375966, 0.000000
4.160021, 0.000000
3.944810, 0.000000
3.730337, 0.000000
3.516607, 0.000000
3.303621, 0.000000
3.091385, 0.000000
2.879900, 0.000000
2.669172, 0.000000
2.459202, 0.000000
2.249995, 0.000000
2.041554, 0.000000
1.833883, 0.000000
1.626984, 0.000000
1.420861, 0.000000
1.215517, 0.000000
1.010956, 0.000000
0.807180, 0.000000
0.604194, 0.000000
0.401999, 0.000000
0.200600, 0.000000
0.000000, 0.000000
##END=
