##TITLE= Parameter file, TopSpin 3.6.5
##JCAMPDX= 5.0
##DATATYPE= Parameter Values
##ORIGIN= Bruker BioSpin GmbH
##OWNER= chemist
$$ 2023-09-15 19:14:25.008 +0100  chemist@arran
$$ C:/Bruker/cam-ts3/wave/s_automation
$$ process C:\Bruker\TopSpin3.6.5\prog\mod\xwinshape.exe
##MINX= 0.00000000
##MAXX= 99.99790300
##MINY= 0.02862000
##MAXY= 359.83602000
##$SHAPE_ADDPHASE= 0
##$SHAPE_AMP= 99.99790341
##$SHAPE_BWFAC= 0
##$SHAPE_BWFAC50= 0
##$SHAPE_CALCBW= yes
##$SHAPE_CALCINTEG= yes
##$SHAPE_EXMODE= <Universal>
##$SHAPE_EXPAND= <>
##$SHAPE_EXPANDCF= (0..143)
0 0 0 0 0 0 0 0 0 0 0 0 0 0 0 0 0 0 0 0 0 0 0 0 0 0 0 0 0 0 0 0 0 0 0 0
0 0 0 0 0 0 0 0 0 0 0 0 0 0 0 0 0 0 0 0 0 0 0 0 0 0 0 0 0 0 0 0 0 0 0 0
0 0 0 0 0 0 0 0 0 0 0 0 0 0 0 0 0 0 0 0 0 0 0 0 0 0 0 0 0 0 0 0 0 0 0 0
0 0 0 0 0 0 0 0 0 0 0 0 0 0 0 0 0 0 0 0 0 0 0 0 0 0 0 0 0 0 0 0 0 0 0 0
##$SHAPE_EXPFAC= 0
##$SHAPE_FRACEND= 0
##$SHAPE_FRACORG= 0
##$SHAPE_FRACSTART= 0
##$SHAPE_INTEGFAC= 0
##$SHAPE_KEEPRES= yes
##$SHAPE_LENGTH= 20000
##$SHAPE_MAN= <M>
##$SHAPE_MODE= 2
##$SHAPE_MODFREQ= 0
##$SHAPE_MODPHASE= 0
##$SHAPE_MODSCALE= 0
##$SHAPE_MODSW= 0
##$SHAPE_MODSWDIR= -1
##$SHAPE_NPOINTS= 1000
##$SHAPE_OFFS= <0 2>
##$SHAPE_OFFSCOEFF= (0..95)
0 0 100 1701.9 0 100 0 0 0 0 0 0 0 0 0 0 0 0 0 0 0 0 0 0 0 0 0 0 0 0 0
0 0 0 0 0 0 0 0 0 0 0 0 0 0 0 0 0 0 0 0 0 0 0 0 0 0 0 0 0 0 0 0 0 0 0 0
0 0 0 0 0 0 0 0 0 0 0 0 0 0 0 0 0 0 0 0 0 0 0 0 0 0 0 0 0
##$SHAPE_PARAMETER= <>
##$SHAPE_REPHFAC= 0
##$SHAPE_RES= 0
##$SHAPE_SCALEFAC= 1.00002097
##$SHAPE_SCALETYPE= 0
##$SHAPE_SPOAL= 0
##$SHAPE_SPOFFS= 0
##$SHAPE_SPOPH= 0
##$SHAPE_TOTROT= 90
##$SHAPE_TYPE= <Excitation>
##$SHAPE_USER_DEF= 0
##$SHAPE_VERSION= 2.1
##$SHL_ADDPHASE= (0..15)
0 0 0 0 0 0 0 0 0 0 0 0 0 0 0 0
##$SHL_ALIGNOFFSET= (0..15)
0 0 0 0 0 0 0 0 0 0 0 0 0 0 0 0
##$SHL_AMP= (0..15)
99.99984 0 0 0 0 0 0 0 0 0 0 0 0 0 0 0
##$SHL_AMPFAC= (0..15)
0 0 0 0 0 0 0 0 0 0 0 0 0 0 0 0
##$SHL_BETA= (0..15)
0 0 0 0 0 0 0 0 0 0 0 0 0 0 0 0
##$SHL_BWFAC= (0..15)
1.606 0 0 0 0 0 0 0 0 0 0 0 0 0 0 0
##$SHL_CALCBW= (0..15)
yes yes yes yes yes yes yes yes yes yes yes yes yes yes yes yes
##$SHL_CALCINTEG= (0..15)
yes yes yes yes yes yes yes yes yes yes yes yes yes yes yes yes
##$SHL_CENTERAMP= (0..15)
0 0 0 0 0 0 0 0 0 0 0 0 0 0 0 0
##$SHL_CYCNUM= (0..15)
0 0 0 0 0 0 0 0 0 0 0 0 0 0 0 0
##$SHL_DIPOLCPL= (0..15)
0 0 0 0 0 0 0 0 0 0 0 0 0 0 0 0
##$SHL_ENDAMP= (0..15)
0 0 0 0 0 0 0 0 0 0 0 0 0 0 0 0
##$SHL_EXMODE= (0..15)
<Universal> <> <> <> <> <> <> <> <> <> <> <> <> <> <> <>
##$SHL_EXPAND= (0..15)
<> <> <> <> <> <> <> <> <> <> <> <> <> <> <> <>
##$SHL_EXPANDCF0= (0..143)
0 0 0 0 0 0 0 0 0 0 0 0 0 0 0 0 0 0 0 0 0 0 0 0 0 0 0 0 0 0 0 0 0 0 0 0
0 0 0 0 0 0 0 0 0 0 0 0 0 0 0 0 0 0 0 0 0 0 0 0 0 0 0 0 0 0 0 0 0 0 0 0
0 0 0 0 0 0 0 0 0 0 0 0 0 0 0 0 0 0 0 0 0 0 0 0 0 0 0 0 0 0 0 0 0 0 0 0
0 0 0 0 0 0 0 0 0 0 0 0 0 0 0 0 0 0 0 0 0 0 0 0 0 0 0 0 0 0 0 0 0 0 0 0
##$SHL_EXPANDCF1= (0..143)
0 0 0 0 0 0 0 0 0 0 0 0 0 0 0 0 0 0 0 0 0 0 0 0 0 0 0 0 0 0 0 0 0 0 0 0
0 0 0 0 0 0 0 0 0 0 0 0 0 0 0 0 0 0 0 0 0 0 0 0 0 0 0 0 0 0 0 0 0 0 0 0
0 0 0 0 0 0 0 0 0 0 0 0 0 0 0 0 0 0 0 0 0 0 0 0 0 0 0 0 0 0 0 0 0 0 0 0
0 0 0 0 0 0 0 0 0 0 0 0 0 0 0 0 0 0 0 0 0 0 0 0 0 0 0 0 0 0 0 0 0 0 0 0
##$SHL_EXPANDCF10= (0..143)
0 0 0 0 0 0 0 0 0 0 0 0 0 0 0 0 0 0 0 0 0 0 0 0 0 0 0 0 0 0 0 0 0 0 0 0
0 0 0 0 0 0 0 0 0 0 0 0 0 0 0 0 0 0 0 0 0 0 0 0 0 0 0 0 0 0 0 0 0 0 0 0
0 0 0 0 0 0 0 0 0 0 0 0 0 0 0 0 0 0 0 0 0 0 0 0 0 0 0 0 0 0 0 0 0 0 0 0
0 0 0 0 0 0 0 0 0 0 0 0 0 0 0 0 0 0 0 0 0 0 0 0 0 0 0 0 0 0 0 0 0 0 0 0
##$SHL_EXPANDCF11= (0..143)
0 0 0 0 0 0 0 0 0 0 0 0 0 0 0 0 0 0 0 0 0 0 0 0 0 0 0 0 0 0 0 0 0 0 0 0
0 0 0 0 0 0 0 0 0 0 0 0 0 0 0 0 0 0 0 0 0 0 0 0 0 0 0 0 0 0 0 0 0 0 0 0
0 0 0 0 0 0 0 0 0 0 0 0 0 0 0 0 0 0 0 0 0 0 0 0 0 0 0 0 0 0 0 0 0 0 0 0
0 0 0 0 0 0 0 0 0 0 0 0 0 0 0 0 0 0 0 0 0 0 0 0 0 0 0 0 0 0 0 0 0 0 0 0
##$SHL_EXPANDCF12= (0..143)
0 0 0 0 0 0 0 0 0 0 0 0 0 0 0 0 0 0 0 0 0 0 0 0 0 0 0 0 0 0 0 0 0 0 0 0
0 0 0 0 0 0 0 0 0 0 0 0 0 0 0 0 0 0 0 0 0 0 0 0 0 0 0 0 0 0 0 0 0 0 0 0
0 0 0 0 0 0 0 0 0 0 0 0 0 0 0 0 0 0 0 0 0 0 0 0 0 0 0 0 0 0 0 0 0 0 0 0
0 0 0 0 0 0 0 0 0 0 0 0 0 0 0 0 0 0 0 0 0 0 0 0 0 0 0 0 0 0 0 0 0 0 0 0
##$SHL_EXPANDCF13= (0..143)
0 0 0 0 0 0 0 0 0 0 0 0 0 0 0 0 0 0 0 0 0 0 0 0 0 0 0 0 0 0 0 0 0 0 0 0
0 0 0 0 0 0 0 0 0 0 0 0 0 0 0 0 0 0 0 0 0 0 0 0 0 0 0 0 0 0 0 0 0 0 0 0
0 0 0 0 0 0 0 0 0 0 0 0 0 0 0 0 0 0 0 0 0 0 0 0 0 0 0 0 0 0 0 0 0 0 0 0
0 0 0 0 0 0 0 0 0 0 0 0 0 0 0 0 0 0 0 0 0 0 0 0 0 0 0 0 0 0 0 0 0 0 0 0
##$SHL_EXPANDCF14= (0..143)
0 0 0 0 0 0 0 0 0 0 0 0 0 0 0 0 0 0 0 0 0 0 0 0 0 0 0 0 0 0 0 0 0 0 0 0
0 0 0 0 0 0 0 0 0 0 0 0 0 0 0 0 0 0 0 0 0 0 0 0 0 0 0 0 0 0 0 0 0 0 0 0
0 0 0 0 0 0 0 0 0 0 0 0 0 0 0 0 0 0 0 0 0 0 0 0 0 0 0 0 0 0 0 0 0 0 0 0
0 0 0 0 0 0 0 0 0 0 0 0 0 0 0 0 0 0 0 0 0 0 0 0 0 0 0 0 0 0 0 0 0 0 0 0
##$SHL_EXPANDCF15= (0..143)
0 0 0 0 0 0 0 0 0 0 0 0 0 0 0 0 0 0 0 0 0 0 0 0 0 0 0 0 0 0 0 0 0 0 0 0
0 0 0 0 0 0 0 0 0 0 0 0 0 0 0 0 0 0 0 0 0 0 0 0 0 0 0 0 0 0 0 0 0 0 0 0
0 0 0 0 0 0 0 0 0 0 0 0 0 0 0 0 0 0 0 0 0 0 0 0 0 0 0 0 0 0 0 0 0 0 0 0
0 0 0 0 0 0 0 0 0 0 0 0 0 0 0 0 0 0 0 0 0 0 0 0 0 0 0 0 0 0 0 0 0 0 0 0
##$SHL_EXPANDCF2= (0..143)
0 0 0 0 0 0 0 0 0 0 0 0 0 0 0 0 0 0 0 0 0 0 0 0 0 0 0 0 0 0 0 0 0 0 0 0
0 0 0 0 0 0 0 0 0 0 0 0 0 0 0 0 0 0 0 0 0 0 0 0 0 0 0 0 0 0 0 0 0 0 0 0
0 0 0 0 0 0 0 0 0 0 0 0 0 0 0 0 0 0 0 0 0 0 0 0 0 0 0 0 0 0 0 0 0 0 0 0
0 0 0 0 0 0 0 0 0 0 0 0 0 0 0 0 0 0 0 0 0 0 0 0 0 0 0 0 0 0 0 0 0 0 0 0
##$SHL_EXPANDCF3= (0..143)
0 0 0 0 0 0 0 0 0 0 0 0 0 0 0 0 0 0 0 0 0 0 0 0 0 0 0 0 0 0 0 0 0 0 0 0
0 0 0 0 0 0 0 0 0 0 0 0 0 0 0 0 0 0 0 0 0 0 0 0 0 0 0 0 0 0 0 0 0 0 0 0
0 0 0 0 0 0 0 0 0 0 0 0 0 0 0 0 0 0 0 0 0 0 0 0 0 0 0 0 0 0 0 0 0 0 0 0
0 0 0 0 0 0 0 0 0 0 0 0 0 0 0 0 0 0 0 0 0 0 0 0 0 0 0 0 0 0 0 0 0 0 0 0
##$SHL_EXPANDCF4= (0..143)
0 0 0 0 0 0 0 0 0 0 0 0 0 0 0 0 0 0 0 0 0 0 0 0 0 0 0 0 0 0 0 0 0 0 0 0
0 0 0 0 0 0 0 0 0 0 0 0 0 0 0 0 0 0 0 0 0 0 0 0 0 0 0 0 0 0 0 0 0 0 0 0
0 0 0 0 0 0 0 0 0 0 0 0 0 0 0 0 0 0 0 0 0 0 0 0 0 0 0 0 0 0 0 0 0 0 0 0
0 0 0 0 0 0 0 0 0 0 0 0 0 0 0 0 0 0 0 0 0 0 0 0 0 0 0 0 0 0 0 0 0 0 0 0
##$SHL_EXPANDCF5= (0..143)
0 0 0 0 0 0 0 0 0 0 0 0 0 0 0 0 0 0 0 0 0 0 0 0 0 0 0 0 0 0 0 0 0 0 0 0
0 0 0 0 0 0 0 0 0 0 0 0 0 0 0 0 0 0 0 0 0 0 0 0 0 0 0 0 0 0 0 0 0 0 0 0
0 0 0 0 0 0 0 0 0 0 0 0 0 0 0 0 0 0 0 0 0 0 0 0 0 0 0 0 0 0 0 0 0 0 0 0
0 0 0 0 0 0 0 0 0 0 0 0 0 0 0 0 0 0 0 0 0 0 0 0 0 0 0 0 0 0 0 0 0 0 0 0
##$SHL_EXPANDCF6= (0..143)
0 0 0 0 0 0 0 0 0 0 0 0 0 0 0 0 0 0 0 0 0 0 0 0 0 0 0 0 0 0 0 0 0 0 0 0
0 0 0 0 0 0 0 0 0 0 0 0 0 0 0 0 0 0 0 0 0 0 0 0 0 0 0 0 0 0 0 0 0 0 0 0
0 0 0 0 0 0 0 0 0 0 0 0 0 0 0 0 0 0 0 0 0 0 0 0 0 0 0 0 0 0 0 0 0 0 0 0
0 0 0 0 0 0 0 0 0 0 0 0 0 0 0 0 0 0 0 0 0 0 0 0 0 0 0 0 0 0 0 0 0 0 0 0
##$SHL_EXPANDCF7= (0..143)
0 0 0 0 0 0 0 0 0 0 0 0 0 0 0 0 0 0 0 0 0 0 0 0 0 0 0 0 0 0 0 0 0 0 0 0
0 0 0 0 0 0 0 0 0 0 0 0 0 0 0 0 0 0 0 0 0 0 0 0 0 0 0 0 0 0 0 0 0 0 0 0
0 0 0 0 0 0 0 0 0 0 0 0 0 0 0 0 0 0 0 0 0 0 0 0 0 0 0 0 0 0 0 0 0 0 0 0
0 0 0 0 0 0 0 0 0 0 0 0 0 0 0 0 0 0 0 0 0 0 0 0 0 0 0 0 0 0 0 0 0 0 0 0
##$SHL_EXPANDCF8= (0..143)
0 0 0 0 0 0 0 0 0 0 0 0 0 0 0 0 0 0 0 0 0 0 0 0 0 0 0 0 0 0 0 0 0 0 0 0
0 0 0 0 0 0 0 0 0 0 0 0 0 0 0 0 0 0 0 0 0 0 0 0 0 0 0 0 0 0 0 0 0 0 0 0
0 0 0 0 0 0 0 0 0 0 0 0 0 0 0 0 0 0 0 0 0 0 0 0 0 0 0 0 0 0 0 0 0 0 0 0
0 0 0 0 0 0 0 0 0 0 0 0 0 0 0 0 0 0 0 0 0 0 0 0 0 0 0 0 0 0 0 0 0 0 0 0
##$SHL_EXPANDCF9= (0..143)
0 0 0 0 0 0 0 0 0 0 0 0 0 0 0 0 0 0 0 0 0 0 0 0 0 0 0 0 0 0 0 0 0 0 0 0
0 0 0 0 0 0 0 0 0 0 0 0 0 0 0 0 0 0 0 0 0 0 0 0 0 0 0 0 0 0 0 0 0 0 0 0
0 0 0 0 0 0 0 0 0 0 0 0 0 0 0 0 0 0 0 0 0 0 0 0 0 0 0 0 0 0 0 0 0 0 0 0
0 0 0 0 0 0 0 0 0 0 0 0 0 0 0 0 0 0 0 0 0 0 0 0 0 0 0 0 0 0 0 0 0 0 0 0
##$SHL_EXPFAC= (0..15)
0 0 0 0 0 0 0 0 0 0 0 0 0 0 0 0
##$SHL_FRACEND= (0..15)
0 0 0 0 0 0 0 0 0 0 0 0 0 0 0 0
##$SHL_FRACORG= (0..15)
0 0 0 0 0 0 0 0 0 0 0 0 0 0 0 0
##$SHL_FRACSTART= (0..15)
0 0 0 0 0 0 0 0 0 0 0 0 0 0 0 0
##$SHL_FULLHALF= (0..15)
0 0 0 0 0 0 0 0 0 0 0 0 0 0 0 0
##$SHL_FUNCAMP= (0..15)
0 0 0 0 0 0 0 0 0 0 0 0 0 0 0 0
##$SHL_FUNCTION= (0..15)
<User> <> <> <> <> <> <> <> <> <> <> <> <> <> <> <>
##$SHL_GCO= (0..15)
<> <> <> <> <> <> <> <> <> <> <> <> <> <> <> <>
##$SHL_GCOCOEFFS0= (0..59)
0 0 0 0 0 0 0 0 0 0 0 0 0 0 0 0 0 0 0 0 0 0 0 0 0 0 0 0 0 0 0 0 0 0 0 0
0 0 0 0 0 0 0 0 0 0 0 0 0 0 0 0 0 0 0 0 0 0 0 0
##$SHL_GCOCOEFFS1= (0..59)
0 0 0 0 0 0 0 0 0 0 0 0 0 0 0 0 0 0 0 0 0 0 0 0 0 0 0 0 0 0 0 0 0 0 0 0
0 0 0 0 0 0 0 0 0 0 0 0 0 0 0 0 0 0 0 0 0 0 0 0
##$SHL_GCOCOEFFS10= (0..59)
0 0 0 0 0 0 0 0 0 0 0 0 0 0 0 0 0 0 0 0 0 0 0 0 0 0 0 0 0 0 0 0 0 0 0 0
0 0 0 0 0 0 0 0 0 0 0 0 0 0 0 0 0 0 0 0 0 0 0 0
##$SHL_GCOCOEFFS11= (0..59)
0 0 0 0 0 0 0 0 0 0 0 0 0 0 0 0 0 0 0 0 0 0 0 0 0 0 0 0 0 0 0 0 0 0 0 0
0 0 0 0 0 0 0 0 0 0 0 0 0 0 0 0 0 0 0 0 0 0 0 0
##$SHL_GCOCOEFFS12= (0..59)
0 0 0 0 0 0 0 0 0 0 0 0 0 0 0 0 0 0 0 0 0 0 0 0 0 0 0 0 0 0 0 0 0 0 0 0
0 0 0 0 0 0 0 0 0 0 0 0 0 0 0 0 0 0 0 0 0 0 0 0
##$SHL_GCOCOEFFS13= (0..59)
0 0 0 0 0 0 0 0 0 0 0 0 0 0 0 0 0 0 0 0 0 0 0 0 0 0 0 0 0 0 0 0 0 0 0 0
0 0 0 0 0 0 0 0 0 0 0 0 0 0 0 0 0 0 0 0 0 0 0 0
##$SHL_GCOCOEFFS14= (0..59)
0 0 0 0 0 0 0 0 0 0 0 0 0 0 0 0 0 0 0 0 0 0 0 0 0 0 0 0 0 0 0 0 0 0 0 0
0 0 0 0 0 0 0 0 0 0 0 0 0 0 0 0 0 0 0 0 0 0 0 0
##$SHL_GCOCOEFFS15= (0..59)
0 0 0 0 0 0 0 0 0 0 0 0 0 0 0 0 0 0 0 0 0 0 0 0 0 0 0 0 0 0 0 0 0 0 0 0
0 0 0 0 0 0 0 0 0 0 0 0 0 0 0 0 0 0 0 0 0 0 0 0
##$SHL_GCOCOEFFS2= (0..59)
0 0 0 0 0 0 0 0 0 0 0 0 0 0 0 0 0 0 0 0 0 0 0 0 0 0 0 0 0 0 0 0 0 0 0 0
0 0 0 0 0 0 0 0 0 0 0 0 0 0 0 0 0 0 0 0 0 0 0 0
##$SHL_GCOCOEFFS3= (0..59)
0 0 0 0 0 0 0 0 0 0 0 0 0 0 0 0 0 0 0 0 0 0 0 0 0 0 0 0 0 0 0 0 0 0 0 0
0 0 0 0 0 0 0 0 0 0 0 0 0 0 0 0 0 0 0 0 0 0 0 0
##$SHL_GCOCOEFFS4= (0..59)
0 0 0 0 0 0 0 0 0 0 0 0 0 0 0 0 0 0 0 0 0 0 0 0 0 0 0 0 0 0 0 0 0 0 0 0
0 0 0 0 0 0 0 0 0 0 0 0 0 0 0 0 0 0 0 0 0 0 0 0
##$SHL_GCOCOEFFS5= (0..59)
0 0 0 0 0 0 0 0 0 0 0 0 0 0 0 0 0 0 0 0 0 0 0 0 0 0 0 0 0 0 0 0 0 0 0 0
0 0 0 0 0 0 0 0 0 0 0 0 0 0 0 0 0 0 0 0 0 0 0 0
##$SHL_GCOCOEFFS6= (0..59)
0 0 0 0 0 0 0 0 0 0 0 0 0 0 0 0 0 0 0 0 0 0 0 0 0 0 0 0 0 0 0 0 0 0 0 0
0 0 0 0 0 0 0 0 0 0 0 0 0 0 0 0 0 0 0 0 0 0 0 0
##$SHL_GCOCOEFFS7= (0..59)
0 0 0 0 0 0 0 0 0 0 0 0 0 0 0 0 0 0 0 0 0 0 0 0 0 0 0 0 0 0 0 0 0 0 0 0
0 0 0 0 0 0 0 0 0 0 0 0 0 0 0 0 0 0 0 0 0 0 0 0
##$SHL_GCOCOEFFS8= (0..59)
0 0 0 0 0 0 0 0 0 0 0 0 0 0 0 0 0 0 0 0 0 0 0 0 0 0 0 0 0 0 0 0 0 0 0 0
0 0 0 0 0 0 0 0 0 0 0 0 0 0 0 0 0 0 0 0 0 0 0 0
##$SHL_GCOCOEFFS9= (0..59)
0 0 0 0 0 0 0 0 0 0 0 0 0 0 0 0 0 0 0 0 0 0 0 0 0 0 0 0 0 0 0 0 0 0 0 0
0 0 0 0 0 0 0 0 0 0 0 0 0 0 0 0 0 0 0 0 0 0 0 0
##$SHL_INTEGFAC= (0..15)
0.58890005 0 0 0 0 0 0 0 0 0 0 0 0 0 0 0
##$SHL_LB= (0..15)
0 0 0 0 0 0 0 0 0 0 0 0 0 0 0 0
##$SHL_LEFTLIMIT= (0..15)
0 0 0 0 0 0 0 0 0 0 0 0 0 0 0 0
##$SHL_LENGTH= (0..15)
20000 0 0 0 0 0 0 0 0 0 0 0 0 0 0 0
##$SHL_MAN= (0..15)
<> <> <> <> <> <> <> <> <> <> <> <> <> <> <> <>
##$SHL_MEANAMP= (0..15)
0 0 0 0 0 0 0 0 0 0 0 0 0 0 0 0
##$SHL_MODAMP= (0..15)
0 0 0 0 0 0 0 0 0 0 0 0 0 0 0 0
##$SHL_MODE= (0..15)
0 0 0 0 0 0 0 0 0 0 0 0 0 0 0 0
##$SHL_MODFREQ= (0..15)
0 0 0 0 0 0 0 0 0 0 0 0 0 0 0 0
##$SHL_MODPHASE= (0..15)
0 0 0 0 0 0 0 0 0 0 0 0 0 0 0 0
##$SHL_MODSCALE= (0..15)
0 0 0 0 0 0 0 0 0 0 0 0 0 0 0 0
##$SHL_MODSW= (0..15)
0 0 0 0 0 0 0 0 0 0 0 0 0 0 0 0
##$SHL_MODSWDIR= (0..15)
-1 -1 -1 -1 -1 -1 -1 -1 -1 -1 -1 -1 -1 -1 -1 -1
##$SHL_MU= (0..15)
0 0 0 0 0 0 0 0 0 0 0 0 0 0 0 0
##$SHL_NPOINTS= (0..15)
1000 0 0 0 0 0 0 0 0 0 0 0 0 0 0 0
##$SHL_OFFS= (0..15)
<> <> <> <> <> <> <> <> <> <> <> <> <> <> <> <>
##$SHL_OFFSCOEFF0= (0..95)
0 0 0 0 0 0 0 0 0 0 0 0 0 0 0 0 0 0 0 0 0 0 0 0 0 0 0 0 0 0 0 0 0 0 0 0
0 0 0 0 0 0 0 0 0 0 0 0 0 0 0 0 0 0 0 0 0 0 0 0 0 0 0 0 0 0 0 0 0 0 0 0
0 0 0 0 0 0 0 0 0 0 0 0 0 0 0 0 0 0 0 0 0 0 0 0
##$SHL_OFFSCOEFF1= (0..95)
0 0 0 0 0 0 0 0 0 0 0 0 0 0 0 0 0 0 0 0 0 0 0 0 0 0 0 0 0 0 0 0 0 0 0 0
0 0 0 0 0 0 0 0 0 0 0 0 0 0 0 0 0 0 0 0 0 0 0 0 0 0 0 0 0 0 0 0 0 0 0 0
0 0 0 0 0 0 0 0 0 0 0 0 0 0 0 0 0 0 0 0 0 0 0 0
##$SHL_OFFSCOEFF10= (0..95)
0 0 0 0 0 0 0 0 0 0 0 0 0 0 0 0 0 0 0 0 0 0 0 0 0 0 0 0 0 0 0 0 0 0 0 0
0 0 0 0 0 0 0 0 0 0 0 0 0 0 0 0 0 0 0 0 0 0 0 0 0 0 0 0 0 0 0 0 0 0 0 0
0 0 0 0 0 0 0 0 0 0 0 0 0 0 0 0 0 0 0 0 0 0 0 0
##$SHL_OFFSCOEFF11= (0..95)
0 0 0 0 0 0 0 0 0 0 0 0 0 0 0 0 0 0 0 0 0 0 0 0 0 0 0 0 0 0 0 0 0 0 0 0
0 0 0 0 0 0 0 0 0 0 0 0 0 0 0 0 0 0 0 0 0 0 0 0 0 0 0 0 0 0 0 0 0 0 0 0
0 0 0 0 0 0 0 0 0 0 0 0 0 0 0 0 0 0 0 0 0 0 0 0
##$SHL_OFFSCOEFF12= (0..95)
0 0 0 0 0 0 0 0 0 0 0 0 0 0 0 0 0 0 0 0 0 0 0 0 0 0 0 0 0 0 0 0 0 0 0 0
0 0 0 0 0 0 0 0 0 0 0 0 0 0 0 0 0 0 0 0 0 0 0 0 0 0 0 0 0 0 0 0 0 0 0 0
0 0 0 0 0 0 0 0 0 0 0 0 0 0 0 0 0 0 0 0 0 0 0 0
##$SHL_OFFSCOEFF13= (0..95)
0 0 0 0 0 0 0 0 0 0 0 0 0 0 0 0 0 0 0 0 0 0 0 0 0 0 0 0 0 0 0 0 0 0 0 0
0 0 0 0 0 0 0 0 0 0 0 0 0 0 0 0 0 0 0 0 0 0 0 0 0 0 0 0 0 0 0 0 0 0 0 0
0 0 0 0 0 0 0 0 0 0 0 0 0 0 0 0 0 0 0 0 0 0 0 0
##$SHL_OFFSCOEFF14= (0..95)
0 0 0 0 0 0 0 0 0 0 0 0 0 0 0 0 0 0 0 0 0 0 0 0 0 0 0 0 0 0 0 0 0 0 0 0
0 0 0 0 0 0 0 0 0 0 0 0 0 0 0 0 0 0 0 0 0 0 0 0 0 0 0 0 0 0 0 0 0 0 0 0
0 0 0 0 0 0 0 0 0 0 0 0 0 0 0 0 0 0 0 0 0 0 0 0
##$SHL_OFFSCOEFF15= (0..95)
0 0 0 0 0 0 0 0 0 0 0 0 0 0 0 0 0 0 0 0 0 0 0 0 0 0 0 0 0 0 0 0 0 0 0 0
0 0 0 0 0 0 0 0 0 0 0 0 0 0 0 0 0 0 0 0 0 0 0 0 0 0 0 0 0 0 0 0 0 0 0 0
0 0 0 0 0 0 0 0 0 0 0 0 0 0 0 0 0 0 0 0 0 0 0 0
##$SHL_OFFSCOEFF2= (0..95)
0 0 0 0 0 0 0 0 0 0 0 0 0 0 0 0 0 0 0 0 0 0 0 0 0 0 0 0 0 0 0 0 0 0 0 0
0 0 0 0 0 0 0 0 0 0 0 0 0 0 0 0 0 0 0 0 0 0 0 0 0 0 0 0 0 0 0 0 0 0 0 0
0 0 0 0 0 0 0 0 0 0 0 0 0 0 0 0 0 0 0 0 0 0 0 0
##$SHL_OFFSCOEFF3= (0..95)
0 0 0 0 0 0 0 0 0 0 0 0 0 0 0 0 0 0 0 0 0 0 0 0 0 0 0 0 0 0 0 0 0 0 0 0
0 0 0 0 0 0 0 0 0 0 0 0 0 0 0 0 0 0 0 0 0 0 0 0 0 0 0 0 0 0 0 0 0 0 0 0
0 0 0 0 0 0 0 0 0 0 0 0 0 0 0 0 0 0 0 0 0 0 0 0
##$SHL_OFFSCOEFF4= (0..95)
0 0 0 0 0 0 0 0 0 0 0 0 0 0 0 0 0 0 0 0 0 0 0 0 0 0 0 0 0 0 0 0 0 0 0 0
0 0 0 0 0 0 0 0 0 0 0 0 0 0 0 0 0 0 0 0 0 0 0 0 0 0 0 0 0 0 0 0 0 0 0 0
0 0 0 0 0 0 0 0 0 0 0 0 0 0 0 0 0 0 0 0 0 0 0 0
##$SHL_OFFSCOEFF5= (0..95)
0 0 0 0 0 0 0 0 0 0 0 0 0 0 0 0 0 0 0 0 0 0 0 0 0 0 0 0 0 0 0 0 0 0 0 0
0 0 0 0 0 0 0 0 0 0 0 0 0 0 0 0 0 0 0 0 0 0 0 0 0 0 0 0 0 0 0 0 0 0 0 0
0 0 0 0 0 0 0 0 0 0 0 0 0 0 0 0 0 0 0 0 0 0 0 0
##$SHL_OFFSCOEFF6= (0..95)
0 0 0 0 0 0 0 0 0 0 0 0 0 0 0 0 0 0 0 0 0 0 0 0 0 0 0 0 0 0 0 0 0 0 0 0
0 0 0 0 0 0 0 0 0 0 0 0 0 0 0 0 0 0 0 0 0 0 0 0 0 0 0 0 0 0 0 0 0 0 0 0
0 0 0 0 0 0 0 0 0 0 0 0 0 0 0 0 0 0 0 0 0 0 0 0
##$SHL_OFFSCOEFF7= (0..95)
0 0 0 0 0 0 0 0 0 0 0 0 0 0 0 0 0 0 0 0 0 0 0 0 0 0 0 0 0 0 0 0 0 0 0 0
0 0 0 0 0 0 0 0 0 0 0 0 0 0 0 0 0 0 0 0 0 0 0 0 0 0 0 0 0 0 0 0 0 0 0 0
0 0 0 0 0 0 0 0 0 0 0 0 0 0 0 0 0 0 0 0 0 0 0 0
##$SHL_OFFSCOEFF8= (0..95)
0 0 0 0 0 0 0 0 0 0 0 0 0 0 0 0 0 0 0 0 0 0 0 0 0 0 0 0 0 0 0 0 0 0 0 0
0 0 0 0 0 0 0 0 0 0 0 0 0 0 0 0 0 0 0 0 0 0 0 0 0 0 0 0 0 0 0 0 0 0 0 0
0 0 0 0 0 0 0 0 0 0 0 0 0 0 0 0 0 0 0 0 0 0 0 0
##$SHL_OFFSCOEFF9= (0..95)
0 0 0 0 0 0 0 0 0 0 0 0 0 0 0 0 0 0 0 0 0 0 0 0 0 0 0 0 0 0 0 0 0 0 0 0
0 0 0 0 0 0 0 0 0 0 0 0 0 0 0 0 0 0 0 0 0 0 0 0 0 0 0 0 0 0 0 0 0 0 0 0
0 0 0 0 0 0 0 0 0 0 0 0 0 0 0 0 0 0 0 0 0 0 0 0
##$SHL_PHASE= (0..15)
0 0 0 0 0 0 0 0 0 0 0 0 0 0 0 0
##$SHL_PHASEFAC= (0..15)
0 0 0 0 0 0 0 0 0 0 0 0 0 0 0 0
##$SHL_POWERINDEX= (0..15)
0 0 0 0 0 0 0 0 0 0 0 0 0 0 0 0
##$SHL_QUADCOEFF= (0..15)
0 0 0 0 0 0 0 0 0 0 0 0 0 0 0 0
##$SHL_RIGHTLIMIT= (0..15)
0 0 0 0 0 0 0 0 0 0 0 0 0 0 0 0
##$SHL_SCALEFACTOR= (0..15)
1 1 1 1 1 1 1 1 1 1 1 1 1 1 1 1
##$SHL_SF= (0..15)
<> <> <> <> <> <> <> <> <> <> <> <> <> <> <> <>
##$SHL_SFCOEFFS0= (0..200)
0 0 0 0 0 0 0 0 0 0 0 0 0 0 0 0 0 0 0 0 0 0 0 0 0 0 0 0 0 0 0 0 0 0 0 0
0 0 0 0 0 0 0 0 0 0 0 0 0 0 0 0 0 0 0 0 0 0 0 0 0 0 0 0 0 0 0 0 0 0 0 0
0 0 0 0 0 0 0 0 0 0 0 0 0 0 0 0 0 0 0 0 0 0 0 0 0 0 0 0 0 0 0 0 0 0 0 0
0 0 0 0 0 0 0 0 0 0 0 0 0 0 0 0 0 0 0 0 0 0 0 0 0 0 0 0 0 0 0 0 0 0 0 0
0 0 0 0 0 0 0 0 0 0 0 0 0 0 0 0 0 0 0 0 0 0 0 0 0 0 0 0 0 0 0 0 0 0 0 0
0 0 0 0 0 0 0 0 0 0 0 0 0 0 0 0 0 0 0 0 0
##$SHL_SFCOEFFS1= (0..200)
0 0 0 0 0 0 0 0 0 0 0 0 0 0 0 0 0 0 0 0 0 0 0 0 0 0 0 0 0 0 0 0 0 0 0 0
0 0 0 0 0 0 0 0 0 0 0 0 0 0 0 0 0 0 0 0 0 0 0 0 0 0 0 0 0 0 0 0 0 0 0 0
0 0 0 0 0 0 0 0 0 0 0 0 0 0 0 0 0 0 0 0 0 0 0 0 0 0 0 0 0 0 0 0 0 0 0 0
0 0 0 0 0 0 0 0 0 0 0 0 0 0 0 0 0 0 0 0 0 0 0 0 0 0 0 0 0 0 0 0 0 0 0 0
0 0 0 0 0 0 0 0 0 0 0 0 0 0 0 0 0 0 0 0 0 0 0 0 0 0 0 0 0 0 0 0 0 0 0 0
0 0 0 0 0 0 0 0 0 0 0 0 0 0 0 0 0 0 0 0 0
##$SHL_SFCOEFFS10= (0..200)
0 0 0 0 0 0 0 0 0 0 0 0 0 0 0 0 0 0 0 0 0 0 0 0 0 0 0 0 0 0 0 0 0 0 0 0
0 0 0 0 0 0 0 0 0 0 0 0 0 0 0 0 0 0 0 0 0 0 0 0 0 0 0 0 0 0 0 0 0 0 0 0
0 0 0 0 0 0 0 0 0 0 0 0 0 0 0 0 0 0 0 0 0 0 0 0 0 0 0 0 0 0 0 0 0 0 0 0
0 0 0 0 0 0 0 0 0 0 0 0 0 0 0 0 0 0 0 0 0 0 0 0 0 0 0 0 0 0 0 0 0 0 0 0
0 0 0 0 0 0 0 0 0 0 0 0 0 0 0 0 0 0 0 0 0 0 0 0 0 0 0 0 0 0 0 0 0 0 0 0
0 0 0 0 0 0 0 0 0 0 0 0 0 0 0 0 0 0 0 0 0
##$SHL_SFCOEFFS11= (0..200)
0 0 0 0 0 0 0 0 0 0 0 0 0 0 0 0 0 0 0 0 0 0 0 0 0 0 0 0 0 0 0 0 0 0 0 0
0 0 0 0 0 0 0 0 0 0 0 0 0 0 0 0 0 0 0 0 0 0 0 0 0 0 0 0 0 0 0 0 0 0 0 0
0 0 0 0 0 0 0 0 0 0 0 0 0 0 0 0 0 0 0 0 0 0 0 0 0 0 0 0 0 0 0 0 0 0 0 0
0 0 0 0 0 0 0 0 0 0 0 0 0 0 0 0 0 0 0 0 0 0 0 0 0 0 0 0 0 0 0 0 0 0 0 0
0 0 0 0 0 0 0 0 0 0 0 0 0 0 0 0 0 0 0 0 0 0 0 0 0 0 0 0 0 0 0 0 0 0 0 0
0 0 0 0 0 0 0 0 0 0 0 0 0 0 0 0 0 0 0 0 0
##$SHL_SFCOEFFS12= (0..200)
0 0 0 0 0 0 0 0 0 0 0 0 0 0 0 0 0 0 0 0 0 0 0 0 0 0 0 0 0 0 0 0 0 0 0 0
0 0 0 0 0 0 0 0 0 0 0 0 0 0 0 0 0 0 0 0 0 0 0 0 0 0 0 0 0 0 0 0 0 0 0 0
0 0 0 0 0 0 0 0 0 0 0 0 0 0 0 0 0 0 0 0 0 0 0 0 0 0 0 0 0 0 0 0 0 0 0 0
0 0 0 0 0 0 0 0 0 0 0 0 0 0 0 0 0 0 0 0 0 0 0 0 0 0 0 0 0 0 0 0 0 0 0 0
0 0 0 0 0 0 0 0 0 0 0 0 0 0 0 0 0 0 0 0 0 0 0 0 0 0 0 0 0 0 0 0 0 0 0 0
0 0 0 0 0 0 0 0 0 0 0 0 0 0 0 0 0 0 0 0 0
##$SHL_SFCOEFFS13= (0..200)
0 0 0 0 0 0 0 0 0 0 0 0 0 0 0 0 0 0 0 0 0 0 0 0 0 0 0 0 0 0 0 0 0 0 0 0
0 0 0 0 0 0 0 0 0 0 0 0 0 0 0 0 0 0 0 0 0 0 0 0 0 0 0 0 0 0 0 0 0 0 0 0
0 0 0 0 0 0 0 0 0 0 0 0 0 0 0 0 0 0 0 0 0 0 0 0 0 0 0 0 0 0 0 0 0 0 0 0
0 0 0 0 0 0 0 0 0 0 0 0 0 0 0 0 0 0 0 0 0 0 0 0 0 0 0 0 0 0 0 0 0 0 0 0
0 0 0 0 0 0 0 0 0 0 0 0 0 0 0 0 0 0 0 0 0 0 0 0 0 0 0 0 0 0 0 0 0 0 0 0
0 0 0 0 0 0 0 0 0 0 0 0 0 0 0 0 0 0 0 0 0
##$SHL_SFCOEFFS14= (0..200)
0 0 0 0 0 0 0 0 0 0 0 0 0 0 0 0 0 0 0 0 0 0 0 0 0 0 0 0 0 0 0 0 0 0 0 0
0 0 0 0 0 0 0 0 0 0 0 0 0 0 0 0 0 0 0 0 0 0 0 0 0 0 0 0 0 0 0 0 0 0 0 0
0 0 0 0 0 0 0 0 0 0 0 0 0 0 0 0 0 0 0 0 0 0 0 0 0 0 0 0 0 0 0 0 0 0 0 0
0 0 0 0 0 0 0 0 0 0 0 0 0 0 0 0 0 0 0 0 0 0 0 0 0 0 0 0 0 0 0 0 0 0 0 0
0 0 0 0 0 0 0 0 0 0 0 0 0 0 0 0 0 0 0 0 0 0 0 0 0 0 0 0 0 0 0 0 0 0 0 0
0 0 0 0 0 0 0 0 0 0 0 0 0 0 0 0 0 0 0 0 0
##$SHL_SFCOEFFS15= (0..200)
0 0 0 0 0 0 0 0 0 0 0 0 0 0 0 0 0 0 0 0 0 0 0 0 0 0 0 0 0 0 0 0 0 0 0 0
0 0 0 0 0 0 0 0 0 0 0 0 0 0 0 0 0 0 0 0 0 0 0 0 0 0 0 0 0 0 0 0 0 0 0 0
0 0 0 0 0 0 0 0 0 0 0 0 0 0 0 0 0 0 0 0 0 0 0 0 0 0 0 0 0 0 0 0 0 0 0 0
0 0 0 0 0 0 0 0 0 0 0 0 0 0 0 0 0 0 0 0 0 0 0 0 0 0 0 0 0 0 0 0 0 0 0 0
0 0 0 0 0 0 0 0 0 0 0 0 0 0 0 0 0 0 0 0 0 0 0 0 0 0 0 0 0 0 0 0 0 0 0 0
0 0 0 0 0 0 0 0 0 0 0 0 0 0 0 0 0 0 0 0 0
##$SHL_SFCOEFFS2= (0..200)
0 0 0 0 0 0 0 0 0 0 0 0 0 0 0 0 0 0 0 0 0 0 0 0 0 0 0 0 0 0 0 0 0 0 0 0
0 0 0 0 0 0 0 0 0 0 0 0 0 0 0 0 0 0 0 0 0 0 0 0 0 0 0 0 0 0 0 0 0 0 0 0
0 0 0 0 0 0 0 0 0 0 0 0 0 0 0 0 0 0 0 0 0 0 0 0 0 0 0 0 0 0 0 0 0 0 0 0
0 0 0 0 0 0 0 0 0 0 0 0 0 0 0 0 0 0 0 0 0 0 0 0 0 0 0 0 0 0 0 0 0 0 0 0
0 0 0 0 0 0 0 0 0 0 0 0 0 0 0 0 0 0 0 0 0 0 0 0 0 0 0 0 0 0 0 0 0 0 0 0
0 0 0 0 0 0 0 0 0 0 0 0 0 0 0 0 0 0 0 0 0
##$SHL_SFCOEFFS3= (0..200)
0 0 0 0 0 0 0 0 0 0 0 0 0 0 0 0 0 0 0 0 0 0 0 0 0 0 0 0 0 0 0 0 0 0 0 0
0 0 0 0 0 0 0 0 0 0 0 0 0 0 0 0 0 0 0 0 0 0 0 0 0 0 0 0 0 0 0 0 0 0 0 0
0 0 0 0 0 0 0 0 0 0 0 0 0 0 0 0 0 0 0 0 0 0 0 0 0 0 0 0 0 0 0 0 0 0 0 0
0 0 0 0 0 0 0 0 0 0 0 0 0 0 0 0 0 0 0 0 0 0 0 0 0 0 0 0 0 0 0 0 0 0 0 0
0 0 0 0 0 0 0 0 0 0 0 0 0 0 0 0 0 0 0 0 0 0 0 0 0 0 0 0 0 0 0 0 0 0 0 0
0 0 0 0 0 0 0 0 0 0 0 0 0 0 0 0 0 0 0 0 0
##$SHL_SFCOEFFS4= (0..200)
0 0 0 0 0 0 0 0 0 0 0 0 0 0 0 0 0 0 0 0 0 0 0 0 0 0 0 0 0 0 0 0 0 0 0 0
0 0 0 0 0 0 0 0 0 0 0 0 0 0 0 0 0 0 0 0 0 0 0 0 0 0 0 0 0 0 0 0 0 0 0 0
0 0 0 0 0 0 0 0 0 0 0 0 0 0 0 0 0 0 0 0 0 0 0 0 0 0 0 0 0 0 0 0 0 0 0 0
0 0 0 0 0 0 0 0 0 0 0 0 0 0 0 0 0 0 0 0 0 0 0 0 0 0 0 0 0 0 0 0 0 0 0 0
0 0 0 0 0 0 0 0 0 0 0 0 0 0 0 0 0 0 0 0 0 0 0 0 0 0 0 0 0 0 0 0 0 0 0 0
0 0 0 0 0 0 0 0 0 0 0 0 0 0 0 0 0 0 0 0 0
##$SHL_SFCOEFFS5= (0..200)
0 0 0 0 0 0 0 0 0 0 0 0 0 0 0 0 0 0 0 0 0 0 0 0 0 0 0 0 0 0 0 0 0 0 0 0
0 0 0 0 0 0 0 0 0 0 0 0 0 0 0 0 0 0 0 0 0 0 0 0 0 0 0 0 0 0 0 0 0 0 0 0
0 0 0 0 0 0 0 0 0 0 0 0 0 0 0 0 0 0 0 0 0 0 0 0 0 0 0 0 0 0 0 0 0 0 0 0
0 0 0 0 0 0 0 0 0 0 0 0 0 0 0 0 0 0 0 0 0 0 0 0 0 0 0 0 0 0 0 0 0 0 0 0
0 0 0 0 0 0 0 0 0 0 0 0 0 0 0 0 0 0 0 0 0 0 0 0 0 0 0 0 0 0 0 0 0 0 0 0
0 0 0 0 0 0 0 0 0 0 0 0 0 0 0 0 0 0 0 0 0
##$SHL_SFCOEFFS6= (0..200)
0 0 0 0 0 0 0 0 0 0 0 0 0 0 0 0 0 0 0 0 0 0 0 0 0 0 0 0 0 0 0 0 0 0 0 0
0 0 0 0 0 0 0 0 0 0 0 0 0 0 0 0 0 0 0 0 0 0 0 0 0 0 0 0 0 0 0 0 0 0 0 0
0 0 0 0 0 0 0 0 0 0 0 0 0 0 0 0 0 0 0 0 0 0 0 0 0 0 0 0 0 0 0 0 0 0 0 0
0 0 0 0 0 0 0 0 0 0 0 0 0 0 0 0 0 0 0 0 0 0 0 0 0 0 0 0 0 0 0 0 0 0 0 0
0 0 0 0 0 0 0 0 0 0 0 0 0 0 0 0 0 0 0 0 0 0 0 0 0 0 0 0 0 0 0 0 0 0 0 0
0 0 0 0 0 0 0 0 0 0 0 0 0 0 0 0 0 0 0 0 0
##$SHL_SFCOEFFS7= (0..200)
0 0 0 0 0 0 0 0 0 0 0 0 0 0 0 0 0 0 0 0 0 0 0 0 0 0 0 0 0 0 0 0 0 0 0 0
0 0 0 0 0 0 0 0 0 0 0 0 0 0 0 0 0 0 0 0 0 0 0 0 0 0 0 0 0 0 0 0 0 0 0 0
0 0 0 0 0 0 0 0 0 0 0 0 0 0 0 0 0 0 0 0 0 0 0 0 0 0 0 0 0 0 0 0 0 0 0 0
0 0 0 0 0 0 0 0 0 0 0 0 0 0 0 0 0 0 0 0 0 0 0 0 0 0 0 0 0 0 0 0 0 0 0 0
0 0 0 0 0 0 0 0 0 0 0 0 0 0 0 0 0 0 0 0 0 0 0 0 0 0 0 0 0 0 0 0 0 0 0 0
0 0 0 0 0 0 0 0 0 0 0 0 0 0 0 0 0 0 0 0 0
##$SHL_SFCOEFFS8= (0..200)
0 0 0 0 0 0 0 0 0 0 0 0 0 0 0 0 0 0 0 0 0 0 0 0 0 0 0 0 0 0 0 0 0 0 0 0
0 0 0 0 0 0 0 0 0 0 0 0 0 0 0 0 0 0 0 0 0 0 0 0 0 0 0 0 0 0 0 0 0 0 0 0
0 0 0 0 0 0 0 0 0 0 0 0 0 0 0 0 0 0 0 0 0 0 0 0 0 0 0 0 0 0 0 0 0 0 0 0
0 0 0 0 0 0 0 0 0 0 0 0 0 0 0 0 0 0 0 0 0 0 0 0 0 0 0 0 0 0 0 0 0 0 0 0
0 0 0 0 0 0 0 0 0 0 0 0 0 0 0 0 0 0 0 0 0 0 0 0 0 0 0 0 0 0 0 0 0 0 0 0
0 0 0 0 0 0 0 0 0 0 0 0 0 0 0 0 0 0 0 0 0
##$SHL_SFCOEFFS9= (0..200)
0 0 0 0 0 0 0 0 0 0 0 0 0 0 0 0 0 0 0 0 0 0 0 0 0 0 0 0 0 0 0 0 0 0 0 0
0 0 0 0 0 0 0 0 0 0 0 0 0 0 0 0 0 0 0 0 0 0 0 0 0 0 0 0 0 0 0 0 0 0 0 0
0 0 0 0 0 0 0 0 0 0 0 0 0 0 0 0 0 0 0 0 0 0 0 0 0 0 0 0 0 0 0 0 0 0 0 0
0 0 0 0 0 0 0 0 0 0 0 0 0 0 0 0 0 0 0 0 0 0 0 0 0 0 0 0 0 0 0 0 0 0 0 0
0 0 0 0 0 0 0 0 0 0 0 0 0 0 0 0 0 0 0 0 0 0 0 0 0 0 0 0 0 0 0 0 0 0 0 0
0 0 0 0 0 0 0 0 0 0 0 0 0 0 0 0 0 0 0 0 0
##$SHL_SMOOTHED= (0..15)
0 0 0 0 0 0 0 0 0 0 0 0 0 0 0 0
##$SHL_SMOOTHING= (0..15)
0 0 0 0 0 0 0 0 0 0 0 0 0 0 0 0
##$SHL_SPOAL= (0..15)
0 0 0 0 0 0 0 0 0 0 0 0 0 0 0 0
##$SHL_SPOFFS= (0..15)
0 0 0 0 0 0 0 0 0 0 0 0 0 0 0 0
##$SHL_SPOPH= (0..15)
0 0 0 0 0 0 0 0 0 0 0 0 0 0 0 0
##$SHL_STARTAMP= (0..15)
0 0 0 0 0 0 0 0 0 0 0 0 0 0 0 0
##$SHL_SW= (0..15)
0 0 0 0 0 0 0 0 0 0 0 0 0 0 0 0
##$SHL_SWDIR= (0..15)
-1 -1 -1 -1 -1 -1 -1 -1 -1 -1 -1 -1 -1 -1 -1 -1
##$SHL_TANKAPPA= (0..15)
0 0 0 0 0 0 0 0 0 0 0 0 0 0 0 0
##$SHL_TOTROT= (0..15)
90 0 0 0 0 0 0 0 0 0 0 0 0 0 0 0
##$SHL_TRUNCLEV= (0..15)
0 0 0 0 0 0 0 0 0 0 0 0 0 0 0 0
##$SHL_TYPE= (0..15)
<Excitation> <> <> <> <> <> <> <> <> <> <> <> <> <> <> <>
##$SHL_WINDOWSIZE= (0..15)
0 0 0 0 0 0 0 0 0 0 0 0 0 0 0 0
##$SHL_ZETA= (0..15)
0 0 0 0 0 0 0 0 0 0 0 0 0 0 0 0
##NPOINTS= 1000
##XYPOINTS= (XY..XY)
0.000000, 356.936580
0.198025, 350.809740
0.387720, 344.682900
0.562369, 338.556060
0.715517, 332.429220
0.841092, 326.302380
0.933529, 320.175540
0.987881, 314.048700
0.999922, 307.921860
0.966240, 301.795020
0.884317, 295.668180
0.752594, 289.541340
0.570520, 283.414500
0.338587, 277.287660
0.058343, 271.160820
0.267605, 85.033980
0.635616, 78.907140
1.041044, 72.780300
1.478300, 66.653460
1.940922, 60.526620
2.421657, 54.399780
2.912568, 48.272940
3.405151, 42.146100
3.890458, 36.019260
4.359238, 29.892420
4.802084, 23.765580
5.209579, 17.638740
5.572460, 11.511900
5.881773, 5.385060
6.129023, 359.258220
6.306341, 353.131380
6.406619, 347.004540
6.423654, 340.877700
6.352282, 334.750860
6.188490, 328.624020
5.929518, 322.497180
5.573950, 316.370340
5.121778, 310.243500
4.574453, 304.116660
3.934914, 297.989820
3.207595, 291.862980
2.398405, 285.736140
1.514701, 279.609300
0.565219, 273.482460
0.440001, 87.355620
1.489720, 81.228780
2.571623, 75.101940
3.672454, 68.975100
4.778184, 62.848260
5.874185, 56.721420
6.945405, 50.594580
7.976581, 44.467740
8.952432, 38.340900
9.857887, 32.214060
10.678283, 26.087220
11.399599, 19.960380
12.008658, 13.833540
12.493326, 7.706700
12.842716, 1.579860
13.047396, 355.453020
13.099515, 349.326180
12.992973, 343.199340
12.723595, 337.072500
12.289170, 330.945660
11.689595, 324.818820
10.926912, 318.691980
10.005330, 312.565140
8.931275, 306.438300
7.713299, 300.311460
6.362093, 294.184620
4.890363, 288.057780
3.312726, 281.930940
1.645582, 275.804100
0.093060, 89.677260
1.883776, 83.550420
3.705936, 77.423580
5.537940, 71.296740
7.357474, 65.169900
9.141780, 59.043060
10.867922, 52.916220
12.513101, 46.789380
14.054928, 40.662540
15.471728, 34.535700
16.742816, 28.408860
17.848833, 22.282020
18.771942, 16.155180
19.496171, 10.028340
20.007605, 3.901500
20.294633, 357.774660
20.348123, 351.647820
20.161646, 345.520980
19.731535, 339.394140
19.057087, 333.267300
18.140542, 327.140460
16.987203, 321.013620
15.605387, 314.886780
14.006406, 308.759940
12.204473, 302.633100
10.216625, 296.506260
8.062519, 290.379420
5.764290, 284.252580
3.346301, 278.125740
0.834900, 271.998900
1.741871, 85.872060
4.354580, 79.745220
6.972745, 73.618380
9.565183, 67.491540
12.100391, 61.364700
14.546906, 55.237860
16.873709, 49.111020
19.050604, 42.984180
21.048611, 36.857340
22.840331, 30.730500
24.400338, 24.603660
25.705466, 18.476820
26.735215, 12.349980
27.471985, 6.223140
27.901381, 0.096300
28.012418, 353.969460
27.797743, 347.842620
27.253755, 341.715780
26.380769, 335.588940
25.183026, 329.462100
23.668745, 323.335260
21.850066, 317.208420
19.743001, 311.081580
17.367300, 304.954740
14.746241, 298.827900
11.906465, 292.701060
8.877667, 286.574220
5.692312, 280.447380
2.385276, 274.320540
1.006522, 88.193700
4.444537, 82.066860
7.889036, 75.940020
11.299551, 69.813180
14.635357, 63.686340
17.855961, 57.559500
20.921585, 51.432660
23.793639, 45.305820
26.435248, 39.178980
28.811665, 33.052140
30.890756, 26.925300
32.643408, 20.798460
34.043935, 14.671620
35.070420, 8.544780
35.705052, 2.417940
35.934380, 356.291100
35.749548, 350.164260
35.146475, 344.037420
34.125959, 337.910580
32.693752, 331.783740
30.860546, 325.656900
28.641934, 319.530060
26.058277, 313.403220
23.134538, 307.276380
19.900054, 301.149540
16.388239, 295.022700
12.636247, 288.895860
8.684584, 282.769020
4.576662, 276.642180
0.358342, 270.515340
3.922592, 84.388500
8.216972, 78.261660
12.474803, 72.134820
16.645857, 66.007980
20.680252, 59.881140
24.529052, 53.754300
28.144867, 47.627460
31.482427, 41.500620
34.499131, 35.373780
37.155612, 29.246940
39.416232, 23.120100
41.249537, 16.993260
42.628705, 10.866420
43.531884, 4.739580
43.942557, 358.612740
43.849778, 352.485900
43.248363, 346.359060
42.139028, 340.232220
40.528473, 334.105380
38.429315, 327.978540
35.860096, 321.851700
32.845043, 315.724860
29.413925, 309.598020
25.601722, 303.471180
21.448287, 297.344340
16.997936, 291.217500
12.298972, 285.090660
7.403165, 278.963820
2.365184, 272.836980
2.758024, 86.710140
7.907863, 80.583300
13.024772, 74.456460
18.048902, 68.329620
22.920836, 62.202780
27.582264, 56.075940
31.976699, 49.949100
36.050170, 43.822260
39.751856, 37.695420
43.034724, 31.568580
45.856146, 25.441740
48.178414, 19.314900
49.969246, 13.188060
51.202232, 7.061220
51.857183, 0.934380
51.920447, 354.807540
51.385149, 348.680700
50.251288, 342.553860
48.525890, 336.427020
46.222902, 330.300180
43.363183, 324.173340
39.974274, 318.046500
36.090156, 311.919660
31.750927, 305.792820
27.002378, 299.665980
21.895519, 293.539140
16.486026, 287.412300
10.833649, 281.285460
5.001536, 275.158620
0.944468, 89.031780
6.936563, 82.904940
12.905770, 76.778100
18.782726, 70.651260
24.498497, 64.524420
29.985376, 58.397580
35.177699, 52.270740
40.012622, 46.143900
44.430886, 40.017060
48.377526, 33.890220
51.802588, 27.763380
54.661717, 21.636540
56.916732, 15.509700
58.536173, 9.382860
59.495641, 3.256020
59.778234, 357.129180
59.374735, 351.002340
58.283853, 344.875500
56.512240, 338.748660
54.074542, 332.621820
50.993238, 326.494980
47.298494, 320.368140
43.027844, 314.241300
38.225830, 308.114460
32.943530, 301.987620
27.238027, 295.860780
21.171778, 289.733940
14.811945, 283.607100
8.229642, 277.480260
1.499142, 271.353420
5.302969, 85.226580
12.098655, 79.099740
18.809341, 72.972900
25.356813, 66.846060
31.664134, 60.719220
37.656556, 54.592380
43.262405, 48.465540
48.413922, 42.338700
53.048117, 36.211860
57.107495, 30.085020
60.540805, 23.958180
63.303657, 17.831340
65.359122, 11.704500
66.678152, 5.577660
67.240071, 359.450820
67.032784, 353.323980
66.053030, 347.197140
64.306487, 341.070300
61.807754, 334.943460
58.580243, 328.816620
54.655982, 322.689780
50.075282, 316.562940
44.886367, 310.436100
39.144820, 304.309260
32.913032, 298.182420
26.259487, 292.055580
19.258039, 285.928740
11.987065, 279.801900
4.528604, 273.675060
3.032581, 87.548220
10.609964, 81.421380
18.116257, 75.294540
25.464412, 69.167700
32.568631, 63.040860
39.345381, 56.914020
45.714367, 50.787180
51.599489, 44.660340
56.929766, 38.533500
61.640172, 32.406660
65.672423, 26.279820
68.975737, 20.152980
71.507426, 14.026140
73.233471, 7.899300
74.128946, 1.772460
74.178376, 355.645620
73.375987, 349.518780
71.725807, 343.391940
69.241712, 337.265100
65.947264, 331.138260
61.875583, 325.011420
57.068933, 318.884580
51.578337, 312.757740
45.463036, 306.630900
38.789824, 300.504060
31.632332, 294.377220
24.070220, 288.250380
16.188274, 282.123540
8.075465, 275.996700
0.176069, 89.869860
8.472065, 83.743020
16.717220, 77.616180
24.816290, 71.489340
32.675192, 65.362500
40.202102, 59.235660
47.308527, 53.108820
53.910359, 46.981980
59.928865, 40.855140
65.291613, 34.728300
69.933375, 28.601460
73.796906, 22.474620
76.833648, 16.347780
79.004320, 10.220940
80.279464, 4.094100
80.639783, 357.967260
80.076474, 351.840420
78.591330, 345.713580
76.196808, 339.586740
72.915904, 333.459900
68.781989, 327.333060
63.838432, 321.206220
58.138139, 315.079380
51.743045, 308.952540
44.723378, 302.825700
37.156910, 296.698860
29.128112, 290.572020
20.727170, 284.445180
12.048997, 278.318340
3.192146, 272.191500
5.742313, 86.064660
14.651946, 79.937820
23.434144, 73.810980
31.987298, 67.684140
40.211990, 61.557300
48.012136, 55.430460
55.296139, 49.303620
61.977931, 43.176780
67.978037, 37.049940
73.224485, 30.923100
77.653682, 24.796260
81.211208, 18.669420
83.852437, 12.542580
85.543149, 6.415740
86.259923, 0.288900
85.990472, 354.162060
84.733836, 348.035220
82.500439, 341.908380
79.311994, 335.781540
75.201324, 329.654700
70.212005, 323.527860
64.397926, 317.401020
57.822692, 311.274180
50.558923, 305.147340
42.687464, 299.020500
34.296473, 292.893660
25.480424, 286.766820
16.339059, 280.639980
6.976237, 274.513140
2.501248, 88.386300
11.984883, 82.259460
21.365689, 76.132620
30.535475, 70.005780
39.388101, 63.878940
47.820694, 57.752100
55.734865, 51.625260
63.037847, 45.498420
69.643598, 39.371580
75.473806, 33.244740
80.458834, 27.117900
84.538557, 20.991060
87.663040, 14.864220
89.793234, 8.737380
90.901385, 2.610540
90.971423, 356.483700
89.999193, 350.356860
87.992520, 344.230020
84.971191, 338.103180
80.966730, 331.976340
76.022055, 325.849500
70.191097, 319.722660
63.538111, 313.595820
56.137043, 307.468980
48.070661, 301.342140
39.429648, 295.215300
30.311571, 289.088460
20.819769, 282.961620
11.062183, 276.834780
1.150126, 270.707940
8.802997, 84.581100
18.682992, 78.454260
28.376190, 72.327420
37.770759, 66.200580
46.758007, 60.073740
55.233635, 53.946900
63.098960, 47.820060
70.262050, 41.693220
76.638847, 35.566380
82.154108, 29.439540
86.742320, 23.312700
90.348462, 17.185860
92.928712, 11.059020
94.450914, 4.932180
94.895038, 358.805340
94.253396, 352.678500
92.530785, 346.551660
89.744447, 340.424820
85.923922, 334.297980
81.110702, 328.171140
75.357803, 322.044300
68.729168, 315.917460
61.298971, 309.790620
53.150758, 303.663780
44.376521, 297.536940
35.075652, 291.410100
25.353807, 285.283260
15.321706, 279.156420
5.093867, 273.029580
5.212712, 86.902740
15.479894, 80.775900
25.589764, 74.649060
35.425992, 68.522220
44.875168, 62.395380
53.828128, 56.268540
62.181217, 50.141700
69.837475, 44.014860
76.707810, 37.888020
82.711985, 31.761180
87.779611, 25.634340
91.850942, 19.507500
94.877572, 13.380660
96.823068, 7.253820
97.663334, 1.126980
97.386978, 355.000140
95.995421, 348.873300
93.502891, 342.746460
89.936341, 336.619620
85.335085, 330.492780
79.750404, 324.365940
73.244955, 318.239100
65.892081, 312.112260
57.774975, 305.985420
48.985720, 299.858580
39.624259, 293.731740
29.797240, 287.604900
19.616804, 281.478060
9.199297, 275.351220
1.336067, 89.224380
11.868578, 83.097540
22.277412, 76.970700
32.443036, 70.843860
42.248569, 64.717020
51.581151, 58.590180
60.333239, 52.463340
68.403841, 46.336500
75.699707, 40.209660
82.136405, 34.082820
87.639278, 27.955980
92.144368, 21.829140
95.599102, 15.702300
97.962934, 9.575460
99.207843, 3.448620
99.318637, 357.321780
98.293138, 351.194940
96.142248, 345.068100
92.889792, 338.941260
88.572286, 332.814420
83.238510, 326.687580
76.948961, 320.560740
69.775165, 314.433900
61.798833, 308.307060
53.110971, 302.180220
43.810806, 296.053380
34.004656, 289.926540
23.804705, 283.799700
13.327723, 277.672860
2.693715, 271.546020
7.975458, 85.419180
18.557482, 79.292340
28.930995, 73.165500
38.976988, 67.038660
48.580182, 60.911820
57.630346, 54.784980
66.023574, 48.658140
73.663491, 42.531300
80.462345, 36.404460
86.342036, 30.277620
91.235011, 24.150780
95.085048, 18.023940
97.847911, 11.897100
99.491830, 5.770260
99.997903, 359.643420
99.360298, 353.516580
97.586324, 347.389740
94.696346, 341.262900
90.723551, 335.136060
85.713573, 329.009220
79.723939, 322.882380
72.823435, 316.755540
65.091301, 310.628700
56.616320, 304.501860
47.495793, 298.375020
37.834407, 292.248180
27.743043, 286.121340
17.337492, 279.994500
6.737113, 273.867660
3.936529, 87.740820
14.561075, 81.613980
25.014773, 75.487140
35.177887, 69.360300
44.934070, 63.233460
54.171697, 57.106620
62.785164, 50.979780
70.676085, 44.852940
77.754427, 38.726100
83.939533, 32.599260
89.161078, 26.472420
93.359825, 20.345580
96.488330, 14.218740
98.511473, 8.091900
99.406857, 1.965060
99.165061, 355.838220
97.789717, 349.711380
95.297489, 343.584540
91.717850, 337.457700
87.092725, 331.330860
81.476032, 325.204020
74.933028, 319.077180
67.539526, 312.950340
59.381066, 306.823500
50.551870, 300.696660
41.153780, 294.569820
31.295069, 288.442980
21.089184, 282.316140
10.653438, 276.189300
0.107658, 270.062460
10.427200, 83.935620
20.830447, 77.808780
30.983043, 71.681940
40.768973, 65.555100
50.076570, 59.428260
58.799805, 53.301420
66.839495, 47.174580
74.104432, 41.047740
80.512437, 34.920900
85.991266, 28.794060
90.479455, 22.667220
93.927008, 16.540380
96.295946, 10.413540
97.560739, 4.286700
97.708547, 358.159860
96.739412, 352.033020
94.666185, 345.906180
91.514365, 339.779340
87.321822, 333.652500
82.138280, 327.525660
76.024796, 321.398820
69.052983, 315.271980
61.304181, 309.145140
52.868532, 303.018300
43.843882, 296.891460
34.334686, 290.764620
24.450760, 284.637780
14.306021, 278.510940
4.017175, 272.384100
6.297648, 86.257260
16.520240, 80.130420
26.533690, 74.003580
36.223713, 67.876740
45.479972, 61.749900
54.197331, 55.623060
62.277065, 49.496220
69.627972, 43.369380
76.167411, 37.242540
81.822244, 31.115700
86.529630, 24.988860
90.237764, 18.862020
92.906420, 12.735180
94.507405, 6.608340
95.024834, 0.481500
94.455316, 354.354660
92.807939, 348.227820
90.104155, 342.100980
86.377474, 335.974140
81.673096, 329.847300
76.047303, 323.720460
69.566850, 317.593620
62.308118, 311.466780
54.356239, 305.339940
45.804066, 299.213100
36.751129, 293.086260
27.302434, 286.959420
17.567256, 280.832580
7.657860, 274.705740
2.311784, 88.578900
12.227329, 82.452060
21.975368, 76.325220
31.444726, 70.198380
40.527747, 64.071540
49.121520, 57.944700
57.129042, 51.817860
64.460322, 45.691020
71.033398, 39.564180
76.775260, 33.437340
81.622647, 27.310500
85.522791, 21.183660
88.433910, 15.056820
90.325758, 8.929980
91.179859, 2.803140
90.989700, 356.676300
89.760798, 350.549460
87.510569, 344.422620
84.268107, 338.295780
80.073806, 332.168940
74.978827, 326.042100
69.044549, 319.915260
62.341745, 313.788420
54.949785, 307.661580
46.955689, 301.534740
38.453084, 295.407900
29.541117, 289.281060
20.323286, 283.154220
10.906237, 277.027380
1.398523, 270.900540
8.090647, 84.773700
17.452672, 78.646860
26.580804, 72.520020
35.371379, 66.393180
43.724989, 60.266340
51.547605, 54.139500
58.751665, 48.012660
65.257032, 41.885820
70.991897, 35.758980
75.893581, 29.632140
79.909208, 23.505300
82.996283, 17.378460
85.123151, 11.251620
86.269297, 5.124780
86.425561, 358.997940
85.594176, 352.871100
83.788709, 346.744260
81.033865, 340.617420
77.365149, 334.490580
72.828393, 328.363740
67.479233, 322.236900
61.382373, 316.110060
54.610845, 309.983220
47.245114, 303.856380
39.372109, 297.729540
31.084223, 291.602700
22.478195, 285.475860
13.654000, 279.349020
4.713666, 273.222180
4.239898, 87.095340
13.104095, 80.968500
21.777822, 74.841660
30.162625, 68.714820
38.163824, 62.587980
45.691581, 56.461140
52.661925, 50.334300
58.997663, 44.207460
64.629275, 38.080620
69.495659, 31.953780
73.544771, 25.826940
76.734245, 19.700100
79.031773, 13.573260
80.415437, 7.446420
80.873956, 1.319580
80.406711, 355.192740
79.023728, 349.065900
76.745484, 342.939060
73.602665, 336.812220
69.635701, 330.685380
64.894311, 324.558540
59.436833, 318.431700
53.329529, 312.304860
46.645779, 306.178020
39.465209, 300.051180
31.872719, 293.924340
23.957484, 287.797500
15.811915, 281.670660
7.530562, 275.543820
0.790977, 89.416980
9.057169, 83.290140
17.173643, 77.163300
25.048274, 71.036460
32.592234, 64.909620
39.720990, 58.782780
46.355263, 52.655940
52.421904, 46.529100
57.854712, 40.402260
62.595154, 34.275420
66.592975, 28.148580
69.806765, 22.021740
72.204377, 15.894900
73.763197, 9.768060
74.470432, 3.641220
74.323116, 357.514380
73.328140, 351.387540
71.502085, 345.260700
68.870993, 339.133860
65.469998, 333.007020
61.342857, 326.880180
56.541409, 320.753340
51.124905, 314.626500
45.159315, 308.499660
38.716492, 302.372820
31.873307, 296.245980
24.710752, 290.119140
17.312967, 283.992300
9.766246, 277.865460
2.158034, 271.738620
5.424094, 85.611780
12.893441, 79.484940
20.165184, 73.358100
27.157338, 67.231260
33.791683, 61.104420
39.994653, 54.977580
45.698129, 48.850740
50.840220, 42.723900
55.365896, 36.597060
59.227621, 30.470220
62.385802, 24.343380
64.809242, 18.216540
66.475394, 12.089700
67.370595, 5.962860
67.490134, 359.836020
66.838257, 353.709180
65.428064, 347.582340
63.281291, 341.455500
60.427951, 335.328660
56.906011, 329.201820
52.760815, 323.074980
48.044554, 316.948140
42.815597, 310.821300
37.137780, 304.694460
31.079606, 298.567620
24.713447, 292.440780
18.114654, 286.313940
11.360679, 280.187100
4.530159, 274.060260
2.298000, 87.933420
9.045539, 81.806580
15.635744, 75.679740
21.994323, 69.552900
28.050241, 63.426060
33.736514, 57.299220
38.990960, 51.172380
43.756875, 45.045540
47.983636, 38.918700
51.627250, 32.791860
54.650795, 26.665020
57.024804, 20.538180
58.727529, 14.411340
59.745153, 8.284500
60.071840, 2.157660
59.709787, 356.030820
58.669082, 349.903980
56.967568, 343.777140
54.630520, 337.650300
51.690351, 331.523460
48.186096, 325.396620
44.162980, 319.269780
39.671795, 313.142940
34.768264, 307.016100
29.512381, 300.889260
23.967648, 294.762420
18.200328, 288.635580
12.278638, 282.508740
6.271957, 276.381900
0.250000, 270.255060
5.717987, 84.128220
11.564027, 78.001380
17.222185, 71.874540
22.629319, 65.747700
27.725780, 59.620860
32.456062, 53.494020
36.769432, 47.367180
40.620444, 41.240340
43.969434, 35.113500
46.782910, 28.986660
49.033898, 22.859820
50.702179, 16.732980
51.774442, 10.606140
52.244426, 4.479300
52.112838, 358.352460
51.387368, 352.225620
50.082445, 346.098780
48.219063, 339.971940
45.824445, 333.845100
42.931659, 327.718260
39.579188, 321.591420
35.810423, 315.464580
31.673091, 309.337740
27.218692, 303.210900
22.501832, 297.084060
17.579552, 290.957220
12.510664, 284.830380
7.355035, 278.703540
2.172875, 272.576700
2.975959, 86.449860
8.032656, 80.323020
12.940125, 74.196180
17.643645, 68.069340
22.091460, 61.942500
26.235365, 55.815660
30.031219, 49.688820
33.439411, 43.561980
36.425278, 37.435140
38.959446, 31.308300
41.018099, 25.181460
42.583236, 19.054620
43.642742, 12.927780
44.190543, 6.800940
44.226529, 0.674100
43.756538, 354.547260
42.792199, 348.420420
41.350717, 342.293580
39.454616, 336.166740
37.131429, 330.039900
34.413281, 323.913060
31.336480, 317.786220
27.941033, 311.659380
24.270134, 305.532540
20.369636, 299.405700
16.287456, 293.278860
12.073002, 287.152020
7.776581, 281.025180
3.448794, 274.898340
0.860064, 88.771500
5.100577, 82.644660
9.224785, 76.517820
13.186722, 70.390980
16.942920, 64.264140
20.452904, 58.137300
23.679609, 52.010460
26.589768, 45.883620
29.154265, 39.756780
31.348401, 33.629940
33.152143, 27.503100
34.550282, 21.376260
35.532540, 15.249420
36.093638, 9.122580
36.233267, 2.995740
35.956043, 356.868900
35.271364, 350.742060
34.193247, 344.615220
32.740090, 338.488380
30.934379, 332.361540
28.802387, 326.234700
26.373790, 320.107860
23.681279, 313.981020
20.760122, 307.854180
17.647726, 301.727340
14.383126, 295.600500
11.006555, 289.473660
7.558903, 283.346820
4.081246, 277.219980
0.614355, 271.093140
2.801778, 84.966300
6.128408, 78.839460
9.328465, 72.712620
12.366978, 66.585780
15.211447, 60.458940
17.832186, 54.332100
20.202637, 48.205260
22.299618, 42.078420
24.103578, 35.951580
25.598717, 29.824740
26.773141, 23.697900
27.618955, 17.571060
28.132248, 11.444220
28.313102, 5.317380
28.165489, 359.190540
27.697210, 353.063700
26.919684, 346.936860
25.847776, 340.810020
24.499541, 334.683180
22.895970, 328.556340
21.060661, 322.429500
19.019536, 316.302660
16.800426, 310.175820
14.432752, 304.048980
11.947118, 297.922140
9.374933, 291.795300
6.748013, 285.668460
4.098198, 279.541620
1.456957, 273.414780
1.144974, 87.287940
3.677948, 81.161100
6.113747, 75.034260
8.425895, 68.907420
10.589939, 62.780580
12.583707, 56.653740
14.387522, 50.526900
15.984416, 44.400060
17.360234, 38.273220
18.503799, 32.146380
19.406947, 26.019540
20.064586, 19.892700
20.474668, 13.765860
20.638201, 7.639020
20.559088, 1.512180
20.244112, 355.385340
19.702694, 349.258500
18.946804, 343.131660
17.990704, 337.004820
16.850743, 330.877980
15.545089, 324.751140
14.093507, 318.624300
12.517014, 312.497460
10.837649, 306.370620
9.078140, 300.243780
7.261625, 294.116940
5.411333, 287.990100
3.550324, 281.863260
1.701175, 275.736420
0.114273, 89.609580
1.875177, 83.482740
3.561925, 77.355900
5.156359, 71.229060
6.641955, 65.102220
8.003998, 58.975380
9.229730, 52.848540
10.308443, 46.721700
11.231564, 40.594860
11.992740, 34.468020
12.587799, 28.341180
13.014809, 22.214340
13.274000, 16.087500
13.367711, 9.960660
13.300329, 3.833820
13.078110, 357.706980
12.709124, 351.580140
12.203054, 345.453300
11.571009, 339.326460
10.825378, 333.199620
9.979608, 327.072780
9.047986, 320.945940
8.045437, 314.819100
6.987309, 308.692260
5.889143, 302.565420
4.766471, 296.438580
3.634591, 290.311740
2.508383, 284.184900
1.402104, 278.058060
0.329224, 271.931220
0.697738, 85.804380
1.667359, 79.677540
2.569436, 73.550700
3.395088, 67.423860
4.136835, 61.297020
4.788664, 55.170180
5.346064, 49.043340
5.806038, 42.916500
6.167101, 36.789660
6.429248, 30.662820
6.593906, 24.535980
6.663863, 18.409140
6.643187, 12.282300
6.537112, 6.155460
6.351928, 0.028620
6.094851, 353.901780
5.773877, 347.774940
5.397631, 341.648100
4.975221, 335.521260
4.516071, 329.394420
4.029766, 323.267580
3.525892, 317.140740
3.013885, 311.013900
2.502880, 304.887060
2.001574, 298.760220
1.518094, 292.633380
1.059881, 286.506540
0.633589, 280.379700
0.244991, 274.252860
0.101092, 88.126020
0.400845, 81.999180
0.651500, 75.872340
0.851353, 69.745500
0.999771, 63.618660
1.097172, 57.491820
1.144998, 51.364980
1.145660, 45.238140
1.102477, 39.111300
1.019598, 32.984460
0.901906, 26.857620
0.754919, 20.730780
0.584673, 14.603940
0.397608, 8.477100
0.200432, 2.350260
0.000000, 356.223420
##END=
##XYPOINTS= (XY..XY)
0.000000, 0.000000
0.200600, 0.000000
0.401999, 0.000000
0.604194, 0.000000
0.807180, 0.000000
1.010956, 0.000000
1.215517, 0.000000
1.420861, 0.000000
1.626984, 0.000000
1.833883, 0.000000
2.041554, 0.000000
2.249995, 0.000000
2.459202, 0.000000
2.669172, 0.000000
2.879900, 0.000000
3.091385, 0.000000
3.303621, 0.000000
3.516607, 0.000000
3.730337, 0.000000
3.944810, 0.000000
4.160021, 0.000000
4.375966, 0.000000
4.592642, 0.000000
4.810046, 0.000000
5.028173, 0.000000
5.247021, 0.000000
5.466585, 0.000000
5.686861, 0.000000
5.907847, 0.000000
6.129537, 0.000000
6.351929, 0.000000
6.575019, 0.000000
6.798802, 0.000000
7.023275, 0.000000
7.248435, 0.000000
7.474276, 0.000000
7.700796, 0.000000
7.927990, 0.000000
8.155854, 0.000000
8.384384, 0.000000
8.613577, 0.000000
8.843428, 0.000000
9.073933, 0.000000
9.305089, 0.000000
9.536890, 0.000000
9.769334, 0.000000
10.002420, 0.000000
10.236130, 0.000000
10.470470, 0.000000
10.705440, 0.000000
10.941030, 0.000000
11.177240, 0.000000
11.414060, 0.000000
11.651490, 0.000000
11.889520, 0.000000
12.128150, 0.000000
12.367380, 0.000000
12.607200, 0.000000
12.847600, 0.000000
13.088590, 0.000000
13.330160, 0.000000
13.572290, 0.000000
13.815000, 0.000000
14.058270, 0.000000
14.302100, 0.000000
14.546490, 0.000000
14.791420, 0.000000
15.036910, 0.000000
15.282930, 0.000000
15.529490, 0.000000
15.776590, 0.000000
16.024210, 0.000000
16.272350, 0.000000
16.521020, 0.000000
16.770190, 0.000000
17.019880, 0.000000
17.270070, 0.000000
17.520760, 0.000000
17.771950, 0.000000
18.023620, 0.000000
18.275780, 0.000000
18.528420, 0.000000
18.781540, 0.000000
19.035120, 0.000000
19.289180, 0.000000
19.543690, 0.000000
19.798660, 0.000000
20.054080, 0.000000
20.309950, 0.000000
20.566250, 0.000000
20.823000, 0.000000
21.080170, 0.000000
21.337780, 0.000000
21.595800, 0.000000
21.854240, 0.000000
22.113090, 0.000000
22.372350, 0.000000
22.632000, 0.000000
22.892060, 0.000000
23.152500, 0.000000
23.413330, 0.000000
23.674540, 0.000000
23.936130, 0.000000
24.198090, 0.000000
24.460410, 0.000000
24.723090, 0.000000
24.986120, 0.000000
25.249510, 0.000000
25.513240, 0.000000
25.777310, 0.000000
26.041710, 0.000000
26.306440, 0.000000
26.571490, 0.000000
26.836870, 0.000000
27.102550, 0.000000
27.368540, 0.000000
27.634830, 0.000000
27.901420, 0.000000
28.168300, 0.000000
28.435470, 0.000000
28.702910, 0.000000
28.970630, 0.000000
29.238620, 0.000000
29.506880, 0.000000
29.775390, 0.000000
30.044150, 0.000000
30.313170, 0.000000
30.582420, 0.000000
30.851910, 0.000000
31.121630, 0.000000
31.391580, 0.000000
31.661750, 0.000000
31.932130, 0.000000
32.202720, 0.000000
32.473520, 0.000000
32.744510, 0.000000
33.015690, 0.000000
33.287060, 0.000000
33.558620, 0.000000
33.830340, 0.000000
34.102240, 0.000000
34.374300, 0.000000
34.646520, 0.000000
34.918890, 0.000000
35.191410, 0.000000
35.464070, 0.000000
35.736870, 0.000000
36.009800, 0.000000
36.282850, 0.000000
36.556020, 0.000000
36.829300, 0.000000
37.102690, 0.000000
37.376180, 0.000000
37.649770, 0.000000
37.923450, 0.000000
38.197210, 0.000000
38.471050, 0.000000
38.744960, 0.000000
39.018940, 0.000000
39.292990, 0.000000
39.567080, 0.000000
39.841230, 0.000000
40.115420, 0.000000
40.389650, 0.000000
40.663910, 0.000000
40.938200, 0.000000
41.212510, 0.000000
41.486830, 0.000000
41.761160, 0.000000
42.035500, 0.000000
42.309830, 0.000000
42.584150, 0.000000
42.858460, 0.000000
43.132750, 0.000000
43.407020, 0.000000
43.681250, 0.000000
43.955440, 0.000000
44.229590, 0.000000
44.503690, 0.000000
44.777730, 0.000000
45.051720, 0.000000
45.325630, 0.000000
45.599480, 0.000000
45.873240, 0.000000
46.146920, 0.000000
46.420510, 0.000000
46.694000, 0.000000
46.967390, 0.000000
47.240670, 0.000000
47.513830, 0.000000
47.786880, 0.000000
48.059800, 0.000000
48.332580, 0.000000
48.605230, 0.000000
48.877730, 0.000000
49.150090, 0.000000
49.422290, 0.000000
49.694320, 0.000000
49.966190, 0.000000
50.237890, 0.000000
50.509400, 0.000000
50.780730, 0.000000
51.051870, 0.000000
51.322810, 0.000000
51.593550, 0.000000
51.864080, 0.000000
52.134390, 0.000000
52.404490, 0.000000
52.674350, 0.000000
52.943990, 0.000000
53.213380, 0.000000
53.482530, 0.000000
53.751430, 0.000000
54.020070, 0.000000
54.288450, 0.000000
54.556560, 0.000000
54.824400, 0.000000
55.091950, 0.000000
55.359220, 0.000000
55.626200, 0.000000
55.892880, 0.000000
56.159260, 0.000000
56.425330, 0.000000
56.691080, 0.000000
56.956510, 0.000000
57.221610, 0.000000
57.486380, 0.000000
57.750810, 0.000000
58.014900, 0.000000
58.278630, 0.000000
58.542010, 0.000000
58.805030, 0.000000
59.067670, 0.000000
59.329950, 0.000000
59.591840, 0.000000
59.853350, 0.000000
60.114460, 0.000000
60.375180, 0.000000
60.635490, 0.000000
60.895400, 0.000000
61.154890, 0.000000
61.413960, 0.000000
61.672600, 0.000000
61.930810, 0.000000
62.188580, 0.000000
62.445910, 0.000000
62.702790, 0.000000
62.959210, 0.000000
63.215170, 0.000000
63.470670, 0.000000
63.725690, 0.000000
63.980230, 0.000000
64.234290, 0.000000
64.487860, 0.000000
64.740930, 0.000000
64.993500, 0.000000
65.245570, 0.000000
65.497120, 0.000000
65.748160, 0.000000
65.998670, 0.000000
66.248650, 0.000000
66.498090, 0.000000
66.747000, 0.000000
66.995350, 0.000000
67.243160, 0.000000
67.490410, 0.000000
67.737090, 0.000000
67.983200, 0.000000
68.228740, 0.000000
68.473700, 0.000000
68.718080, 0.000000
68.961860, 0.000000
69.205050, 0.000000
69.447630, 0.000000
69.689610, 0.000000
69.930970, 0.000000
70.171720, 0.000000
70.411840, 0.000000
70.651330, 0.000000
70.890180, 0.000000
71.128390, 0.000000
71.365960, 0.000000
71.602880, 0.000000
71.839140, 0.000000
72.074740, 0.000000
72.309670, 0.000000
72.543920, 0.000000
72.777500, 0.000000
73.010400, 0.000000
73.242600, 0.000000
73.474110, 0.000000
73.704920, 0.000000
73.935030, 0.000000
74.164430, 0.000000
74.393110, 0.000000
74.621070, 0.000000
74.848300, 0.000000
75.074810, 0.000000
75.300570, 0.000000
75.525600, 0.000000
75.749880, 0.000000
75.973400, 0.000000
76.196170, 0.000000
76.418180, 0.000000
76.639420, 0.000000
76.859890, 0.000000
77.079580, 0.000000
77.298490, 0.000000
77.516610, 0.000000
77.733940, 0.000000
77.950470, 0.000000
78.166200, 0.000000
78.381120, 0.000000
78.595230, 0.000000
78.808520, 0.000000
79.020990, 0.000000
79.232640, 0.000000
79.443450, 0.000000
79.653420, 0.000000
79.862550, 0.000000
80.070840, 0.000000
80.278270, 0.000000
80.484850, 0.000000
80.690560, 0.000000
80.895410, 0.000000
81.099390, 0.000000
81.302500, 0.000000
81.504720, 0.000000
81.706060, 0.000000
81.906520, 0.000000
82.106070, 0.000000
82.304730, 0.000000
82.502490, 0.000000
82.699330, 0.000000
82.895270, 0.000000
83.090290, 0.000000
83.284390, 0.000000
83.477560, 0.000000
83.669800, 0.000000
83.861100, 0.000000
84.051470, 0.000000
84.240890, 0.000000
84.429370, 0.000000
84.616890, 0.000000
84.803460, 0.000000
84.989060, 0.000000
85.173700, 0.000000
85.357370, 0.000000
85.540060, 0.000000
85.721780, 0.000000
85.902510, 0.000000
86.082260, 0.000000
86.261020, 0.000000
86.438780, 0.000000
86.615540, 0.000000
86.791300, 0.000000
86.966050, 0.000000
87.139790, 0.000000
87.312510, 0.000000
87.484210, 0.000000
87.654890, 0.000000
87.824540, 0.000000
87.993160, 0.000000
88.160750, 0.000000
88.327290, 0.000000
88.492790, 0.000000
88.657250, 0.000000
88.820650, 0.000000
88.983000, 0.000000
89.144290, 0.000000
89.304510, 0.000000
89.463670, 0.000000
89.621760, 0.000000
89.778780, 0.000000
89.934720, 0.000000
90.089580, 0.000000
90.243350, 0.000000
90.396030, 0.000000
90.547630, 0.000000
90.698120, 0.000000
90.847520, 0.000000
90.995820, 0.000000
91.143010, 0.000000
91.289090, 0.000000
91.434050, 0.000000
91.577900, 0.000000
91.720640, 0.000000
91.862240, 0.000000
92.002730, 0.000000
92.142080, 0.000000
92.280300, 0.000000
92.417380, 0.000000
92.553320, 0.000000
92.688120, 0.000000
92.821780, 0.000000
92.954290, 0.000000
93.085640, 0.000000
93.215840, 0.000000
93.344880, 0.000000
93.472760, 0.000000
93.599470, 0.000000
93.725020, 0.000000
93.849400, 0.000000
93.972610, 0.000000
94.094630, 0.000000
94.215480, 0.000000
94.335150, 0.000000
94.453640, 0.000000
94.570930, 0.000000
94.687040, 0.000000
94.801950, 0.000000
94.915670, 0.000000
95.028190, 0.000000
95.139510, 0.000000
95.249620, 0.000000
95.358530, 0.000000
95.466230, 0.000000
95.572720, 0.000000
95.677990, 0.000000
95.782050, 0.000000
95.884890, 0.000000
95.986510, 0.000000
96.086910, 0.000000
96.186080, 0.000000
96.284020, 0.000000
96.380730, 0.000000
96.476210, 0.000000
96.570450, 0.000000
96.663450, 0.000000
96.755220, 0.000000
96.845740, 0.000000
96.935020, 0.000000
97.023060, 0.000000
97.109840, 0.000000
97.195380, 0.000000
97.279660, 0.000000
97.362690, 0.000000
97.444470, 0.000000
97.524980, 0.000000
97.604240, 0.000000
97.682230, 0.000000
97.758960, 0.000000
97.834430, 0.000000
97.908620, 0.000000
97.981550, 0.000000
98.053210, 0.000000
98.123600, 0.000000
98.192710, 0.000000
98.260540, 0.000000
98.327100, 0.000000
98.392380, 0.000000
98.456380, 0.000000
98.519100, 0.000000
98.580530, 0.000000
98.640680, 0.000000
98.699540, 0.000000
98.757120, 0.000000
98.813400, 0.000000
98.868400, 0.000000
98.922100, 0.000000
98.974510, 0.000000
99.025630, 0.000000
99.075450, 0.000000
99.123970, 0.000000
99.171200, 0.000000
99.217120, 0.000000
99.261750, 0.000000
99.305080, 0.000000
99.347100, 0.000000
99.387820, 0.000000
99.427240, 0.000000
99.465350, 0.000000
99.502160, 0.000000
99.537660, 0.000000
99.571850, 0.000000
99.604730, 0.000000
99.636300, 0.000000
99.666570, 0.000000
99.695520, 0.000000
99.723160, 0.000000
99.749490, 0.000000
99.774510, 0.000000
99.798210, 0.000000
99.820600, 0.000000
99.841680, 0.000000
99.861440, 0.000000
99.879890, 0.000000
99.897020, 0.000000
99.912830, 0.000000
99.927330, 0.000000
99.940510, 0.000000
99.952370, 0.000000
99.962920, 0.000000
99.972150, 0.000000
99.980060, 0.000000
99.986650, 0.000000
99.991920, 0.000000
99.995880, 0.000000
99.998520, 0.000000
99.999840, 0.000000
99.999840, 0.000000
99.998520, 0.000000
99.995880, 0.000000
99.991920, 0.000000
99.986650, 0.000000
99.980060, 0.000000
99.972150, 0.000000
99.962920, 0.000000
99.952370, 0.000000
99.940510, 0.000000
99.927330, 0.000000
99.912830, 0.000000
99.897020, 0.000000
99.879890, 0.000000
99.861440, 0.000000
99.841680, 0.000000
99.820600, 0.000000
99.798210, 0.000000
99.774510, 0.000000
99.749490, 0.000000
99.723160, 0.000000
99.695520, 0.000000
99.666570, 0.000000
99.636300, 0.000000
99.604730, 0.000000
99.571850, 0.000000
99.537660, 0.000000
99.502160, 0.000000
99.465350, 0.000000
99.427240, 0.000000
99.387820, 0.000000
99.347100, 0.000000
99.305080, 0.000000
99.261750, 0.000000
99.217120, 0.000000
99.171200, 0.000000
99.123970, 0.000000
99.075450, 0.000000
99.025630, 0.000000
98.974510, 0.000000
98.922100, 0.000000
98.868400, 0.000000
98.813400, 0.000000
98.757120, 0.000000
98.699540, 0.000000
98.640680, 0.000000
98.580530, 0.000000
98.519100, 0.000000
98.456380, 0.000000
98.392380, 0.000000
98.327100, 0.000000
98.260540, 0.000000
98.192710, 0.000000
98.123600, 0.000000
98.053210, 0.000000
97.981550, 0.000000
97.908620, 0.000000
97.834430, 0.000000
97.758960, 0.000000
97.682230, 0.000000
97.604240, 0.000000
97.524980, 0.000000
97.444470, 0.000000
97.362690, 0.000000
97.279660, 0.000000
97.195380, 0.000000
97.109840, 0.000000
97.023060, 0.000000
96.935020, 0.000000
96.845740, 0.000000
96.755220, 0.000000
96.663450, 0.000000
96.570450, 0.000000
96.476210, 0.000000
96.380730, 0.000000
96.284020, 0.000000
96.186080, 0.000000
96.086910, 0.000000
95.986510, 0.000000
95.884890, 0.000000
95.782050, 0.000000
95.677990, 0.000000
95.572720, 0.000000
95.466230, 0.000000
95.358530, 0.000000
95.249620, 0.000000
95.139510, 0.000000
95.028190, 0.000000
94.915670, 0.000000
94.801950, 0.000000
94.687040, 0.000000
94.570930, 0.000000
94.453640, 0.000000
94.335150, 0.000000
94.215480, 0.000000
94.094630, 0.000000
93.972610, 0.000000
93.849400, 0.000000
93.725020, 0.000000
93.599470, 0.000000
93.472760, 0.000000
93.344880, 0.000000
93.215840, 0.000000
93.085640, 0.000000
92.954290, 0.000000
92.821780, 0.000000
92.688120, 0.000000
92.553320, 0.000000
92.417380, 0.000000
92.280300, 0.000000
92.142080, 0.000000
92.002730, 0.000000
91.862240, 0.000000
91.720640, 0.000000
91.577900, 0.000000
91.434050, 0.000000
91.289090, 0.000000
91.143010, 0.000000
90.995820, 0.000000
90.847520, 0.000000
90.698120, 0.000000
90.547630, 0.000000
90.396030, 0.000000
90.243350, 0.000000
90.089580, 0.000000
89.934720, 0.000000
89.778780, 0.000000
89.621760, 0.000000
89.463670, 0.000000
89.304510, 0.000000
89.144290, 0.000000
88.983000, 0.000000
88.820650, 0.000000
88.657250, 0.000000
88.492790, 0.000000
88.327290, 0.000000
88.160750, 0.000000
87.993160, 0.000000
87.824540, 0.000000
87.654890, 0.000000
87.484210, 0.000000
87.312510, 0.000000
87.139790, 0.000000
86.966050, 0.000000
86.791300, 0.000000
86.615540, 0.000000
86.438780, 0.000000
86.261020, 0.000000
86.082260, 0.000000
85.902510, 0.000000
85.721780, 0.000000
85.540060, 0.000000
85.357370, 0.000000
85.173700, 0.000000
84.989060, 0.000000
84.803460, 0.000000
84.616890, 0.000000
84.429370, 0.000000
84.240890, 0.000000
84.051470, 0.000000
83.861100, 0.000000
83.669800, 0.000000
83.477560, 0.000000
83.284390, 0.000000
83.090290, 0.000000
82.895270, 0.000000
82.699330, 0.000000
82.502490, 0.000000
82.304730, 0.000000
82.106070, 0.000000
81.906520, 0.000000
81.706060, 0.000000
81.504720, 0.000000
81.302500, 0.000000
81.099390, 0.000000
80.895410, 0.000000
80.690560, 0.000000
80.484850, 0.000000
80.278270, 0.000000
80.070840, 0.000000
79.862550, 0.000000
79.653420, 0.000000
79.443450, 0.000000
79.232640, 0.000000
79.020990, 0.000000
78.808520, 0.000000
78.595230, 0.000000
78.381120, 0.000000
78.166200, 0.000000
77.950470, 0.000000
77.733940, 0.000000
77.516610, 0.000000
77.298490, 0.000000
77.079580, 0.000000
76.859890, 0.000000
76.639420, 0.000000
76.418180, 0.000000
76.196170, 0.000000
75.973400, 0.000000
75.749880, 0.000000
75.525600, 0.000000
75.300570, 0.000000
75.074810, 0.000000
74.848300, 0.000000
74.621070, 0.000000
74.393110, 0.000000
74.164430, 0.000000
73.935030, 0.000000
73.704920, 0.000000
73.474110, 0.000000
73.242600, 0.000000
73.010400, 0.000000
72.777500, 0.000000
72.543920, 0.000000
72.309670, 0.000000
72.074740, 0.000000
71.839140, 0.000000
71.602880, 0.000000
71.365960, 0.000000
71.128390, 0.000000
70.890180, 0.000000
70.651330, 0.000000
70.411840, 0.000000
70.171720, 0.000000
69.930970, 0.000000
69.689610, 0.000000
69.447630, 0.000000
69.205050, 0.000000
68.961860, 0.000000
68.718080, 0.000000
68.473700, 0.000000
68.228740, 0.000000
67.983200, 0.000000
67.737090, 0.000000
67.490410, 0.000000
67.243160, 0.000000
66.995350, 0.000000
66.747000, 0.000000
66.498090, 0.000000
66.248650, 0.000000
65.998670, 0.000000
65.748160, 0.000000
65.497120, 0.000000
65.245570, 0.000000
64.993500, 0.000000
64.740930, 0.000000
64.487860, 0.000000
64.234290, 0.000000
63.980230, 0.000000
63.725690, 0.000000
63.470670, 0.000000
63.215170, 0.000000
62.959210, 0.000000
62.702790, 0.000000
62.445910, 0.000000
62.188580, 0.000000
61.930810, 0.000000
61.672600, 0.000000
61.413960, 0.000000
61.154890, 0.000000
60.895400, 0.000000
60.635490, 0.000000
60.375180, 0.000000
60.114460, 0.000000
59.853350, 0.000000
59.591840, 0.000000
59.329950, 0.000000
59.067670, 0.000000
58.805030, 0.000000
58.542010, 0.000000
58.278630, 0.000000
58.014900, 0.000000
57.750810, 0.000000
57.486380, 0.000000
57.221610, 0.000000
56.956510, 0.000000
56.691080, 0.000000
56.425330, 0.000000
56.159260, 0.000000
55.892880, 0.000000
55.626200, 0.000000
55.359220, 0.000000
55.091950, 0.000000
54.824400, 0.000000
54.556560, 0.000000
54.288450, 0.000000
54.020070, 0.000000
53.751430, 0.000000
53.482530, 0.000000
53.213380, 0.000000
52.943990, 0.000000
52.674350, 0.000000
52.404490, 0.000000
52.134390, 0.000000
51.864080, 0.000000
51.593550, 0.000000
51.322810, 0.000000
51.051870, 0.000000
50.780730, 0.000000
50.509400, 0.000000
50.237890, 0.000000
49.966190, 0.000000
49.694320, 0.000000
49.422290, 0.000000
49.150090, 0.000000
48.877730, 0.000000
48.605230, 0.000000
48.332580, 0.000000
48.059800, 0.000000
47.786880, 0.000000
47.513830, 0.000000
47.240670, 0.000000
46.967390, 0.000000
46.694000, 0.000000
46.420510, 0.000000
46.146920, 0.000000
45.873240, 0.000000
45.599480, 0.000000
45.325630, 0.000000
45.051720, 0.000000
44.777730, 0.000000
44.503690, 0.000000
44.229590, 0.000000
43.955440, 0.000000
43.681250, 0.000000
43.407020, 0.000000
43.132750, 0.000000
42.858460, 0.000000
42.584150, 0.000000
42.309830, 0.000000
42.035500, 0.000000
41.761160, 0.000000
41.486830, 0.000000
41.212510, 0.000000
40.938200, 0.000000
40.663910, 0.000000
40.389650, 0.000000
40.115420, 0.000000
39.841230, 0.000000
39.567080, 0.000000
39.292990, 0.000000
39.018940, 0.000000
38.744960, 0.000000
38.471050, 0.000000
38.197210, 0.000000
37.923450, 0.000000
37.649770, 0.000000
37.376180, 0.000000
37.102690, 0.000000
36.829300, 0.000000
36.556020, 0.000000
36.282850, 0.000000
36.009800, 0.000000
35.736870, 0.000000
35.464070, 0.000000
35.191410, 0.000000
34.918890, 0.000000
34.646520, 0.000000
34.374300, 0.000000
34.102240, 0.000000
33.830340, 0.000000
33.558620, 0.000000
33.287060, 0.000000
33.015690, 0.000000
32.744510, 0.000000
32.473520, 0.000000
32.202720, 0.000000
31.932130, 0.000000
31.661750, 0.000000
31.391580, 0.000000
31.121630, 0.000000
30.851910, 0.000000
30.582420, 0.000000
30.313170, 0.000000
30.044150, 0.000000
29.775390, 0.000000
29.506880, 0.000000
29.238620, 0.000000
28.970630, 0.000000
28.702910, 0.000000
28.435470, 0.000000
28.168300, 0.000000
27.901420, 0.000000
27.634830, 0.000000
27.368540, 0.000000
27.102550, 0.000000
26.836870, 0.000000
26.571490, 0.000000
26.306440, 0.000000
26.041710, 0.000000
25.777310, 0.000000
25.513240, 0.000000
25.249510, 0.000000
24.986120, 0.000000
24.723090, 0.000000
24.460410, 0.000000
24.198090, 0.000000
23.936130, 0.000000
23.674540, 0.000000
23.413330, 0.000000
23.152500, 0.000000
22.892060, 0.000000
22.632000, 0.000000
22.372350, 0.000000
22.113090, 0.000000
21.854240, 0.000000
21.595800, 0.000000
21.337780, 0.000000
21.080170, 0.000000
20.823000, 0.000000
20.566250, 0.000000
20.309950, 0.000000
20.054080, 0.000000
19.798660, 0.000000
19.543690, 0.000000
19.289180, 0.000000
19.035120, 0.000000
18.781540, 0.000000
18.528420, 0.000000
18.275780, 0.000000
18.023620, 0.000000
17.771950, 0.000000
17.520760, 0.000000
17.270070, 0.000000
17.019880, 0.000000
16.770190, 0.000000
16.521020, 0.000000
16.272350, 0.000000
16.024210, 0.000000
15.776590, 0.000000
15.529490, 0.000000
15.282930, 0.000000
15.036910, 0.000000
14.791420, 0.000000
14.546490, 0.000000
14.302100, 0.000000
14.058270, 0.000000
13.815000, 0.000000
13.572290, 0.000000
13.330160, 0.000000
13.088590, 0.000000
12.847600, 0.000000
12.607200, 0.000000
12.367380, 0.000000
12.128150, 0.000000
11.889520, 0.000000
11.651490, 0.000000
11.414060, 0.000000
11.177240, 0.000000
10.941030, 0.000000
10.705440, 0.000000
10.470470, 0.000000
10.236130, 0.000000
10.002420, 0.000000
9.769334, 0.000000
9.536890, 0.000000
9.305089, 0.000000
9.073933, 0.000000
8.843428, 0.000000
8.613577, 0.000000
8.384384, 0.000000
8.155854, 0.000000
7.927990, 0.000000
7.700796, 0.000000
7.474276, 0.000000
7.248435, 0.000000
7.023275, 0.000000
6.798802, 0.000000
6.575019, 0.000000
6.351929, 0.000000
6.129537, 0.000000
5.907847, 0.000000
5.686861, 0.000000
5.466585, 0.000000
5.247021, 0.000000
5.028173, 0.000000
4.810046, 0.000000
4.592642, 0.000000
4.375966, 0.000000
4.160021, 0.000000
3.944810, 0.000000
3.730337, 0.000000
3.516607, 0.000000
3.303621, 0.000000
3.091385, 0.000000
2.879900, 0.000000
2.669172, 0.000000
2.459202, 0.000000
2.249995, 0.000000
2.041554, 0.000000
1.833883, 0.000000
1.626984, 0.000000
1.420861, 0.000000
1.215517, 0.000000
1.010956, 0.000000
0.807180, 0.000000
0.604194, 0.000000
0.401999, 0.000000
0.200600, 0.000000
0.000000, 0.000000
##END=
