##TITLE= Parameter file, TopSpin 3.6.4
##JCAMPDX= 5.0
##DATATYPE= Parameter Values
##ORIGIN= Bruker BioSpin GmbH
##OWNER= bai23
$$ 2024-04-09 13:21:36.472 +0100  bai23@glengrant
$$ C:/Bruker/cam-ts3/wave/s_automation
$$ process C:\Bruker\TopSpin3.6.4\prog\mod\xwinshape.exe
##MINX= 0.00000000
##MAXX= 99.90498100
##MINY= 0.63360000
##MAXY= 359.97696000
##$SHAPE_ADDPHASE= 0
##$SHAPE_AMP= 99.90498074
##$SHAPE_BWFAC= 0
##$SHAPE_BWFAC50= 0
##$SHAPE_CALCBW= yes
##$SHAPE_CALCINTEG= yes
##$SHAPE_EXMODE= <Universal>
##$SHAPE_EXPAND= <>
##$SHAPE_EXPANDCF= (0..143)
0 0 0 0 0 0 0 0 0 0 0 0 0 0 0 0 0 0 0 0 0 0 0 0 0 0 0 0 0 0 0 0 0 0 0 0
0 0 0 0 0 0 0 0 0 0 0 0 0 0 0 0 0 0 0 0 0 0 0 0 0 0 0 0 0 0 0 0 0 0 0 0
0 0 0 0 0 0 0 0 0 0 0 0 0 0 0 0 0 0 0 0 0 0 0 0 0 0 0 0 0 0 0 0 0 0 0 0
0 0 0 0 0 0 0 0 0 0 0 0 0 0 0 0 0 0 0 0 0 0 0 0 0 0 0 0 0 0 0 0 0 0 0 0
##$SHAPE_EXPFAC= 0
##$SHAPE_FRACEND= 0
##$SHAPE_FRACORG= 0
##$SHAPE_FRACSTART= 0
##$SHAPE_INTEGFAC= 0
##$SHAPE_KEEPRES= yes
##$SHAPE_LENGTH= 20000
##$SHAPE_MAN= <M>
##$SHAPE_MODE= 2
##$SHAPE_MODFREQ= 0
##$SHAPE_MODPHASE= 0
##$SHAPE_MODSCALE= 0
##$SHAPE_MODSW= 0
##$SHAPE_MODSWDIR= -1
##$SHAPE_NPOINTS= 1000
##$SHAPE_OFFS= <0 2>
##$SHAPE_OFFSCOEFF= (0..95)
0 0 100 -921.6 0 100 0 0 0 0 0 0 0 0 0 0 0 0 0 0 0 0 0 0 0 0 0 0 0 0 0
0 0 0 0 0 0 0 0 0 0 0 0 0 0 0 0 0 0 0 0 0 0 0 0 0 0 0 0 0 0 0 0 0 0 0 0
0 0 0 0 0 0 0 0 0 0 0 0 0 0 0 0 0 0 0 0 0 0 0 0 0 0 0 0 0
##$SHAPE_PARAMETER= <>
##$SHAPE_REPHFAC= 0
##$SHAPE_RES= 0
##$SHAPE_SCALEFAC= 1.0009511
##$SHAPE_SCALETYPE= 0
##$SHAPE_SPOAL= 0
##$SHAPE_SPOFFS= 0
##$SHAPE_SPOPH= 0
##$SHAPE_TOTROT= 90
##$SHAPE_TYPE= <Excitation>
##$SHAPE_USER_DEF= 0
##$SHAPE_VERSION= 2.1
##$SHL_ADDPHASE= (0..15)
0 0 0 0 0 0 0 0 0 0 0 0 0 0 0 0
##$SHL_ALIGNOFFSET= (0..15)
0 0 0 0 0 0 0 0 0 0 0 0 0 0 0 0
##$SHL_AMP= (0..15)
100 0 0 0 0 0 0 0 0 0 0 0 0 0 0 0
##$SHL_AMPFAC= (0..15)
0 0 0 0 0 0 0 0 0 0 0 0 0 0 0 0
##$SHL_BETA= (0..15)
0 0 0 0 0 0 0 0 0 0 0 0 0 0 0 0
##$SHL_BWFAC= (0..15)
1.606 0 0 0 0 0 0 0 0 0 0 0 0 0 0 0
##$SHL_CALCBW= (0..15)
yes yes yes yes yes yes yes yes yes yes yes yes yes yes yes yes
##$SHL_CALCINTEG= (0..15)
yes yes yes yes yes yes yes yes yes yes yes yes yes yes yes yes
##$SHL_CENTERAMP= (0..15)
0 0 0 0 0 0 0 0 0 0 0 0 0 0 0 0
##$SHL_CYCNUM= (0..15)
1 0 0 0 0 0 0 0 0 0 0 0 0 0 0 0
##$SHL_DIPOLCPL= (0..15)
0 0 0 0 0 0 0 0 0 0 0 0 0 0 0 0
##$SHL_ENDAMP= (0..15)
0 0 0 0 0 0 0 0 0 0 0 0 0 0 0 0
##$SHL_EXMODE= (0..15)
<Universal> <> <> <> <> <> <> <> <> <> <> <> <> <> <> <>
##$SHL_EXPAND= (0..15)
<> <> <> <> <> <> <> <> <> <> <> <> <> <> <> <>
##$SHL_EXPANDCF0= (0..143)
0 0 0 0 0 0 0 0 0 0 0 0 0 0 0 0 0 0 0 0 0 0 0 0 0 0 0 0 0 0 0 0 0 0 0 0
0 0 0 0 0 0 0 0 0 0 0 0 0 0 0 0 0 0 0 0 0 0 0 0 0 0 0 0 0 0 0 0 0 0 0 0
0 0 0 0 0 0 0 0 0 0 0 0 0 0 0 0 0 0 0 0 0 0 0 0 0 0 0 0 0 0 0 0 0 0 0 0
0 0 0 0 0 0 0 0 0 0 0 0 0 0 0 0 0 0 0 0 0 0 0 0 0 0 0 0 0 0 0 0 0 0 0 0
##$SHL_EXPANDCF1= (0..143)
0 0 0 0 0 0 0 0 0 0 0 0 0 0 0 0 0 0 0 0 0 0 0 0 0 0 0 0 0 0 0 0 0 0 0 0
0 0 0 0 0 0 0 0 0 0 0 0 0 0 0 0 0 0 0 0 0 0 0 0 0 0 0 0 0 0 0 0 0 0 0 0
0 0 0 0 0 0 0 0 0 0 0 0 0 0 0 0 0 0 0 0 0 0 0 0 0 0 0 0 0 0 0 0 0 0 0 0
0 0 0 0 0 0 0 0 0 0 0 0 0 0 0 0 0 0 0 0 0 0 0 0 0 0 0 0 0 0 0 0 0 0 0 0
##$SHL_EXPANDCF10= (0..143)
0 0 0 0 0 0 0 0 0 0 0 0 0 0 0 0 0 0 0 0 0 0 0 0 0 0 0 0 0 0 0 0 0 0 0 0
0 0 0 0 0 0 0 0 0 0 0 0 0 0 0 0 0 0 0 0 0 0 0 0 0 0 0 0 0 0 0 0 0 0 0 0
0 0 0 0 0 0 0 0 0 0 0 0 0 0 0 0 0 0 0 0 0 0 0 0 0 0 0 0 0 0 0 0 0 0 0 0
0 0 0 0 0 0 0 0 0 0 0 0 0 0 0 0 0 0 0 0 0 0 0 0 0 0 0 0 0 0 0 0 0 0 0 0
##$SHL_EXPANDCF11= (0..143)
0 0 0 0 0 0 0 0 0 0 0 0 0 0 0 0 0 0 0 0 0 0 0 0 0 0 0 0 0 0 0 0 0 0 0 0
0 0 0 0 0 0 0 0 0 0 0 0 0 0 0 0 0 0 0 0 0 0 0 0 0 0 0 0 0 0 0 0 0 0 0 0
0 0 0 0 0 0 0 0 0 0 0 0 0 0 0 0 0 0 0 0 0 0 0 0 0 0 0 0 0 0 0 0 0 0 0 0
0 0 0 0 0 0 0 0 0 0 0 0 0 0 0 0 0 0 0 0 0 0 0 0 0 0 0 0 0 0 0 0 0 0 0 0
##$SHL_EXPANDCF12= (0..143)
0 0 0 0 0 0 0 0 0 0 0 0 0 0 0 0 0 0 0 0 0 0 0 0 0 0 0 0 0 0 0 0 0 0 0 0
0 0 0 0 0 0 0 0 0 0 0 0 0 0 0 0 0 0 0 0 0 0 0 0 0 0 0 0 0 0 0 0 0 0 0 0
0 0 0 0 0 0 0 0 0 0 0 0 0 0 0 0 0 0 0 0 0 0 0 0 0 0 0 0 0 0 0 0 0 0 0 0
0 0 0 0 0 0 0 0 0 0 0 0 0 0 0 0 0 0 0 0 0 0 0 0 0 0 0 0 0 0 0 0 0 0 0 0
##$SHL_EXPANDCF13= (0..143)
0 0 0 0 0 0 0 0 0 0 0 0 0 0 0 0 0 0 0 0 0 0 0 0 0 0 0 0 0 0 0 0 0 0 0 0
0 0 0 0 0 0 0 0 0 0 0 0 0 0 0 0 0 0 0 0 0 0 0 0 0 0 0 0 0 0 0 0 0 0 0 0
0 0 0 0 0 0 0 0 0 0 0 0 0 0 0 0 0 0 0 0 0 0 0 0 0 0 0 0 0 0 0 0 0 0 0 0
0 0 0 0 0 0 0 0 0 0 0 0 0 0 0 0 0 0 0 0 0 0 0 0 0 0 0 0 0 0 0 0 0 0 0 0
##$SHL_EXPANDCF14= (0..143)
0 0 0 0 0 0 0 0 0 0 0 0 0 0 0 0 0 0 0 0 0 0 0 0 0 0 0 0 0 0 0 0 0 0 0 0
0 0 0 0 0 0 0 0 0 0 0 0 0 0 0 0 0 0 0 0 0 0 0 0 0 0 0 0 0 0 0 0 0 0 0 0
0 0 0 0 0 0 0 0 0 0 0 0 0 0 0 0 0 0 0 0 0 0 0 0 0 0 0 0 0 0 0 0 0 0 0 0
0 0 0 0 0 0 0 0 0 0 0 0 0 0 0 0 0 0 0 0 0 0 0 0 0 0 0 0 0 0 0 0 0 0 0 0
##$SHL_EXPANDCF15= (0..143)
0 0 0 0 0 0 0 0 0 0 0 0 0 0 0 0 0 0 0 0 0 0 0 0 0 0 0 0 0 0 0 0 0 0 0 0
0 0 0 0 0 0 0 0 0 0 0 0 0 0 0 0 0 0 0 0 0 0 0 0 0 0 0 0 0 0 0 0 0 0 0 0
0 0 0 0 0 0 0 0 0 0 0 0 0 0 0 0 0 0 0 0 0 0 0 0 0 0 0 0 0 0 0 0 0 0 0 0
0 0 0 0 0 0 0 0 0 0 0 0 0 0 0 0 0 0 0 0 0 0 0 0 0 0 0 0 0 0 0 0 0 0 0 0
##$SHL_EXPANDCF2= (0..143)
0 0 0 0 0 0 0 0 0 0 0 0 0 0 0 0 0 0 0 0 0 0 0 0 0 0 0 0 0 0 0 0 0 0 0 0
0 0 0 0 0 0 0 0 0 0 0 0 0 0 0 0 0 0 0 0 0 0 0 0 0 0 0 0 0 0 0 0 0 0 0 0
0 0 0 0 0 0 0 0 0 0 0 0 0 0 0 0 0 0 0 0 0 0 0 0 0 0 0 0 0 0 0 0 0 0 0 0
0 0 0 0 0 0 0 0 0 0 0 0 0 0 0 0 0 0 0 0 0 0 0 0 0 0 0 0 0 0 0 0 0 0 0 0
##$SHL_EXPANDCF3= (0..143)
0 0 0 0 0 0 0 0 0 0 0 0 0 0 0 0 0 0 0 0 0 0 0 0 0 0 0 0 0 0 0 0 0 0 0 0
0 0 0 0 0 0 0 0 0 0 0 0 0 0 0 0 0 0 0 0 0 0 0 0 0 0 0 0 0 0 0 0 0 0 0 0
0 0 0 0 0 0 0 0 0 0 0 0 0 0 0 0 0 0 0 0 0 0 0 0 0 0 0 0 0 0 0 0 0 0 0 0
0 0 0 0 0 0 0 0 0 0 0 0 0 0 0 0 0 0 0 0 0 0 0 0 0 0 0 0 0 0 0 0 0 0 0 0
##$SHL_EXPANDCF4= (0..143)
0 0 0 0 0 0 0 0 0 0 0 0 0 0 0 0 0 0 0 0 0 0 0 0 0 0 0 0 0 0 0 0 0 0 0 0
0 0 0 0 0 0 0 0 0 0 0 0 0 0 0 0 0 0 0 0 0 0 0 0 0 0 0 0 0 0 0 0 0 0 0 0
0 0 0 0 0 0 0 0 0 0 0 0 0 0 0 0 0 0 0 0 0 0 0 0 0 0 0 0 0 0 0 0 0 0 0 0
0 0 0 0 0 0 0 0 0 0 0 0 0 0 0 0 0 0 0 0 0 0 0 0 0 0 0 0 0 0 0 0 0 0 0 0
##$SHL_EXPANDCF5= (0..143)
0 0 0 0 0 0 0 0 0 0 0 0 0 0 0 0 0 0 0 0 0 0 0 0 0 0 0 0 0 0 0 0 0 0 0 0
0 0 0 0 0 0 0 0 0 0 0 0 0 0 0 0 0 0 0 0 0 0 0 0 0 0 0 0 0 0 0 0 0 0 0 0
0 0 0 0 0 0 0 0 0 0 0 0 0 0 0 0 0 0 0 0 0 0 0 0 0 0 0 0 0 0 0 0 0 0 0 0
0 0 0 0 0 0 0 0 0 0 0 0 0 0 0 0 0 0 0 0 0 0 0 0 0 0 0 0 0 0 0 0 0 0 0 0
##$SHL_EXPANDCF6= (0..143)
0 0 0 0 0 0 0 0 0 0 0 0 0 0 0 0 0 0 0 0 0 0 0 0 0 0 0 0 0 0 0 0 0 0 0 0
0 0 0 0 0 0 0 0 0 0 0 0 0 0 0 0 0 0 0 0 0 0 0 0 0 0 0 0 0 0 0 0 0 0 0 0
0 0 0 0 0 0 0 0 0 0 0 0 0 0 0 0 0 0 0 0 0 0 0 0 0 0 0 0 0 0 0 0 0 0 0 0
0 0 0 0 0 0 0 0 0 0 0 0 0 0 0 0 0 0 0 0 0 0 0 0 0 0 0 0 0 0 0 0 0 0 0 0
##$SHL_EXPANDCF7= (0..143)
0 0 0 0 0 0 0 0 0 0 0 0 0 0 0 0 0 0 0 0 0 0 0 0 0 0 0 0 0 0 0 0 0 0 0 0
0 0 0 0 0 0 0 0 0 0 0 0 0 0 0 0 0 0 0 0 0 0 0 0 0 0 0 0 0 0 0 0 0 0 0 0
0 0 0 0 0 0 0 0 0 0 0 0 0 0 0 0 0 0 0 0 0 0 0 0 0 0 0 0 0 0 0 0 0 0 0 0
0 0 0 0 0 0 0 0 0 0 0 0 0 0 0 0 0 0 0 0 0 0 0 0 0 0 0 0 0 0 0 0 0 0 0 0
##$SHL_EXPANDCF8= (0..143)
0 0 0 0 0 0 0 0 0 0 0 0 0 0 0 0 0 0 0 0 0 0 0 0 0 0 0 0 0 0 0 0 0 0 0 0
0 0 0 0 0 0 0 0 0 0 0 0 0 0 0 0 0 0 0 0 0 0 0 0 0 0 0 0 0 0 0 0 0 0 0 0
0 0 0 0 0 0 0 0 0 0 0 0 0 0 0 0 0 0 0 0 0 0 0 0 0 0 0 0 0 0 0 0 0 0 0 0
0 0 0 0 0 0 0 0 0 0 0 0 0 0 0 0 0 0 0 0 0 0 0 0 0 0 0 0 0 0 0 0 0 0 0 0
##$SHL_EXPANDCF9= (0..143)
0 0 0 0 0 0 0 0 0 0 0 0 0 0 0 0 0 0 0 0 0 0 0 0 0 0 0 0 0 0 0 0 0 0 0 0
0 0 0 0 0 0 0 0 0 0 0 0 0 0 0 0 0 0 0 0 0 0 0 0 0 0 0 0 0 0 0 0 0 0 0 0
0 0 0 0 0 0 0 0 0 0 0 0 0 0 0 0 0 0 0 0 0 0 0 0 0 0 0 0 0 0 0 0 0 0 0 0
0 0 0 0 0 0 0 0 0 0 0 0 0 0 0 0 0 0 0 0 0 0 0 0 0 0 0 0 0 0 0 0 0 0 0 0
##$SHL_EXPFAC= (0..15)
0 0 0 0 0 0 0 0 0 0 0 0 0 0 0 0
##$SHL_FRACEND= (0..15)
0 0 0 0 0 0 0 0 0 0 0 0 0 0 0 0
##$SHL_FRACORG= (0..15)
0 0 0 0 0 0 0 0 0 0 0 0 0 0 0 0
##$SHL_FRACSTART= (0..15)
0 0 0 0 0 0 0 0 0 0 0 0 0 0 0 0
##$SHL_FULLHALF= (0..15)
0 0 0 0 0 0 0 0 0 0 0 0 0 0 0 0
##$SHL_FUNCAMP= (0..15)
0 0 0 0 0 0 0 0 0 0 0 0 0 0 0 0
##$SHL_FUNCTION= (0..15)
<Sinc> <> <> <> <> <> <> <> <> <> <> <> <> <> <> <>
##$SHL_GCO= (0..15)
<> <> <> <> <> <> <> <> <> <> <> <> <> <> <> <>
##$SHL_GCOCOEFFS0= (0..59)
0 0 0 0 0 0 0 0 0 0 0 0 0 0 0 0 0 0 0 0 0 0 0 0 0 0 0 0 0 0 0 0 0 0 0 0
0 0 0 0 0 0 0 0 0 0 0 0 0 0 0 0 0 0 0 0 0 0 0 0
##$SHL_GCOCOEFFS1= (0..59)
0 0 0 0 0 0 0 0 0 0 0 0 0 0 0 0 0 0 0 0 0 0 0 0 0 0 0 0 0 0 0 0 0 0 0 0
0 0 0 0 0 0 0 0 0 0 0 0 0 0 0 0 0 0 0 0 0 0 0 0
##$SHL_GCOCOEFFS10= (0..59)
0 0 0 0 0 0 0 0 0 0 0 0 0 0 0 0 0 0 0 0 0 0 0 0 0 0 0 0 0 0 0 0 0 0 0 0
0 0 0 0 0 0 0 0 0 0 0 0 0 0 0 0 0 0 0 0 0 0 0 0
##$SHL_GCOCOEFFS11= (0..59)
0 0 0 0 0 0 0 0 0 0 0 0 0 0 0 0 0 0 0 0 0 0 0 0 0 0 0 0 0 0 0 0 0 0 0 0
0 0 0 0 0 0 0 0 0 0 0 0 0 0 0 0 0 0 0 0 0 0 0 0
##$SHL_GCOCOEFFS12= (0..59)
0 0 0 0 0 0 0 0 0 0 0 0 0 0 0 0 0 0 0 0 0 0 0 0 0 0 0 0 0 0 0 0 0 0 0 0
0 0 0 0 0 0 0 0 0 0 0 0 0 0 0 0 0 0 0 0 0 0 0 0
##$SHL_GCOCOEFFS13= (0..59)
0 0 0 0 0 0 0 0 0 0 0 0 0 0 0 0 0 0 0 0 0 0 0 0 0 0 0 0 0 0 0 0 0 0 0 0
0 0 0 0 0 0 0 0 0 0 0 0 0 0 0 0 0 0 0 0 0 0 0 0
##$SHL_GCOCOEFFS14= (0..59)
0 0 0 0 0 0 0 0 0 0 0 0 0 0 0 0 0 0 0 0 0 0 0 0 0 0 0 0 0 0 0 0 0 0 0 0
0 0 0 0 0 0 0 0 0 0 0 0 0 0 0 0 0 0 0 0 0 0 0 0
##$SHL_GCOCOEFFS15= (0..59)
0 0 0 0 0 0 0 0 0 0 0 0 0 0 0 0 0 0 0 0 0 0 0 0 0 0 0 0 0 0 0 0 0 0 0 0
0 0 0 0 0 0 0 0 0 0 0 0 0 0 0 0 0 0 0 0 0 0 0 0
##$SHL_GCOCOEFFS2= (0..59)
0 0 0 0 0 0 0 0 0 0 0 0 0 0 0 0 0 0 0 0 0 0 0 0 0 0 0 0 0 0 0 0 0 0 0 0
0 0 0 0 0 0 0 0 0 0 0 0 0 0 0 0 0 0 0 0 0 0 0 0
##$SHL_GCOCOEFFS3= (0..59)
0 0 0 0 0 0 0 0 0 0 0 0 0 0 0 0 0 0 0 0 0 0 0 0 0 0 0 0 0 0 0 0 0 0 0 0
0 0 0 0 0 0 0 0 0 0 0 0 0 0 0 0 0 0 0 0 0 0 0 0
##$SHL_GCOCOEFFS4= (0..59)
0 0 0 0 0 0 0 0 0 0 0 0 0 0 0 0 0 0 0 0 0 0 0 0 0 0 0 0 0 0 0 0 0 0 0 0
0 0 0 0 0 0 0 0 0 0 0 0 0 0 0 0 0 0 0 0 0 0 0 0
##$SHL_GCOCOEFFS5= (0..59)
0 0 0 0 0 0 0 0 0 0 0 0 0 0 0 0 0 0 0 0 0 0 0 0 0 0 0 0 0 0 0 0 0 0 0 0
0 0 0 0 0 0 0 0 0 0 0 0 0 0 0 0 0 0 0 0 0 0 0 0
##$SHL_GCOCOEFFS6= (0..59)
0 0 0 0 0 0 0 0 0 0 0 0 0 0 0 0 0 0 0 0 0 0 0 0 0 0 0 0 0 0 0 0 0 0 0 0
0 0 0 0 0 0 0 0 0 0 0 0 0 0 0 0 0 0 0 0 0 0 0 0
##$SHL_GCOCOEFFS7= (0..59)
0 0 0 0 0 0 0 0 0 0 0 0 0 0 0 0 0 0 0 0 0 0 0 0 0 0 0 0 0 0 0 0 0 0 0 0
0 0 0 0 0 0 0 0 0 0 0 0 0 0 0 0 0 0 0 0 0 0 0 0
##$SHL_GCOCOEFFS8= (0..59)
0 0 0 0 0 0 0 0 0 0 0 0 0 0 0 0 0 0 0 0 0 0 0 0 0 0 0 0 0 0 0 0 0 0 0 0
0 0 0 0 0 0 0 0 0 0 0 0 0 0 0 0 0 0 0 0 0 0 0 0
##$SHL_GCOCOEFFS9= (0..59)
0 0 0 0 0 0 0 0 0 0 0 0 0 0 0 0 0 0 0 0 0 0 0 0 0 0 0 0 0 0 0 0 0 0 0 0
0 0 0 0 0 0 0 0 0 0 0 0 0 0 0 0 0 0 0 0 0 0 0 0
##$SHL_INTEGFAC= (0..15)
0.58890102 0 0 0 0 0 0 0 0 0 0 0 0 0 0 0
##$SHL_LB= (0..15)
0 0 0 0 0 0 0 0 0 0 0 0 0 0 0 0
##$SHL_LEFTLIMIT= (0..15)
0 0 0 0 0 0 0 0 0 0 0 0 0 0 0 0
##$SHL_LENGTH= (0..15)
20000 0 0 0 0 0 0 0 0 0 0 0 0 0 0 0
##$SHL_MAN= (0..15)
<> <> <> <> <> <> <> <> <> <> <> <> <> <> <> <>
##$SHL_MEANAMP= (0..15)
0 0 0 0 0 0 0 0 0 0 0 0 0 0 0 0
##$SHL_MODAMP= (0..15)
0 0 0 0 0 0 0 0 0 0 0 0 0 0 0 0
##$SHL_MODE= (0..15)
0 0 0 0 0 0 0 0 0 0 0 0 0 0 0 0
##$SHL_MODFREQ= (0..15)
0 0 0 0 0 0 0 0 0 0 0 0 0 0 0 0
##$SHL_MODPHASE= (0..15)
0 0 0 0 0 0 0 0 0 0 0 0 0 0 0 0
##$SHL_MODSCALE= (0..15)
0 0 0 0 0 0 0 0 0 0 0 0 0 0 0 0
##$SHL_MODSW= (0..15)
0 0 0 0 0 0 0 0 0 0 0 0 0 0 0 0
##$SHL_MODSWDIR= (0..15)
-1 -1 -1 -1 -1 -1 -1 -1 -1 -1 -1 -1 -1 -1 -1 -1
##$SHL_MU= (0..15)
0 0 0 0 0 0 0 0 0 0 0 0 0 0 0 0
##$SHL_NPOINTS= (0..15)
1000 0 0 0 0 0 0 0 0 0 0 0 0 0 0 0
##$SHL_OFFS= (0..15)
<> <> <> <> <> <> <> <> <> <> <> <> <> <> <> <>
##$SHL_OFFSCOEFF0= (0..95)
0 0 0 0 0 0 0 0 0 0 0 0 0 0 0 0 0 0 0 0 0 0 0 0 0 0 0 0 0 0 0 0 0 0 0 0
0 0 0 0 0 0 0 0 0 0 0 0 0 0 0 0 0 0 0 0 0 0 0 0 0 0 0 0 0 0 0 0 0 0 0 0
0 0 0 0 0 0 0 0 0 0 0 0 0 0 0 0 0 0 0 0 0 0 0 0
##$SHL_OFFSCOEFF1= (0..95)
0 0 0 0 0 0 0 0 0 0 0 0 0 0 0 0 0 0 0 0 0 0 0 0 0 0 0 0 0 0 0 0 0 0 0 0
0 0 0 0 0 0 0 0 0 0 0 0 0 0 0 0 0 0 0 0 0 0 0 0 0 0 0 0 0 0 0 0 0 0 0 0
0 0 0 0 0 0 0 0 0 0 0 0 0 0 0 0 0 0 0 0 0 0 0 0
##$SHL_OFFSCOEFF10= (0..95)
0 0 0 0 0 0 0 0 0 0 0 0 0 0 0 0 0 0 0 0 0 0 0 0 0 0 0 0 0 0 0 0 0 0 0 0
0 0 0 0 0 0 0 0 0 0 0 0 0 0 0 0 0 0 0 0 0 0 0 0 0 0 0 0 0 0 0 0 0 0 0 0
0 0 0 0 0 0 0 0 0 0 0 0 0 0 0 0 0 0 0 0 0 0 0 0
##$SHL_OFFSCOEFF11= (0..95)
0 0 0 0 0 0 0 0 0 0 0 0 0 0 0 0 0 0 0 0 0 0 0 0 0 0 0 0 0 0 0 0 0 0 0 0
0 0 0 0 0 0 0 0 0 0 0 0 0 0 0 0 0 0 0 0 0 0 0 0 0 0 0 0 0 0 0 0 0 0 0 0
0 0 0 0 0 0 0 0 0 0 0 0 0 0 0 0 0 0 0 0 0 0 0 0
##$SHL_OFFSCOEFF12= (0..95)
0 0 0 0 0 0 0 0 0 0 0 0 0 0 0 0 0 0 0 0 0 0 0 0 0 0 0 0 0 0 0 0 0 0 0 0
0 0 0 0 0 0 0 0 0 0 0 0 0 0 0 0 0 0 0 0 0 0 0 0 0 0 0 0 0 0 0 0 0 0 0 0
0 0 0 0 0 0 0 0 0 0 0 0 0 0 0 0 0 0 0 0 0 0 0 0
##$SHL_OFFSCOEFF13= (0..95)
0 0 0 0 0 0 0 0 0 0 0 0 0 0 0 0 0 0 0 0 0 0 0 0 0 0 0 0 0 0 0 0 0 0 0 0
0 0 0 0 0 0 0 0 0 0 0 0 0 0 0 0 0 0 0 0 0 0 0 0 0 0 0 0 0 0 0 0 0 0 0 0
0 0 0 0 0 0 0 0 0 0 0 0 0 0 0 0 0 0 0 0 0 0 0 0
##$SHL_OFFSCOEFF14= (0..95)
0 0 0 0 0 0 0 0 0 0 0 0 0 0 0 0 0 0 0 0 0 0 0 0 0 0 0 0 0 0 0 0 0 0 0 0
0 0 0 0 0 0 0 0 0 0 0 0 0 0 0 0 0 0 0 0 0 0 0 0 0 0 0 0 0 0 0 0 0 0 0 0
0 0 0 0 0 0 0 0 0 0 0 0 0 0 0 0 0 0 0 0 0 0 0 0
##$SHL_OFFSCOEFF15= (0..95)
0 0 0 0 0 0 0 0 0 0 0 0 0 0 0 0 0 0 0 0 0 0 0 0 0 0 0 0 0 0 0 0 0 0 0 0
0 0 0 0 0 0 0 0 0 0 0 0 0 0 0 0 0 0 0 0 0 0 0 0 0 0 0 0 0 0 0 0 0 0 0 0
0 0 0 0 0 0 0 0 0 0 0 0 0 0 0 0 0 0 0 0 0 0 0 0
##$SHL_OFFSCOEFF2= (0..95)
0 0 0 0 0 0 0 0 0 0 0 0 0 0 0 0 0 0 0 0 0 0 0 0 0 0 0 0 0 0 0 0 0 0 0 0
0 0 0 0 0 0 0 0 0 0 0 0 0 0 0 0 0 0 0 0 0 0 0 0 0 0 0 0 0 0 0 0 0 0 0 0
0 0 0 0 0 0 0 0 0 0 0 0 0 0 0 0 0 0 0 0 0 0 0 0
##$SHL_OFFSCOEFF3= (0..95)
0 0 0 0 0 0 0 0 0 0 0 0 0 0 0 0 0 0 0 0 0 0 0 0 0 0 0 0 0 0 0 0 0 0 0 0
0 0 0 0 0 0 0 0 0 0 0 0 0 0 0 0 0 0 0 0 0 0 0 0 0 0 0 0 0 0 0 0 0 0 0 0
0 0 0 0 0 0 0 0 0 0 0 0 0 0 0 0 0 0 0 0 0 0 0 0
##$SHL_OFFSCOEFF4= (0..95)
0 0 0 0 0 0 0 0 0 0 0 0 0 0 0 0 0 0 0 0 0 0 0 0 0 0 0 0 0 0 0 0 0 0 0 0
0 0 0 0 0 0 0 0 0 0 0 0 0 0 0 0 0 0 0 0 0 0 0 0 0 0 0 0 0 0 0 0 0 0 0 0
0 0 0 0 0 0 0 0 0 0 0 0 0 0 0 0 0 0 0 0 0 0 0 0
##$SHL_OFFSCOEFF5= (0..95)
0 0 0 0 0 0 0 0 0 0 0 0 0 0 0 0 0 0 0 0 0 0 0 0 0 0 0 0 0 0 0 0 0 0 0 0
0 0 0 0 0 0 0 0 0 0 0 0 0 0 0 0 0 0 0 0 0 0 0 0 0 0 0 0 0 0 0 0 0 0 0 0
0 0 0 0 0 0 0 0 0 0 0 0 0 0 0 0 0 0 0 0 0 0 0 0
##$SHL_OFFSCOEFF6= (0..95)
0 0 0 0 0 0 0 0 0 0 0 0 0 0 0 0 0 0 0 0 0 0 0 0 0 0 0 0 0 0 0 0 0 0 0 0
0 0 0 0 0 0 0 0 0 0 0 0 0 0 0 0 0 0 0 0 0 0 0 0 0 0 0 0 0 0 0 0 0 0 0 0
0 0 0 0 0 0 0 0 0 0 0 0 0 0 0 0 0 0 0 0 0 0 0 0
##$SHL_OFFSCOEFF7= (0..95)
0 0 0 0 0 0 0 0 0 0 0 0 0 0 0 0 0 0 0 0 0 0 0 0 0 0 0 0 0 0 0 0 0 0 0 0
0 0 0 0 0 0 0 0 0 0 0 0 0 0 0 0 0 0 0 0 0 0 0 0 0 0 0 0 0 0 0 0 0 0 0 0
0 0 0 0 0 0 0 0 0 0 0 0 0 0 0 0 0 0 0 0 0 0 0 0
##$SHL_OFFSCOEFF8= (0..95)
0 0 0 0 0 0 0 0 0 0 0 0 0 0 0 0 0 0 0 0 0 0 0 0 0 0 0 0 0 0 0 0 0 0 0 0
0 0 0 0 0 0 0 0 0 0 0 0 0 0 0 0 0 0 0 0 0 0 0 0 0 0 0 0 0 0 0 0 0 0 0 0
0 0 0 0 0 0 0 0 0 0 0 0 0 0 0 0 0 0 0 0 0 0 0 0
##$SHL_OFFSCOEFF9= (0..95)
0 0 0 0 0 0 0 0 0 0 0 0 0 0 0 0 0 0 0 0 0 0 0 0 0 0 0 0 0 0 0 0 0 0 0 0
0 0 0 0 0 0 0 0 0 0 0 0 0 0 0 0 0 0 0 0 0 0 0 0 0 0 0 0 0 0 0 0 0 0 0 0
0 0 0 0 0 0 0 0 0 0 0 0 0 0 0 0 0 0 0 0 0 0 0 0
##$SHL_PHASE= (0..15)
0 0 0 0 0 0 0 0 0 0 0 0 0 0 0 0
##$SHL_PHASEFAC= (0..15)
0 0 0 0 0 0 0 0 0 0 0 0 0 0 0 0
##$SHL_POWERINDEX= (0..15)
0 0 0 0 0 0 0 0 0 0 0 0 0 0 0 0
##$SHL_QUADCOEFF= (0..15)
0 0 0 0 0 0 0 0 0 0 0 0 0 0 0 0
##$SHL_RIGHTLIMIT= (0..15)
0 0 0 0 0 0 0 0 0 0 0 0 0 0 0 0
##$SHL_SCALEFACTOR= (0..15)
1 1 1 1 1 1 1 1 1 1 1 1 1 1 1 1
##$SHL_SF= (0..15)
<> <> <> <> <> <> <> <> <> <> <> <> <> <> <> <>
##$SHL_SFCOEFFS0= (0..200)
0 0 0 0 0 0 0 0 0 0 0 0 0 0 0 0 0 0 0 0 0 0 0 0 0 0 0 0 0 0 0 0 0 0 0 0
0 0 0 0 0 0 0 0 0 0 0 0 0 0 0 0 0 0 0 0 0 0 0 0 0 0 0 0 0 0 0 0 0 0 0 0
0 0 0 0 0 0 0 0 0 0 0 0 0 0 0 0 0 0 0 0 0 0 0 0 0 0 0 0 0 0 0 0 0 0 0 0
0 0 0 0 0 0 0 0 0 0 0 0 0 0 0 0 0 0 0 0 0 0 0 0 0 0 0 0 0 0 0 0 0 0 0 0
0 0 0 0 0 0 0 0 0 0 0 0 0 0 0 0 0 0 0 0 0 0 0 0 0 0 0 0 0 0 0 0 0 0 0 0
0 0 0 0 0 0 0 0 0 0 0 0 0 0 0 0 0 0 0 0 0
##$SHL_SFCOEFFS1= (0..200)
0 0 0 0 0 0 0 0 0 0 0 0 0 0 0 0 0 0 0 0 0 0 0 0 0 0 0 0 0 0 0 0 0 0 0 0
0 0 0 0 0 0 0 0 0 0 0 0 0 0 0 0 0 0 0 0 0 0 0 0 0 0 0 0 0 0 0 0 0 0 0 0
0 0 0 0 0 0 0 0 0 0 0 0 0 0 0 0 0 0 0 0 0 0 0 0 0 0 0 0 0 0 0 0 0 0 0 0
0 0 0 0 0 0 0 0 0 0 0 0 0 0 0 0 0 0 0 0 0 0 0 0 0 0 0 0 0 0 0 0 0 0 0 0
0 0 0 0 0 0 0 0 0 0 0 0 0 0 0 0 0 0 0 0 0 0 0 0 0 0 0 0 0 0 0 0 0 0 0 0
0 0 0 0 0 0 0 0 0 0 0 0 0 0 0 0 0 0 0 0 0
##$SHL_SFCOEFFS10= (0..200)
0 0 0 0 0 0 0 0 0 0 0 0 0 0 0 0 0 0 0 0 0 0 0 0 0 0 0 0 0 0 0 0 0 0 0 0
0 0 0 0 0 0 0 0 0 0 0 0 0 0 0 0 0 0 0 0 0 0 0 0 0 0 0 0 0 0 0 0 0 0 0 0
0 0 0 0 0 0 0 0 0 0 0 0 0 0 0 0 0 0 0 0 0 0 0 0 0 0 0 0 0 0 0 0 0 0 0 0
0 0 0 0 0 0 0 0 0 0 0 0 0 0 0 0 0 0 0 0 0 0 0 0 0 0 0 0 0 0 0 0 0 0 0 0
0 0 0 0 0 0 0 0 0 0 0 0 0 0 0 0 0 0 0 0 0 0 0 0 0 0 0 0 0 0 0 0 0 0 0 0
0 0 0 0 0 0 0 0 0 0 0 0 0 0 0 0 0 0 0 0 0
##$SHL_SFCOEFFS11= (0..200)
0 0 0 0 0 0 0 0 0 0 0 0 0 0 0 0 0 0 0 0 0 0 0 0 0 0 0 0 0 0 0 0 0 0 0 0
0 0 0 0 0 0 0 0 0 0 0 0 0 0 0 0 0 0 0 0 0 0 0 0 0 0 0 0 0 0 0 0 0 0 0 0
0 0 0 0 0 0 0 0 0 0 0 0 0 0 0 0 0 0 0 0 0 0 0 0 0 0 0 0 0 0 0 0 0 0 0 0
0 0 0 0 0 0 0 0 0 0 0 0 0 0 0 0 0 0 0 0 0 0 0 0 0 0 0 0 0 0 0 0 0 0 0 0
0 0 0 0 0 0 0 0 0 0 0 0 0 0 0 0 0 0 0 0 0 0 0 0 0 0 0 0 0 0 0 0 0 0 0 0
0 0 0 0 0 0 0 0 0 0 0 0 0 0 0 0 0 0 0 0 0
##$SHL_SFCOEFFS12= (0..200)
0 0 0 0 0 0 0 0 0 0 0 0 0 0 0 0 0 0 0 0 0 0 0 0 0 0 0 0 0 0 0 0 0 0 0 0
0 0 0 0 0 0 0 0 0 0 0 0 0 0 0 0 0 0 0 0 0 0 0 0 0 0 0 0 0 0 0 0 0 0 0 0
0 0 0 0 0 0 0 0 0 0 0 0 0 0 0 0 0 0 0 0 0 0 0 0 0 0 0 0 0 0 0 0 0 0 0 0
0 0 0 0 0 0 0 0 0 0 0 0 0 0 0 0 0 0 0 0 0 0 0 0 0 0 0 0 0 0 0 0 0 0 0 0
0 0 0 0 0 0 0 0 0 0 0 0 0 0 0 0 0 0 0 0 0 0 0 0 0 0 0 0 0 0 0 0 0 0 0 0
0 0 0 0 0 0 0 0 0 0 0 0 0 0 0 0 0 0 0 0 0
##$SHL_SFCOEFFS13= (0..200)
0 0 0 0 0 0 0 0 0 0 0 0 0 0 0 0 0 0 0 0 0 0 0 0 0 0 0 0 0 0 0 0 0 0 0 0
0 0 0 0 0 0 0 0 0 0 0 0 0 0 0 0 0 0 0 0 0 0 0 0 0 0 0 0 0 0 0 0 0 0 0 0
0 0 0 0 0 0 0 0 0 0 0 0 0 0 0 0 0 0 0 0 0 0 0 0 0 0 0 0 0 0 0 0 0 0 0 0
0 0 0 0 0 0 0 0 0 0 0 0 0 0 0 0 0 0 0 0 0 0 0 0 0 0 0 0 0 0 0 0 0 0 0 0
0 0 0 0 0 0 0 0 0 0 0 0 0 0 0 0 0 0 0 0 0 0 0 0 0 0 0 0 0 0 0 0 0 0 0 0
0 0 0 0 0 0 0 0 0 0 0 0 0 0 0 0 0 0 0 0 0
##$SHL_SFCOEFFS14= (0..200)
0 0 0 0 0 0 0 0 0 0 0 0 0 0 0 0 0 0 0 0 0 0 0 0 0 0 0 0 0 0 0 0 0 0 0 0
0 0 0 0 0 0 0 0 0 0 0 0 0 0 0 0 0 0 0 0 0 0 0 0 0 0 0 0 0 0 0 0 0 0 0 0
0 0 0 0 0 0 0 0 0 0 0 0 0 0 0 0 0 0 0 0 0 0 0 0 0 0 0 0 0 0 0 0 0 0 0 0
0 0 0 0 0 0 0 0 0 0 0 0 0 0 0 0 0 0 0 0 0 0 0 0 0 0 0 0 0 0 0 0 0 0 0 0
0 0 0 0 0 0 0 0 0 0 0 0 0 0 0 0 0 0 0 0 0 0 0 0 0 0 0 0 0 0 0 0 0 0 0 0
0 0 0 0 0 0 0 0 0 0 0 0 0 0 0 0 0 0 0 0 0
##$SHL_SFCOEFFS15= (0..200)
0 0 0 0 0 0 0 0 0 0 0 0 0 0 0 0 0 0 0 0 0 0 0 0 0 0 0 0 0 0 0 0 0 0 0 0
0 0 0 0 0 0 0 0 0 0 0 0 0 0 0 0 0 0 0 0 0 0 0 0 0 0 0 0 0 0 0 0 0 0 0 0
0 0 0 0 0 0 0 0 0 0 0 0 0 0 0 0 0 0 0 0 0 0 0 0 0 0 0 0 0 0 0 0 0 0 0 0
0 0 0 0 0 0 0 0 0 0 0 0 0 0 0 0 0 0 0 0 0 0 0 0 0 0 0 0 0 0 0 0 0 0 0 0
0 0 0 0 0 0 0 0 0 0 0 0 0 0 0 0 0 0 0 0 0 0 0 0 0 0 0 0 0 0 0 0 0 0 0 0
0 0 0 0 0 0 0 0 0 0 0 0 0 0 0 0 0 0 0 0 0
##$SHL_SFCOEFFS2= (0..200)
0 0 0 0 0 0 0 0 0 0 0 0 0 0 0 0 0 0 0 0 0 0 0 0 0 0 0 0 0 0 0 0 0 0 0 0
0 0 0 0 0 0 0 0 0 0 0 0 0 0 0 0 0 0 0 0 0 0 0 0 0 0 0 0 0 0 0 0 0 0 0 0
0 0 0 0 0 0 0 0 0 0 0 0 0 0 0 0 0 0 0 0 0 0 0 0 0 0 0 0 0 0 0 0 0 0 0 0
0 0 0 0 0 0 0 0 0 0 0 0 0 0 0 0 0 0 0 0 0 0 0 0 0 0 0 0 0 0 0 0 0 0 0 0
0 0 0 0 0 0 0 0 0 0 0 0 0 0 0 0 0 0 0 0 0 0 0 0 0 0 0 0 0 0 0 0 0 0 0 0
0 0 0 0 0 0 0 0 0 0 0 0 0 0 0 0 0 0 0 0 0
##$SHL_SFCOEFFS3= (0..200)
0 0 0 0 0 0 0 0 0 0 0 0 0 0 0 0 0 0 0 0 0 0 0 0 0 0 0 0 0 0 0 0 0 0 0 0
0 0 0 0 0 0 0 0 0 0 0 0 0 0 0 0 0 0 0 0 0 0 0 0 0 0 0 0 0 0 0 0 0 0 0 0
0 0 0 0 0 0 0 0 0 0 0 0 0 0 0 0 0 0 0 0 0 0 0 0 0 0 0 0 0 0 0 0 0 0 0 0
0 0 0 0 0 0 0 0 0 0 0 0 0 0 0 0 0 0 0 0 0 0 0 0 0 0 0 0 0 0 0 0 0 0 0 0
0 0 0 0 0 0 0 0 0 0 0 0 0 0 0 0 0 0 0 0 0 0 0 0 0 0 0 0 0 0 0 0 0 0 0 0
0 0 0 0 0 0 0 0 0 0 0 0 0 0 0 0 0 0 0 0 0
##$SHL_SFCOEFFS4= (0..200)
0 0 0 0 0 0 0 0 0 0 0 0 0 0 0 0 0 0 0 0 0 0 0 0 0 0 0 0 0 0 0 0 0 0 0 0
0 0 0 0 0 0 0 0 0 0 0 0 0 0 0 0 0 0 0 0 0 0 0 0 0 0 0 0 0 0 0 0 0 0 0 0
0 0 0 0 0 0 0 0 0 0 0 0 0 0 0 0 0 0 0 0 0 0 0 0 0 0 0 0 0 0 0 0 0 0 0 0
0 0 0 0 0 0 0 0 0 0 0 0 0 0 0 0 0 0 0 0 0 0 0 0 0 0 0 0 0 0 0 0 0 0 0 0
0 0 0 0 0 0 0 0 0 0 0 0 0 0 0 0 0 0 0 0 0 0 0 0 0 0 0 0 0 0 0 0 0 0 0 0
0 0 0 0 0 0 0 0 0 0 0 0 0 0 0 0 0 0 0 0 0
##$SHL_SFCOEFFS5= (0..200)
0 0 0 0 0 0 0 0 0 0 0 0 0 0 0 0 0 0 0 0 0 0 0 0 0 0 0 0 0 0 0 0 0 0 0 0
0 0 0 0 0 0 0 0 0 0 0 0 0 0 0 0 0 0 0 0 0 0 0 0 0 0 0 0 0 0 0 0 0 0 0 0
0 0 0 0 0 0 0 0 0 0 0 0 0 0 0 0 0 0 0 0 0 0 0 0 0 0 0 0 0 0 0 0 0 0 0 0
0 0 0 0 0 0 0 0 0 0 0 0 0 0 0 0 0 0 0 0 0 0 0 0 0 0 0 0 0 0 0 0 0 0 0 0
0 0 0 0 0 0 0 0 0 0 0 0 0 0 0 0 0 0 0 0 0 0 0 0 0 0 0 0 0 0 0 0 0 0 0 0
0 0 0 0 0 0 0 0 0 0 0 0 0 0 0 0 0 0 0 0 0
##$SHL_SFCOEFFS6= (0..200)
0 0 0 0 0 0 0 0 0 0 0 0 0 0 0 0 0 0 0 0 0 0 0 0 0 0 0 0 0 0 0 0 0 0 0 0
0 0 0 0 0 0 0 0 0 0 0 0 0 0 0 0 0 0 0 0 0 0 0 0 0 0 0 0 0 0 0 0 0 0 0 0
0 0 0 0 0 0 0 0 0 0 0 0 0 0 0 0 0 0 0 0 0 0 0 0 0 0 0 0 0 0 0 0 0 0 0 0
0 0 0 0 0 0 0 0 0 0 0 0 0 0 0 0 0 0 0 0 0 0 0 0 0 0 0 0 0 0 0 0 0 0 0 0
0 0 0 0 0 0 0 0 0 0 0 0 0 0 0 0 0 0 0 0 0 0 0 0 0 0 0 0 0 0 0 0 0 0 0 0
0 0 0 0 0 0 0 0 0 0 0 0 0 0 0 0 0 0 0 0 0
##$SHL_SFCOEFFS7= (0..200)
0 0 0 0 0 0 0 0 0 0 0 0 0 0 0 0 0 0 0 0 0 0 0 0 0 0 0 0 0 0 0 0 0 0 0 0
0 0 0 0 0 0 0 0 0 0 0 0 0 0 0 0 0 0 0 0 0 0 0 0 0 0 0 0 0 0 0 0 0 0 0 0
0 0 0 0 0 0 0 0 0 0 0 0 0 0 0 0 0 0 0 0 0 0 0 0 0 0 0 0 0 0 0 0 0 0 0 0
0 0 0 0 0 0 0 0 0 0 0 0 0 0 0 0 0 0 0 0 0 0 0 0 0 0 0 0 0 0 0 0 0 0 0 0
0 0 0 0 0 0 0 0 0 0 0 0 0 0 0 0 0 0 0 0 0 0 0 0 0 0 0 0 0 0 0 0 0 0 0 0
0 0 0 0 0 0 0 0 0 0 0 0 0 0 0 0 0 0 0 0 0
##$SHL_SFCOEFFS8= (0..200)
0 0 0 0 0 0 0 0 0 0 0 0 0 0 0 0 0 0 0 0 0 0 0 0 0 0 0 0 0 0 0 0 0 0 0 0
0 0 0 0 0 0 0 0 0 0 0 0 0 0 0 0 0 0 0 0 0 0 0 0 0 0 0 0 0 0 0 0 0 0 0 0
0 0 0 0 0 0 0 0 0 0 0 0 0 0 0 0 0 0 0 0 0 0 0 0 0 0 0 0 0 0 0 0 0 0 0 0
0 0 0 0 0 0 0 0 0 0 0 0 0 0 0 0 0 0 0 0 0 0 0 0 0 0 0 0 0 0 0 0 0 0 0 0
0 0 0 0 0 0 0 0 0 0 0 0 0 0 0 0 0 0 0 0 0 0 0 0 0 0 0 0 0 0 0 0 0 0 0 0
0 0 0 0 0 0 0 0 0 0 0 0 0 0 0 0 0 0 0 0 0
##$SHL_SFCOEFFS9= (0..200)
0 0 0 0 0 0 0 0 0 0 0 0 0 0 0 0 0 0 0 0 0 0 0 0 0 0 0 0 0 0 0 0 0 0 0 0
0 0 0 0 0 0 0 0 0 0 0 0 0 0 0 0 0 0 0 0 0 0 0 0 0 0 0 0 0 0 0 0 0 0 0 0
0 0 0 0 0 0 0 0 0 0 0 0 0 0 0 0 0 0 0 0 0 0 0 0 0 0 0 0 0 0 0 0 0 0 0 0
0 0 0 0 0 0 0 0 0 0 0 0 0 0 0 0 0 0 0 0 0 0 0 0 0 0 0 0 0 0 0 0 0 0 0 0
0 0 0 0 0 0 0 0 0 0 0 0 0 0 0 0 0 0 0 0 0 0 0 0 0 0 0 0 0 0 0 0 0 0 0 0
0 0 0 0 0 0 0 0 0 0 0 0 0 0 0 0 0 0 0 0 0
##$SHL_SMOOTHED= (0..15)
0 0 0 0 0 0 0 0 0 0 0 0 0 0 0 0
##$SHL_SMOOTHING= (0..15)
0 0 0 0 0 0 0 0 0 0 0 0 0 0 0 0
##$SHL_SPOAL= (0..15)
0 0 0 0 0 0 0 0 0 0 0 0 0 0 0 0
##$SHL_SPOFFS= (0..15)
0 0 0 0 0 0 0 0 0 0 0 0 0 0 0 0
##$SHL_SPOPH= (0..15)
0 0 0 0 0 0 0 0 0 0 0 0 0 0 0 0
##$SHL_STARTAMP= (0..15)
0 0 0 0 0 0 0 0 0 0 0 0 0 0 0 0
##$SHL_SW= (0..15)
0 0 0 0 0 0 0 0 0 0 0 0 0 0 0 0
##$SHL_SWDIR= (0..15)
-1 -1 -1 -1 -1 -1 -1 -1 -1 -1 -1 -1 -1 -1 -1 -1
##$SHL_TANKAPPA= (0..15)
0 0 0 0 0 0 0 0 0 0 0 0 0 0 0 0
##$SHL_TOTROT= (0..15)
90 0 0 0 0 0 0 0 0 0 0 0 0 0 0 0
##$SHL_TRUNCLEV= (0..15)
0 0 0 0 0 0 0 0 0 0 0 0 0 0 0 0
##$SHL_TYPE= (0..15)
<Excitation> <> <> <> <> <> <> <> <> <> <> <> <> <> <> <>
##$SHL_WINDOWSIZE= (0..15)
0 0 0 0 0 0 0 0 0 0 0 0 0 0 0 0
##$SHL_ZETA= (0..15)
0 0 0 0 0 0 0 0 0 0 0 0 0 0 0 0
##NPOINTS= 1000
##XYPOINTS= (XY..XY)
0.000000, 1.658880
0.199845, 4.976640
0.397795, 8.294400
0.591828, 11.612160
0.779932, 14.929920
0.960118, 18.247680
1.130431, 21.565440
1.288961, 24.883200
1.433856, 28.200960
1.563331, 31.518720
1.675681, 34.836480
1.769288, 38.154240
1.842633, 41.472000
1.894305, 44.789760
1.923013, 48.107520
1.927589, 51.425280
1.907000, 54.743040
1.860355, 58.060800
1.786911, 61.378560
1.686077, 64.696320
1.557426, 68.014080
1.400690, 71.331840
1.215773, 74.649600
1.002747, 77.967360
0.761858, 81.285120
0.493527, 84.602880
0.198348, 87.920640
0.122907, 271.238400
0.469298, 274.556160
0.839709, 277.873920
1.232860, 281.191680
1.647305, 284.509440
2.081438, 287.827200
2.533502, 291.144960
3.001590, 294.462720
3.483656, 297.780480
3.977522, 301.098240
4.480886, 304.416000
4.991335, 307.733760
5.506348, 311.051520
6.023314, 314.369280
6.539539, 317.687040
7.052261, 321.004800
7.558659, 324.322560
8.055870, 327.640320
8.540998, 330.958080
9.011131, 334.275840
9.463353, 337.593600
9.894759, 340.911360
10.302468, 344.229120
10.683640, 347.546880
11.035488, 350.864640
11.355294, 354.182400
11.640422, 357.500160
11.888331, 0.817920
12.096594, 4.135680
12.262905, 7.453440
12.385098, 10.771200
12.461156, 14.088960
12.489223, 17.406720
12.467621, 20.724480
12.394855, 24.042240
12.269626, 27.360000
12.090842, 30.677760
11.857625, 33.995520
11.569321, 37.313280
11.225507, 40.631040
10.825994, 43.948800
10.370839, 47.266560
9.860344, 50.584320
9.295061, 53.902080
8.675796, 57.219840
8.003608, 60.537600
7.279812, 63.855360
6.505975, 67.173120
5.683916, 70.490880
4.815703, 73.808640
3.903649, 77.126400
2.950303, 80.444160
1.958451, 83.761920
0.931100, 87.079680
0.128524, 270.397440
1.216990, 273.715200
2.330670, 277.032960
3.465752, 280.350720
4.618252, 283.668480
5.784030, 286.986240
6.958800, 290.304000
8.138148, 293.621760
9.317551, 296.939520
10.492388, 300.257280
11.657959, 303.575040
12.809509, 306.892800
13.942238, 310.210560
15.051324, 313.528320
16.131944, 316.846080
17.179292, 320.163840
18.188597, 323.481600
19.155148, 326.799360
20.074309, 330.117120
20.941543, 333.434880
21.752429, 336.752640
22.502683, 340.070400
23.188181, 343.388160
23.804972, 346.705920
24.349302, 350.023680
24.817629, 353.341440
25.206642, 356.659200
25.513280, 359.976960
25.734744, 3.294720
25.868516, 6.612480
25.912372, 9.930240
25.864397, 13.248000
25.722994, 16.565760
25.486900, 19.883520
25.155193, 23.201280
24.727303, 26.519040
24.203018, 29.836800
23.582493, 33.154560
22.866251, 36.472320
22.055192, 39.790080
21.150589, 43.107840
20.154096, 46.425600
19.067741, 49.743360
17.893928, 53.061120
16.635431, 56.378880
15.295390, 59.696640
13.877302, 63.014400
12.385019, 66.332160
10.822731, 69.649920
9.194958, 72.967680
7.506539, 76.285440
5.762616, 79.603200
3.968620, 82.920960
2.130253, 86.238720
0.253469, 89.556480
1.655539, 272.874240
3.590367, 276.192000
5.544416, 279.509760
7.510919, 282.827520
9.482957, 286.145280
11.453492, 289.463040
13.415385, 292.780800
15.361426, 296.098560
17.284357, 299.416320
19.176901, 302.734080
21.031790, 306.051840
22.841787, 309.369600
24.599721, 312.687360
26.298511, 316.005120
27.931192, 319.322880
29.490945, 322.640640
30.971128, 325.958400
32.365293, 329.276160
33.667224, 332.593920
34.870955, 335.911680
35.970800, 339.229440
36.961375, 342.547200
37.837624, 345.864960
38.594841, 349.182720
39.228689, 352.500480
39.735228, 355.818240
40.110926, 359.136000
40.352683, 2.453760
40.457845, 5.771520
40.424220, 9.089280
40.250092, 12.407040
39.934232, 15.724800
39.475909, 19.042560
38.874901, 22.360320
38.131495, 25.678080
37.246500, 28.995840
36.221246, 32.313600
35.057584, 35.631360
33.757888, 38.949120
32.325050, 42.266880
30.762479, 45.584640
29.074089, 48.902400
27.264296, 52.220160
25.338001, 55.537920
23.300585, 58.855680
21.157889, 62.173440
18.916199, 65.491200
16.582230, 68.808960
14.163104, 72.126720
11.666329, 75.444480
9.099778, 78.762240
6.471660, 82.080000
3.790498, 85.397760
1.065097, 88.715520
1.695480, 272.033280
4.481947, 275.351040
7.284821, 278.668800
10.094460, 281.986560
12.901093, 285.304320
15.694855, 288.622080
18.465821, 291.939840
21.204042, 295.257600
23.899581, 298.575360
26.542548, 301.893120
29.123138, 305.210880
31.631663, 308.528640
34.058596, 311.846400
36.394598, 315.164160
38.630560, 318.481920
40.757633, 321.799680
42.767269, 325.117440
44.651248, 328.435200
46.401714, 331.752960
48.011206, 335.070720
49.472691, 338.388480
50.779588, 341.706240
51.925800, 345.024000
52.905742, 348.341760
53.714359, 351.659520
54.347156, 354.977280
54.800216, 358.295040
55.070220, 1.612800
55.154464, 4.930560
55.050874, 8.248320
54.758020, 11.566080
54.275126, 14.883840
53.602081, 18.201600
52.739440, 21.519360
51.688433, 24.837120
50.450966, 28.154880
49.029617, 31.472640
47.427634, 34.790400
45.648932, 38.108160
43.698080, 41.425920
41.580295, 44.743680
39.301424, 48.061440
36.867933, 51.379200
34.286888, 54.696960
31.565931, 58.014720
28.713265, 61.332480
25.737621, 64.650240
22.648239, 67.968000
19.454833, 71.285760
16.167565, 74.603520
12.797011, 77.921280
9.354125, 81.239040
5.850206, 84.556800
2.296858, 87.874560
1.294048, 271.192320
4.910410, 274.510080
8.539943, 277.827840
12.170217, 281.145600
15.788700, 284.463360
19.382802, 287.781120
22.939920, 291.098880
26.447481, 294.416640
29.892989, 297.734400
33.264066, 301.052160
36.548501, 304.369920
39.734293, 307.687680
42.809691, 311.005440
45.763244, 314.323200
48.583839, 317.640960
51.260744, 320.958720
53.783649, 324.276480
56.142706, 327.594240
58.328564, 330.912000
60.332410, 334.229760
62.146001, 337.547520
63.761696, 340.865280
65.172491, 344.183040
66.372046, 347.500800
67.354709, 350.818560
68.115547, 354.136320
68.650363, 357.454080
68.955719, 0.771840
69.028949, 4.089600
68.868179, 7.407360
68.472335, 10.725120
67.841155, 14.042880
66.975191, 17.360640
65.875818, 20.678400
64.545230, 23.996160
62.986439, 27.313920
61.203271, 30.631680
59.200355, 33.949440
56.983116, 37.267200
54.557757, 40.584960
51.931245, 43.902720
49.111287, 47.220480
46.106316, 50.538240
42.925455, 53.856000
39.578498, 57.173760
36.075877, 60.491520
32.428626, 63.809280
28.648353, 67.127040
24.747195, 70.444800
20.737784, 73.762560
16.633204, 77.080320
12.446948, 80.398080
8.192873, 83.715840
3.885152, 87.033600
0.461770, 270.351360
4.833228, 273.669120
9.214386, 276.986880
13.590289, 280.304640
17.945912, 283.622400
22.266215, 286.940160
26.536194, 290.257920
30.740935, 293.575680
34.865666, 296.893440
38.895806, 300.211200
42.817023, 303.528960
46.615281, 306.846720
50.276895, 310.164480
53.788573, 313.482240
57.137474, 316.800000
60.311247, 320.117760
63.298082, 323.435520
66.086752, 326.753280
68.666655, 330.071040
71.027856, 333.388800
73.161122, 336.706560
75.057960, 340.024320
76.710652, 343.342080
78.112280, 346.659840
79.256761, 349.977600
80.138868, 353.295360
80.754253, 356.613120
81.099468, 359.930880
81.171980, 3.248640
80.970186, 6.566400
80.493419, 9.884160
79.741960, 13.201920
78.717038, 16.519680
77.420832, 19.837440
75.856466, 23.155200
74.028004, 26.472960
71.940442, 29.790720
69.599688, 33.108480
67.012555, 36.426240
64.186733, 39.744000
61.130773, 43.061760
57.854055, 46.379520
54.366765, 49.697280
50.679857, 53.015040
46.805023, 56.332800
42.754655, 59.650560
38.541800, 62.968320
34.180126, 66.286080
29.683869, 69.603840
25.067792, 72.921600
20.347129, 76.239360
15.537544, 79.557120
10.655067, 82.874880
5.716050, 86.192640
0.737104, 89.510400
4.264954, 272.828160
9.273158, 276.145920
14.270454, 279.463680
19.239757, 282.781440
24.164010, 286.099200
29.026246, 289.416960
33.809643, 292.734720
38.497585, 296.052480
43.073721, 299.370240
47.522024, 302.688000
51.826843, 306.005760
55.972963, 309.323520
59.945660, 312.641280
63.730748, 315.959040
67.314638, 319.276800
70.684380, 322.594560
73.827715, 325.912320
76.733119, 329.230080
79.389843, 332.547840
81.787958, 335.865600
83.918385, 339.183360
85.772936, 342.501120
87.344342, 345.818880
88.626284, 349.136640
89.613412, 352.454400
90.301374, 355.772160
90.686831, 359.089920
90.767471, 2.407680
90.542022, 5.725440
90.010257, 9.043200
89.173003, 12.360960
88.032137, 15.678720
86.590584, 18.996480
84.852311, 22.314240
82.822314, 25.632000
80.506610, 28.949760
77.912209, 32.267520
75.047102, 35.585280
71.920232, 38.903040
68.541466, 42.220800
64.921565, 45.538560
61.072148, 48.856320
57.005653, 52.174080
52.735299, 55.491840
48.275042, 58.809600
43.639526, 62.127360
38.844038, 65.445120
33.904455, 68.762880
28.837188, 72.080640
23.659133, 75.398400
18.387609, 78.716160
13.040298, 82.033920
7.635190, 85.351680
2.190519, 88.669440
3.275301, 271.987200
8.743739, 275.304960
14.196206, 278.622720
19.614126, 281.940480
24.978994, 285.258240
30.272446, 288.576000
35.476318, 291.893760
40.572711, 295.211520
45.544053, 298.529280
50.373162, 301.847040
55.043305, 305.164800
59.538255, 308.482560
63.842352, 311.800320
67.940555, 315.118080
71.818498, 318.435840
75.462536, 321.753600
78.859802, 325.071360
81.998244, 328.389120
84.866674, 331.706880
87.454806, 335.024640
89.753296, 338.342400
91.753770, 341.660160
93.448861, 344.977920
94.832236, 348.295680
95.898613, 351.613440
96.643791, 354.931200
97.064657, 358.248960
97.159204, 1.566720
96.926542, 4.884480
96.366895, 8.202240
95.481610, 11.520000
94.273151, 14.837760
92.745090, 18.155520
90.902101, 21.473280
88.749942, 24.791040
86.295440, 28.108800
83.546467, 31.426560
80.511912, 34.744320
77.201659, 38.062080
73.626545, 41.379840
69.798334, 44.697600
65.729667, 48.015360
61.434031, 51.333120
56.925704, 54.650880
52.219711, 57.968640
47.331774, 61.286400
42.278257, 64.604160
37.076110, 67.921920
31.742814, 71.239680
26.296317, 74.557440
20.754976, 77.875200
15.137494, 81.192960
9.462855, 84.510720
3.750259, 87.828480
1.980944, 271.146240
7.711322, 274.464000
13.421424, 277.781760
19.091850, 281.099520
24.703318, 284.417280
30.236729, 287.735040
35.673235, 291.052800
40.994302, 294.370560
46.181775, 297.688320
51.217941, 301.006080
56.085592, 304.323840
60.768082, 307.641600
65.249384, 310.959360
69.514151, 314.277120
73.547764, 317.594880
77.336384, 320.912640
80.867002, 324.230400
84.127484, 327.548160
87.106610, 330.865920
89.794119, 334.183680
92.180739, 337.501440
94.258224, 340.819200
96.019378, 344.136960
97.458086, 347.454720
98.569333, 350.772480
99.349219, 354.090240
99.794977, 357.408000
99.904981, 0.725760
99.678752, 4.043520
99.116961, 7.361280
98.221425, 10.679040
96.995103, 13.996800
95.442087, 17.314560
93.567583, 20.632320
91.377899, 23.950080
88.880421, 27.267840
86.083588, 30.585600
82.996863, 33.903360
79.630700, 37.221120
75.996509, 40.538880
72.106615, 43.856640
67.974218, 47.174400
63.613347, 50.492160
59.038809, 53.809920
54.266141, 57.127680
49.311556, 60.445440
44.191885, 63.763200
38.924522, 67.080960
33.527359, 70.398720
28.018733, 73.716480
22.417352, 77.034240
16.742240, 80.352000
11.012664, 83.669760
5.248074, 86.987520
0.531969, 270.305280
6.307859, 273.623040
12.060010, 276.940800
17.768928, 280.258560
23.415273, 283.576320
28.979931, 286.894080
34.444075, 290.211840
39.789230, 293.529600
44.997342, 296.847360
50.050833, 300.165120
54.932663, 303.482880
59.626393, 306.800640
64.116235, 310.118400
68.387109, 313.436160
72.424694, 316.753920
76.215478, 320.071680
79.746801, 323.389440
83.006902, 326.707200
85.984952, 330.024960
88.671100, 333.342720
91.056498, 336.660480
93.133335, 339.978240
94.894860, 343.296000
96.335408, 346.613760
97.450414, 349.931520
98.236433, 353.249280
98.691145, 356.567040
98.813365, 359.884800
98.603047, 3.202560
98.061280, 6.520320
97.190285, 9.838080
95.993405, 13.155840
94.475093, 16.473600
92.640896, 19.791360
90.497431, 23.109120
88.052366, 26.426880
85.314389, 29.744640
82.293177, 33.062400
78.999363, 36.380160
75.444495, 39.697920
71.641000, 43.015680
67.602134, 46.333440
63.341940, 49.651200
58.875197, 52.968960
54.217366, 56.286720
49.384539, 59.604480
44.393380, 62.922240
39.261067, 66.240000
34.005237, 69.557760
28.643914, 72.875520
23.195459, 76.193280
17.678494, 79.511040
12.111847, 82.828800
6.514483, 86.146560
0.905436, 89.464320
4.696252, 272.782080
10.271601, 276.099840
15.801753, 279.417600
21.268042, 282.735360
26.652056, 286.053120
31.935700, 289.370880
37.101255, 292.688640
42.131443, 296.006400
47.009484, 299.324160
51.719151, 302.641920
56.244826, 305.959680
60.571554, 309.277440
64.685089, 312.595200
68.571949, 315.912960
72.219452, 319.230720
75.615765, 322.548480
78.749939, 325.866240
81.611946, 329.184000
84.192711, 332.501760
86.484144, 335.819520
88.479160, 339.137280
90.171706, 342.455040
91.556779, 345.772800
92.630437, 349.090560
93.389814, 352.408320
93.833127, 355.726080
93.959675, 359.043840
93.769846, 2.361600
93.265107, 5.679360
92.447998, 8.997120
91.322122, 12.314880
89.892127, 15.632640
88.163691, 18.950400
86.143496, 22.268160
83.839204, 25.585920
81.259428, 28.903680
78.413699, 32.221440
75.312432, 35.539200
71.966886, 38.856960
68.389124, 42.174720
64.591967, 45.492480
60.588953, 48.810240
56.394279, 52.128000
52.022760, 55.445760
47.489771, 58.763520
42.811189, 62.081280
38.003347, 65.399040
33.082963, 68.716800
28.067094, 72.034560
22.973066, 75.352320
17.818419, 78.670080
12.620845, 81.987840
7.398123, 85.305600
2.168063, 88.623360
3.051560, 271.941120
8.243066, 275.258880
13.388930, 278.576640
18.471842, 281.894400
23.474768, 285.212160
28.381006, 288.529920
33.174243, 291.847680
37.838609, 295.165440
42.358732, 298.483200
46.719790, 301.800960
50.907558, 305.118720
54.908454, 308.436480
58.709590, 311.754240
62.298805, 315.072000
65.664712, 318.389760
68.796731, 321.707520
71.685122, 325.025280
74.321019, 328.343040
76.696452, 331.660800
78.804377, 334.978560
80.638692, 338.296320
82.194259, 341.614080
83.466912, 344.931840
84.453475, 348.249600
85.151762, 351.567360
85.560586, 354.885120
85.679758, 358.202880
85.510080, 1.520640
85.053343, 4.838400
84.312313, 8.156160
83.290722, 11.473920
81.993246, 14.791680
80.425487, 18.109440
78.593951, 21.427200
76.506021, 24.744960
74.169926, 28.062720
71.594712, 31.380480
68.790202, 34.698240
65.766967, 38.016000
62.536276, 41.333760
59.110062, 44.651520
55.500875, 47.969280
51.721834, 51.287040
47.786582, 54.604800
43.709233, 57.922560
39.504325, 61.240320
35.186764, 64.558080
30.771773, 67.875840
26.274838, 71.193600
21.711650, 74.511360
17.098052, 77.829120
12.449984, 81.146880
7.783428, 84.464640
3.114347, 87.782400
1.541364, 271.100160
6.167936, 274.417920
10.749779, 277.735680
15.271535, 281.053440
19.718133, 284.371200
24.074836, 287.688960
28.327290, 291.006720
32.461578, 294.324480
36.464258, 297.642240
40.322415, 300.960000
44.023695, 304.277760
47.556353, 307.595520
50.909285, 310.913280
54.072065, 314.231040
57.034978, 317.548800
59.789050, 320.866560
62.326074, 324.184320
64.638635, 327.502080
66.720134, 330.819840
68.564801, 334.137600
70.167716, 337.455360
71.524817, 340.773120
72.632914, 344.090880
73.489689, 347.408640
74.093707, 350.726400
74.444407, 354.044160
74.542109, 357.361920
74.387997, 0.679680
73.984120, 3.997440
73.333373, 7.315200
72.439484, 10.632960
71.306997, 13.950720
69.941252, 17.268480
68.348357, 20.586240
66.535170, 23.904000
64.509261, 27.221760
62.278891, 30.539520
59.852972, 33.857280
57.241034, 37.175040
54.453190, 40.492800
51.500094, 43.810560
48.392902, 47.128320
45.143232, 50.446080
41.763115, 53.763840
38.264957, 57.081600
34.661487, 60.399360
30.965716, 63.717120
27.190887, 67.034880
23.350426, 70.352640
19.457898, 73.670400
15.526954, 76.988160
11.571287, 80.305920
7.604579, 83.623680
3.640459, 86.941440
0.307548, 270.259200
4.226069, 273.576960
8.101923, 276.894720
11.922172, 280.212480
15.674161, 283.530240
19.345560, 286.848000
22.924410, 290.165760
26.399154, 293.483520
29.758681, 296.801280
32.992361, 300.119040
36.090076, 303.436800
39.042254, 306.754560
41.839899, 310.072320
44.474615, 313.390080
46.938636, 316.707840
49.224845, 320.025600
51.326797, 323.343360
53.238733, 326.661120
54.955598, 329.978880
56.473053, 333.296640
57.787484, 336.614400
58.896011, 339.932160
59.796488, 343.249920
60.487513, 346.567680
60.968418, 349.885440
61.239273, 353.203200
61.300877, 356.520960
61.154747, 359.838720
60.803113, 3.156480
60.248899, 6.474240
59.495711, 9.792000
58.547816, 13.109760
57.410123, 16.427520
56.088161, 19.745280
54.588055, 23.063040
52.916495, 26.380800
51.080716, 29.698560
49.088459, 33.016320
46.947946, 36.334080
44.667844, 39.651840
42.257232, 42.969600
39.725564, 46.287360
37.082633, 49.605120
34.338535, 52.922880
31.503628, 56.240640
28.588496, 59.558400
25.603907, 62.876160
22.560774, 66.193920
19.470117, 69.511680
16.343020, 72.829440
13.190594, 76.147200
10.023935, 79.464960
6.854085, 82.782720
3.691997, 86.100480
0.548491, 89.418240
2.565778, 272.736000
5.640361, 276.053760
8.665044, 279.371520
11.629890, 282.689280
14.525265, 286.007040
17.341872, 289.324800
20.070784, 292.642560
22.703465, 295.960320
25.231805, 299.278080
27.648139, 302.595840
29.945271, 305.913600
32.116499, 309.231360
34.155628, 312.549120
36.056993, 315.866880
37.815469, 319.184640
39.426490, 322.502400
40.886053, 325.820160
42.190732, 329.137920
43.337681, 332.455680
44.324640, 335.773440
45.149940, 339.091200
45.812496, 342.408960
46.311811, 345.726720
46.647970, 349.044480
46.821632, 352.362240
46.834024, 355.680000
46.686931, 358.997760
46.382680, 2.315520
45.924130, 5.633280
45.314655, 8.951040
44.558123, 12.268800
43.658884, 15.586560
42.621740, 18.904320
41.451933, 22.222080
40.155110, 25.539840
38.737309, 28.857600
37.204924, 32.175360
35.564685, 35.493120
33.823626, 38.810880
31.989055, 42.128640
30.068528, 45.446400
28.069817, 48.764160
26.000879, 52.081920
23.869827, 55.399680
21.684895, 58.717440
19.454411, 62.035200
17.186762, 65.352960
14.890365, 68.670720
12.573636, 71.988480
10.244957, 75.306240
7.912648, 78.624000
5.584938, 81.941760
3.269933, 85.259520
0.975591, 88.577280
1.290306, 271.895040
3.520182, 275.212800
5.706686, 278.530560
7.842721, 281.848320
9.921466, 285.166080
11.936396, 288.483840
13.881304, 291.801600
15.750318, 295.119360
17.537921, 298.437120
19.238965, 301.754880
20.848685, 305.072640
22.362713, 308.390400
23.777089, 311.708160
25.088270, 315.025920
26.293135, 318.343680
27.388996, 321.661440
28.373599, 324.979200
29.245127, 328.296960
30.002202, 331.614720
30.643884, 334.932480
31.169666, 338.250240
31.579475, 341.568000
31.873662, 344.885760
32.052996, 348.203520
32.118657, 351.521280
32.072223, 354.839040
31.915662, 358.156800
31.651317, 1.474560
31.281890, 4.792320
30.810433, 8.110080
30.240323, 11.427840
29.575252, 14.745600
28.819205, 18.063360
27.976440, 21.381120
27.051471, 24.698880
26.049044, 28.016640
24.974116, 31.334400
23.831835, 34.652160
22.627515, 37.969920
21.366616, 41.287680
20.054719, 44.605440
18.697502, 47.923200
17.300719, 51.240960
15.870175, 54.558720
14.411704, 57.876480
12.931144, 61.194240
11.434319, 64.512000
9.927010, 67.829760
8.414941, 71.147520
6.903748, 74.465280
5.398970, 77.783040
3.906020, 81.100800
2.430167, 84.418560
0.976524, 87.736320
0.449978, 271.054080
1.844599, 274.371840
3.202810, 277.689600
4.520308, 281.007360
5.793026, 284.325120
7.017145, 287.642880
8.189110, 290.960640
9.305633, 294.278400
10.363708, 297.596160
11.360612, 300.913920
12.293917, 304.231680
13.161490, 307.549440
13.961501, 310.867200
14.692419, 314.184960
15.353018, 317.502720
15.942377, 320.820480
16.459874, 324.138240
16.905187, 327.456000
17.278290, 330.773760
17.579443, 334.091520
17.809194, 337.409280
17.968364, 340.727040
18.058044, 344.044800
18.079581, 347.362560
18.034573, 350.680320
17.924852, 353.998080
17.752477, 357.315840
17.519719, 0.633600
17.229047, 3.951360
16.883116, 7.269120
16.484751, 10.586880
16.036929, 13.904640
15.542771, 17.222400
15.005519, 20.540160
14.428522, 23.857920
13.815221, 27.175680
13.169130, 30.493440
12.493822, 33.811200
11.792911, 37.128960
11.070035, 40.446720
10.328840, 43.764480
9.572966, 47.082240
8.806027, 50.400000
8.031599, 53.717760
7.253203, 57.035520
6.474292, 60.353280
5.698234, 63.671040
4.928302, 66.988800
4.167660, 70.306560
3.419348, 73.624320
2.686275, 76.942080
1.971205, 80.259840
1.276750, 83.577600
0.605357, 86.895360
0.040697, 270.213120
0.659312, 273.530880
1.248573, 276.848640
1.806757, 280.166400
2.332332, 283.484160
2.823966, 286.801920
3.280526, 290.119680
3.701082, 293.437440
4.084905, 296.755200
4.431470, 300.072960
4.740451, 303.390720
5.011722, 306.708480
5.245351, 310.026240
5.441599, 313.344000
5.600913, 316.661760
5.723920, 319.979520
5.811422, 323.297280
5.864391, 326.615040
5.883954, 329.932800
5.871392, 333.250560
5.828126, 336.568320
5.755711, 339.886080
5.655820, 343.203840
5.530242, 346.521600
5.380861, 349.839360
5.209653, 353.157120
5.018668, 356.474880
4.810022, 359.792640
4.585884, 3.110400
4.348461, 6.428160
4.099990, 9.745920
3.842722, 13.063680
3.578912, 16.381440
3.310804, 19.699200
3.040622, 23.016960
2.770558, 26.334720
2.502759, 29.652480
2.239314, 32.970240
1.982249, 36.288000
1.733510, 39.605760
1.494958, 42.923520
1.268358, 46.241280
1.055368, 49.559040
0.857535, 52.876800
0.676284, 56.194560
0.512912, 59.512320
0.368584, 62.830080
0.244323, 66.147840
0.141009, 69.465600
0.059375, 72.783360
0.000000, 76.101120
##END=
