##TITLE= Parameter file, TopSpin 3.6.4
##JCAMPDX= 5.0
##DATATYPE= Parameter Values
##ORIGIN= Bruker BioSpin GmbH
##OWNER= ptg20
$$ 2023-07-06 11:52:23.497 +0100  ptg20@auchentoshan
$$ C:/Bruker/cam-ts3/wave/s_automation
$$ process C:\Bruker\TopSpin3.6.4\prog\mod\xwinshape.exe
##MINX= 0.00000000
##MAXX= 99.59323700
##MINY= 0.03960000
##MAXY= 359.92440000
##$SHAPE_ADDPHASE= 0
##$SHAPE_AMP= 99.59323743
##$SHAPE_BWFAC= 0
##$SHAPE_BWFAC50= 0
##$SHAPE_CALCBW= yes
##$SHAPE_CALCINTEG= yes
##$SHAPE_EXMODE= <Universal>
##$SHAPE_EXPAND= <>
##$SHAPE_EXPANDCF= (0..143)
0 0 0 0 0 0 0 0 0 0 0 0 0 0 0 0 0 0 0 0 0 0 0 0 0 0 0 0 0 0 0 0 0 0 0 0
0 0 0 0 0 0 0 0 0 0 0 0 0 0 0 0 0 0 0 0 0 0 0 0 0 0 0 0 0 0 0 0 0 0 0 0
0 0 0 0 0 0 0 0 0 0 0 0 0 0 0 0 0 0 0 0 0 0 0 0 0 0 0 0 0 0 0 0 0 0 0 0
0 0 0 0 0 0 0 0 0 0 0 0 0 0 0 0 0 0 0 0 0 0 0 0 0 0 0 0 0 0 0 0 0 0 0 0
##$SHAPE_EXPFAC= 0
##$SHAPE_FRACEND= 0
##$SHAPE_FRACORG= 0
##$SHAPE_FRACSTART= 0
##$SHAPE_INTEGFAC= 0
##$SHAPE_KEEPRES= yes
##$SHAPE_LENGTH= 20000
##$SHAPE_MAN= <M>
##$SHAPE_MODE= 2
##$SHAPE_MODFREQ= 0
##$SHAPE_MODPHASE= 0
##$SHAPE_MODSCALE= 0
##$SHAPE_MODSW= 0
##$SHAPE_MODSWDIR= -1
##$SHAPE_NPOINTS= 1000
##$SHAPE_OFFS= <0 2>
##$SHAPE_OFFSCOEFF= (0..95)
0 0 100 -106 0 100 0 0 0 0 0 0 0 0 0 0 0 0 0 0 0 0 0 0 0 0 0 0 0 0 0 0
0 0 0 0 0 0 0 0 0 0 0 0 0 0 0 0 0 0 0 0 0 0 0 0 0 0 0 0 0 0 0 0 0 0 0 0
0 0 0 0 0 0 0 0 0 0 0 0 0 0 0 0 0 0 0 0 0 0 0 0 0 0 0 0
##$SHAPE_PARAMETER= <>
##$SHAPE_REPHFAC= 0
##$SHAPE_RES= 0
##$SHAPE_SCALEFAC= 1.00408424
##$SHAPE_SCALETYPE= 0
##$SHAPE_SPOAL= 0
##$SHAPE_SPOFFS= 0
##$SHAPE_SPOPH= 0
##$SHAPE_TOTROT= 90
##$SHAPE_TYPE= <Excitation>
##$SHAPE_USER_DEF= 0
##$SHAPE_VERSION= 2.1
##$SHL_ADDPHASE= (0..15)
0 0 0 0 0 0 0 0 0 0 0 0 0 0 0 0
##$SHL_ALIGNOFFSET= (0..15)
0 0 0 0 0 0 0 0 0 0 0 0 0 0 0 0
##$SHL_AMP= (0..15)
99.99984 0 0 0 0 0 0 0 0 0 0 0 0 0 0 0
##$SHL_AMPFAC= (0..15)
0 0 0 0 0 0 0 0 0 0 0 0 0 0 0 0
##$SHL_BETA= (0..15)
0 0 0 0 0 0 0 0 0 0 0 0 0 0 0 0
##$SHL_BWFAC= (0..15)
1.606 0 0 0 0 0 0 0 0 0 0 0 0 0 0 0
##$SHL_CALCBW= (0..15)
yes yes yes yes yes yes yes yes yes yes yes yes yes yes yes yes
##$SHL_CALCINTEG= (0..15)
yes yes yes yes yes yes yes yes yes yes yes yes yes yes yes yes
##$SHL_CENTERAMP= (0..15)
0 0 0 0 0 0 0 0 0 0 0 0 0 0 0 0
##$SHL_CYCNUM= (0..15)
0 0 0 0 0 0 0 0 0 0 0 0 0 0 0 0
##$SHL_DIPOLCPL= (0..15)
0 0 0 0 0 0 0 0 0 0 0 0 0 0 0 0
##$SHL_ENDAMP= (0..15)
0 0 0 0 0 0 0 0 0 0 0 0 0 0 0 0
##$SHL_EXMODE= (0..15)
<Universal> <> <> <> <> <> <> <> <> <> <> <> <> <> <> <>
##$SHL_EXPAND= (0..15)
<> <> <> <> <> <> <> <> <> <> <> <> <> <> <> <>
##$SHL_EXPANDCF0= (0..143)
0 0 0 0 0 0 0 0 0 0 0 0 0 0 0 0 0 0 0 0 0 0 0 0 0 0 0 0 0 0 0 0 0 0 0 0
0 0 0 0 0 0 0 0 0 0 0 0 0 0 0 0 0 0 0 0 0 0 0 0 0 0 0 0 0 0 0 0 0 0 0 0
0 0 0 0 0 0 0 0 0 0 0 0 0 0 0 0 0 0 0 0 0 0 0 0 0 0 0 0 0 0 0 0 0 0 0 0
0 0 0 0 0 0 0 0 0 0 0 0 0 0 0 0 0 0 0 0 0 0 0 0 0 0 0 0 0 0 0 0 0 0 0 0
##$SHL_EXPANDCF1= (0..143)
0 0 0 0 0 0 0 0 0 0 0 0 0 0 0 0 0 0 0 0 0 0 0 0 0 0 0 0 0 0 0 0 0 0 0 0
0 0 0 0 0 0 0 0 0 0 0 0 0 0 0 0 0 0 0 0 0 0 0 0 0 0 0 0 0 0 0 0 0 0 0 0
0 0 0 0 0 0 0 0 0 0 0 0 0 0 0 0 0 0 0 0 0 0 0 0 0 0 0 0 0 0 0 0 0 0 0 0
0 0 0 0 0 0 0 0 0 0 0 0 0 0 0 0 0 0 0 0 0 0 0 0 0 0 0 0 0 0 0 0 0 0 0 0
##$SHL_EXPANDCF10= (0..143)
0 0 0 0 0 0 0 0 0 0 0 0 0 0 0 0 0 0 0 0 0 0 0 0 0 0 0 0 0 0 0 0 0 0 0 0
0 0 0 0 0 0 0 0 0 0 0 0 0 0 0 0 0 0 0 0 0 0 0 0 0 0 0 0 0 0 0 0 0 0 0 0
0 0 0 0 0 0 0 0 0 0 0 0 0 0 0 0 0 0 0 0 0 0 0 0 0 0 0 0 0 0 0 0 0 0 0 0
0 0 0 0 0 0 0 0 0 0 0 0 0 0 0 0 0 0 0 0 0 0 0 0 0 0 0 0 0 0 0 0 0 0 0 0
##$SHL_EXPANDCF11= (0..143)
0 0 0 0 0 0 0 0 0 0 0 0 0 0 0 0 0 0 0 0 0 0 0 0 0 0 0 0 0 0 0 0 0 0 0 0
0 0 0 0 0 0 0 0 0 0 0 0 0 0 0 0 0 0 0 0 0 0 0 0 0 0 0 0 0 0 0 0 0 0 0 0
0 0 0 0 0 0 0 0 0 0 0 0 0 0 0 0 0 0 0 0 0 0 0 0 0 0 0 0 0 0 0 0 0 0 0 0
0 0 0 0 0 0 0 0 0 0 0 0 0 0 0 0 0 0 0 0 0 0 0 0 0 0 0 0 0 0 0 0 0 0 0 0
##$SHL_EXPANDCF12= (0..143)
0 0 0 0 0 0 0 0 0 0 0 0 0 0 0 0 0 0 0 0 0 0 0 0 0 0 0 0 0 0 0 0 0 0 0 0
0 0 0 0 0 0 0 0 0 0 0 0 0 0 0 0 0 0 0 0 0 0 0 0 0 0 0 0 0 0 0 0 0 0 0 0
0 0 0 0 0 0 0 0 0 0 0 0 0 0 0 0 0 0 0 0 0 0 0 0 0 0 0 0 0 0 0 0 0 0 0 0
0 0 0 0 0 0 0 0 0 0 0 0 0 0 0 0 0 0 0 0 0 0 0 0 0 0 0 0 0 0 0 0 0 0 0 0
##$SHL_EXPANDCF13= (0..143)
0 0 0 0 0 0 0 0 0 0 0 0 0 0 0 0 0 0 0 0 0 0 0 0 0 0 0 0 0 0 0 0 0 0 0 0
0 0 0 0 0 0 0 0 0 0 0 0 0 0 0 0 0 0 0 0 0 0 0 0 0 0 0 0 0 0 0 0 0 0 0 0
0 0 0 0 0 0 0 0 0 0 0 0 0 0 0 0 0 0 0 0 0 0 0 0 0 0 0 0 0 0 0 0 0 0 0 0
0 0 0 0 0 0 0 0 0 0 0 0 0 0 0 0 0 0 0 0 0 0 0 0 0 0 0 0 0 0 0 0 0 0 0 0
##$SHL_EXPANDCF14= (0..143)
0 0 0 0 0 0 0 0 0 0 0 0 0 0 0 0 0 0 0 0 0 0 0 0 0 0 0 0 0 0 0 0 0 0 0 0
0 0 0 0 0 0 0 0 0 0 0 0 0 0 0 0 0 0 0 0 0 0 0 0 0 0 0 0 0 0 0 0 0 0 0 0
0 0 0 0 0 0 0 0 0 0 0 0 0 0 0 0 0 0 0 0 0 0 0 0 0 0 0 0 0 0 0 0 0 0 0 0
0 0 0 0 0 0 0 0 0 0 0 0 0 0 0 0 0 0 0 0 0 0 0 0 0 0 0 0 0 0 0 0 0 0 0 0
##$SHL_EXPANDCF15= (0..143)
0 0 0 0 0 0 0 0 0 0 0 0 0 0 0 0 0 0 0 0 0 0 0 0 0 0 0 0 0 0 0 0 0 0 0 0
0 0 0 0 0 0 0 0 0 0 0 0 0 0 0 0 0 0 0 0 0 0 0 0 0 0 0 0 0 0 0 0 0 0 0 0
0 0 0 0 0 0 0 0 0 0 0 0 0 0 0 0 0 0 0 0 0 0 0 0 0 0 0 0 0 0 0 0 0 0 0 0
0 0 0 0 0 0 0 0 0 0 0 0 0 0 0 0 0 0 0 0 0 0 0 0 0 0 0 0 0 0 0 0 0 0 0 0
##$SHL_EXPANDCF2= (0..143)
0 0 0 0 0 0 0 0 0 0 0 0 0 0 0 0 0 0 0 0 0 0 0 0 0 0 0 0 0 0 0 0 0 0 0 0
0 0 0 0 0 0 0 0 0 0 0 0 0 0 0 0 0 0 0 0 0 0 0 0 0 0 0 0 0 0 0 0 0 0 0 0
0 0 0 0 0 0 0 0 0 0 0 0 0 0 0 0 0 0 0 0 0 0 0 0 0 0 0 0 0 0 0 0 0 0 0 0
0 0 0 0 0 0 0 0 0 0 0 0 0 0 0 0 0 0 0 0 0 0 0 0 0 0 0 0 0 0 0 0 0 0 0 0
##$SHL_EXPANDCF3= (0..143)
0 0 0 0 0 0 0 0 0 0 0 0 0 0 0 0 0 0 0 0 0 0 0 0 0 0 0 0 0 0 0 0 0 0 0 0
0 0 0 0 0 0 0 0 0 0 0 0 0 0 0 0 0 0 0 0 0 0 0 0 0 0 0 0 0 0 0 0 0 0 0 0
0 0 0 0 0 0 0 0 0 0 0 0 0 0 0 0 0 0 0 0 0 0 0 0 0 0 0 0 0 0 0 0 0 0 0 0
0 0 0 0 0 0 0 0 0 0 0 0 0 0 0 0 0 0 0 0 0 0 0 0 0 0 0 0 0 0 0 0 0 0 0 0
##$SHL_EXPANDCF4= (0..143)
0 0 0 0 0 0 0 0 0 0 0 0 0 0 0 0 0 0 0 0 0 0 0 0 0 0 0 0 0 0 0 0 0 0 0 0
0 0 0 0 0 0 0 0 0 0 0 0 0 0 0 0 0 0 0 0 0 0 0 0 0 0 0 0 0 0 0 0 0 0 0 0
0 0 0 0 0 0 0 0 0 0 0 0 0 0 0 0 0 0 0 0 0 0 0 0 0 0 0 0 0 0 0 0 0 0 0 0
0 0 0 0 0 0 0 0 0 0 0 0 0 0 0 0 0 0 0 0 0 0 0 0 0 0 0 0 0 0 0 0 0 0 0 0
##$SHL_EXPANDCF5= (0..143)
0 0 0 0 0 0 0 0 0 0 0 0 0 0 0 0 0 0 0 0 0 0 0 0 0 0 0 0 0 0 0 0 0 0 0 0
0 0 0 0 0 0 0 0 0 0 0 0 0 0 0 0 0 0 0 0 0 0 0 0 0 0 0 0 0 0 0 0 0 0 0 0
0 0 0 0 0 0 0 0 0 0 0 0 0 0 0 0 0 0 0 0 0 0 0 0 0 0 0 0 0 0 0 0 0 0 0 0
0 0 0 0 0 0 0 0 0 0 0 0 0 0 0 0 0 0 0 0 0 0 0 0 0 0 0 0 0 0 0 0 0 0 0 0
##$SHL_EXPANDCF6= (0..143)
0 0 0 0 0 0 0 0 0 0 0 0 0 0 0 0 0 0 0 0 0 0 0 0 0 0 0 0 0 0 0 0 0 0 0 0
0 0 0 0 0 0 0 0 0 0 0 0 0 0 0 0 0 0 0 0 0 0 0 0 0 0 0 0 0 0 0 0 0 0 0 0
0 0 0 0 0 0 0 0 0 0 0 0 0 0 0 0 0 0 0 0 0 0 0 0 0 0 0 0 0 0 0 0 0 0 0 0
0 0 0 0 0 0 0 0 0 0 0 0 0 0 0 0 0 0 0 0 0 0 0 0 0 0 0 0 0 0 0 0 0 0 0 0
##$SHL_EXPANDCF7= (0..143)
0 0 0 0 0 0 0 0 0 0 0 0 0 0 0 0 0 0 0 0 0 0 0 0 0 0 0 0 0 0 0 0 0 0 0 0
0 0 0 0 0 0 0 0 0 0 0 0 0 0 0 0 0 0 0 0 0 0 0 0 0 0 0 0 0 0 0 0 0 0 0 0
0 0 0 0 0 0 0 0 0 0 0 0 0 0 0 0 0 0 0 0 0 0 0 0 0 0 0 0 0 0 0 0 0 0 0 0
0 0 0 0 0 0 0 0 0 0 0 0 0 0 0 0 0 0 0 0 0 0 0 0 0 0 0 0 0 0 0 0 0 0 0 0
##$SHL_EXPANDCF8= (0..143)
0 0 0 0 0 0 0 0 0 0 0 0 0 0 0 0 0 0 0 0 0 0 0 0 0 0 0 0 0 0 0 0 0 0 0 0
0 0 0 0 0 0 0 0 0 0 0 0 0 0 0 0 0 0 0 0 0 0 0 0 0 0 0 0 0 0 0 0 0 0 0 0
0 0 0 0 0 0 0 0 0 0 0 0 0 0 0 0 0 0 0 0 0 0 0 0 0 0 0 0 0 0 0 0 0 0 0 0
0 0 0 0 0 0 0 0 0 0 0 0 0 0 0 0 0 0 0 0 0 0 0 0 0 0 0 0 0 0 0 0 0 0 0 0
##$SHL_EXPANDCF9= (0..143)
0 0 0 0 0 0 0 0 0 0 0 0 0 0 0 0 0 0 0 0 0 0 0 0 0 0 0 0 0 0 0 0 0 0 0 0
0 0 0 0 0 0 0 0 0 0 0 0 0 0 0 0 0 0 0 0 0 0 0 0 0 0 0 0 0 0 0 0 0 0 0 0
0 0 0 0 0 0 0 0 0 0 0 0 0 0 0 0 0 0 0 0 0 0 0 0 0 0 0 0 0 0 0 0 0 0 0 0
0 0 0 0 0 0 0 0 0 0 0 0 0 0 0 0 0 0 0 0 0 0 0 0 0 0 0 0 0 0 0 0 0 0 0 0
##$SHL_EXPFAC= (0..15)
0 0 0 0 0 0 0 0 0 0 0 0 0 0 0 0
##$SHL_FRACEND= (0..15)
0 0 0 0 0 0 0 0 0 0 0 0 0 0 0 0
##$SHL_FRACORG= (0..15)
0 0 0 0 0 0 0 0 0 0 0 0 0 0 0 0
##$SHL_FRACSTART= (0..15)
0 0 0 0 0 0 0 0 0 0 0 0 0 0 0 0
##$SHL_FULLHALF= (0..15)
0 0 0 0 0 0 0 0 0 0 0 0 0 0 0 0
##$SHL_FUNCAMP= (0..15)
0 0 0 0 0 0 0 0 0 0 0 0 0 0 0 0
##$SHL_FUNCTION= (0..15)
<User> <> <> <> <> <> <> <> <> <> <> <> <> <> <> <>
##$SHL_GCO= (0..15)
<> <> <> <> <> <> <> <> <> <> <> <> <> <> <> <>
##$SHL_GCOCOEFFS0= (0..59)
0 0 0 0 0 0 0 0 0 0 0 0 0 0 0 0 0 0 0 0 0 0 0 0 0 0 0 0 0 0 0 0 0 0 0 0
0 0 0 0 0 0 0 0 0 0 0 0 0 0 0 0 0 0 0 0 0 0 0 0
##$SHL_GCOCOEFFS1= (0..59)
0 0 0 0 0 0 0 0 0 0 0 0 0 0 0 0 0 0 0 0 0 0 0 0 0 0 0 0 0 0 0 0 0 0 0 0
0 0 0 0 0 0 0 0 0 0 0 0 0 0 0 0 0 0 0 0 0 0 0 0
##$SHL_GCOCOEFFS10= (0..59)
0 0 0 0 0 0 0 0 0 0 0 0 0 0 0 0 0 0 0 0 0 0 0 0 0 0 0 0 0 0 0 0 0 0 0 0
0 0 0 0 0 0 0 0 0 0 0 0 0 0 0 0 0 0 0 0 0 0 0 0
##$SHL_GCOCOEFFS11= (0..59)
0 0 0 0 0 0 0 0 0 0 0 0 0 0 0 0 0 0 0 0 0 0 0 0 0 0 0 0 0 0 0 0 0 0 0 0
0 0 0 0 0 0 0 0 0 0 0 0 0 0 0 0 0 0 0 0 0 0 0 0
##$SHL_GCOCOEFFS12= (0..59)
0 0 0 0 0 0 0 0 0 0 0 0 0 0 0 0 0 0 0 0 0 0 0 0 0 0 0 0 0 0 0 0 0 0 0 0
0 0 0 0 0 0 0 0 0 0 0 0 0 0 0 0 0 0 0 0 0 0 0 0
##$SHL_GCOCOEFFS13= (0..59)
0 0 0 0 0 0 0 0 0 0 0 0 0 0 0 0 0 0 0 0 0 0 0 0 0 0 0 0 0 0 0 0 0 0 0 0
0 0 0 0 0 0 0 0 0 0 0 0 0 0 0 0 0 0 0 0 0 0 0 0
##$SHL_GCOCOEFFS14= (0..59)
0 0 0 0 0 0 0 0 0 0 0 0 0 0 0 0 0 0 0 0 0 0 0 0 0 0 0 0 0 0 0 0 0 0 0 0
0 0 0 0 0 0 0 0 0 0 0 0 0 0 0 0 0 0 0 0 0 0 0 0
##$SHL_GCOCOEFFS15= (0..59)
0 0 0 0 0 0 0 0 0 0 0 0 0 0 0 0 0 0 0 0 0 0 0 0 0 0 0 0 0 0 0 0 0 0 0 0
0 0 0 0 0 0 0 0 0 0 0 0 0 0 0 0 0 0 0 0 0 0 0 0
##$SHL_GCOCOEFFS2= (0..59)
0 0 0 0 0 0 0 0 0 0 0 0 0 0 0 0 0 0 0 0 0 0 0 0 0 0 0 0 0 0 0 0 0 0 0 0
0 0 0 0 0 0 0 0 0 0 0 0 0 0 0 0 0 0 0 0 0 0 0 0
##$SHL_GCOCOEFFS3= (0..59)
0 0 0 0 0 0 0 0 0 0 0 0 0 0 0 0 0 0 0 0 0 0 0 0 0 0 0 0 0 0 0 0 0 0 0 0
0 0 0 0 0 0 0 0 0 0 0 0 0 0 0 0 0 0 0 0 0 0 0 0
##$SHL_GCOCOEFFS4= (0..59)
0 0 0 0 0 0 0 0 0 0 0 0 0 0 0 0 0 0 0 0 0 0 0 0 0 0 0 0 0 0 0 0 0 0 0 0
0 0 0 0 0 0 0 0 0 0 0 0 0 0 0 0 0 0 0 0 0 0 0 0
##$SHL_GCOCOEFFS5= (0..59)
0 0 0 0 0 0 0 0 0 0 0 0 0 0 0 0 0 0 0 0 0 0 0 0 0 0 0 0 0 0 0 0 0 0 0 0
0 0 0 0 0 0 0 0 0 0 0 0 0 0 0 0 0 0 0 0 0 0 0 0
##$SHL_GCOCOEFFS6= (0..59)
0 0 0 0 0 0 0 0 0 0 0 0 0 0 0 0 0 0 0 0 0 0 0 0 0 0 0 0 0 0 0 0 0 0 0 0
0 0 0 0 0 0 0 0 0 0 0 0 0 0 0 0 0 0 0 0 0 0 0 0
##$SHL_GCOCOEFFS7= (0..59)
0 0 0 0 0 0 0 0 0 0 0 0 0 0 0 0 0 0 0 0 0 0 0 0 0 0 0 0 0 0 0 0 0 0 0 0
0 0 0 0 0 0 0 0 0 0 0 0 0 0 0 0 0 0 0 0 0 0 0 0
##$SHL_GCOCOEFFS8= (0..59)
0 0 0 0 0 0 0 0 0 0 0 0 0 0 0 0 0 0 0 0 0 0 0 0 0 0 0 0 0 0 0 0 0 0 0 0
0 0 0 0 0 0 0 0 0 0 0 0 0 0 0 0 0 0 0 0 0 0 0 0
##$SHL_GCOCOEFFS9= (0..59)
0 0 0 0 0 0 0 0 0 0 0 0 0 0 0 0 0 0 0 0 0 0 0 0 0 0 0 0 0 0 0 0 0 0 0 0
0 0 0 0 0 0 0 0 0 0 0 0 0 0 0 0 0 0 0 0 0 0 0 0
##$SHL_INTEGFAC= (0..15)
0.58890005 0 0 0 0 0 0 0 0 0 0 0 0 0 0 0
##$SHL_LB= (0..15)
0 0 0 0 0 0 0 0 0 0 0 0 0 0 0 0
##$SHL_LEFTLIMIT= (0..15)
0 0 0 0 0 0 0 0 0 0 0 0 0 0 0 0
##$SHL_LENGTH= (0..15)
20000 0 0 0 0 0 0 0 0 0 0 0 0 0 0 0
##$SHL_MAN= (0..15)
<> <> <> <> <> <> <> <> <> <> <> <> <> <> <> <>
##$SHL_MEANAMP= (0..15)
0 0 0 0 0 0 0 0 0 0 0 0 0 0 0 0
##$SHL_MODAMP= (0..15)
0 0 0 0 0 0 0 0 0 0 0 0 0 0 0 0
##$SHL_MODE= (0..15)
0 0 0 0 0 0 0 0 0 0 0 0 0 0 0 0
##$SHL_MODFREQ= (0..15)
0 0 0 0 0 0 0 0 0 0 0 0 0 0 0 0
##$SHL_MODPHASE= (0..15)
0 0 0 0 0 0 0 0 0 0 0 0 0 0 0 0
##$SHL_MODSCALE= (0..15)
0 0 0 0 0 0 0 0 0 0 0 0 0 0 0 0
##$SHL_MODSW= (0..15)
0 0 0 0 0 0 0 0 0 0 0 0 0 0 0 0
##$SHL_MODSWDIR= (0..15)
-1 -1 -1 -1 -1 -1 -1 -1 -1 -1 -1 -1 -1 -1 -1 -1
##$SHL_MU= (0..15)
0 0 0 0 0 0 0 0 0 0 0 0 0 0 0 0
##$SHL_NPOINTS= (0..15)
1000 0 0 0 0 0 0 0 0 0 0 0 0 0 0 0
##$SHL_OFFS= (0..15)
<> <> <> <> <> <> <> <> <> <> <> <> <> <> <> <>
##$SHL_OFFSCOEFF0= (0..95)
0 0 0 0 0 0 0 0 0 0 0 0 0 0 0 0 0 0 0 0 0 0 0 0 0 0 0 0 0 0 0 0 0 0 0 0
0 0 0 0 0 0 0 0 0 0 0 0 0 0 0 0 0 0 0 0 0 0 0 0 0 0 0 0 0 0 0 0 0 0 0 0
0 0 0 0 0 0 0 0 0 0 0 0 0 0 0 0 0 0 0 0 0 0 0 0
##$SHL_OFFSCOEFF1= (0..95)
0 0 0 0 0 0 0 0 0 0 0 0 0 0 0 0 0 0 0 0 0 0 0 0 0 0 0 0 0 0 0 0 0 0 0 0
0 0 0 0 0 0 0 0 0 0 0 0 0 0 0 0 0 0 0 0 0 0 0 0 0 0 0 0 0 0 0 0 0 0 0 0
0 0 0 0 0 0 0 0 0 0 0 0 0 0 0 0 0 0 0 0 0 0 0 0
##$SHL_OFFSCOEFF10= (0..95)
0 0 0 0 0 0 0 0 0 0 0 0 0 0 0 0 0 0 0 0 0 0 0 0 0 0 0 0 0 0 0 0 0 0 0 0
0 0 0 0 0 0 0 0 0 0 0 0 0 0 0 0 0 0 0 0 0 0 0 0 0 0 0 0 0 0 0 0 0 0 0 0
0 0 0 0 0 0 0 0 0 0 0 0 0 0 0 0 0 0 0 0 0 0 0 0
##$SHL_OFFSCOEFF11= (0..95)
0 0 0 0 0 0 0 0 0 0 0 0 0 0 0 0 0 0 0 0 0 0 0 0 0 0 0 0 0 0 0 0 0 0 0 0
0 0 0 0 0 0 0 0 0 0 0 0 0 0 0 0 0 0 0 0 0 0 0 0 0 0 0 0 0 0 0 0 0 0 0 0
0 0 0 0 0 0 0 0 0 0 0 0 0 0 0 0 0 0 0 0 0 0 0 0
##$SHL_OFFSCOEFF12= (0..95)
0 0 0 0 0 0 0 0 0 0 0 0 0 0 0 0 0 0 0 0 0 0 0 0 0 0 0 0 0 0 0 0 0 0 0 0
0 0 0 0 0 0 0 0 0 0 0 0 0 0 0 0 0 0 0 0 0 0 0 0 0 0 0 0 0 0 0 0 0 0 0 0
0 0 0 0 0 0 0 0 0 0 0 0 0 0 0 0 0 0 0 0 0 0 0 0
##$SHL_OFFSCOEFF13= (0..95)
0 0 0 0 0 0 0 0 0 0 0 0 0 0 0 0 0 0 0 0 0 0 0 0 0 0 0 0 0 0 0 0 0 0 0 0
0 0 0 0 0 0 0 0 0 0 0 0 0 0 0 0 0 0 0 0 0 0 0 0 0 0 0 0 0 0 0 0 0 0 0 0
0 0 0 0 0 0 0 0 0 0 0 0 0 0 0 0 0 0 0 0 0 0 0 0
##$SHL_OFFSCOEFF14= (0..95)
0 0 0 0 0 0 0 0 0 0 0 0 0 0 0 0 0 0 0 0 0 0 0 0 0 0 0 0 0 0 0 0 0 0 0 0
0 0 0 0 0 0 0 0 0 0 0 0 0 0 0 0 0 0 0 0 0 0 0 0 0 0 0 0 0 0 0 0 0 0 0 0
0 0 0 0 0 0 0 0 0 0 0 0 0 0 0 0 0 0 0 0 0 0 0 0
##$SHL_OFFSCOEFF15= (0..95)
0 0 0 0 0 0 0 0 0 0 0 0 0 0 0 0 0 0 0 0 0 0 0 0 0 0 0 0 0 0 0 0 0 0 0 0
0 0 0 0 0 0 0 0 0 0 0 0 0 0 0 0 0 0 0 0 0 0 0 0 0 0 0 0 0 0 0 0 0 0 0 0
0 0 0 0 0 0 0 0 0 0 0 0 0 0 0 0 0 0 0 0 0 0 0 0
##$SHL_OFFSCOEFF2= (0..95)
0 0 0 0 0 0 0 0 0 0 0 0 0 0 0 0 0 0 0 0 0 0 0 0 0 0 0 0 0 0 0 0 0 0 0 0
0 0 0 0 0 0 0 0 0 0 0 0 0 0 0 0 0 0 0 0 0 0 0 0 0 0 0 0 0 0 0 0 0 0 0 0
0 0 0 0 0 0 0 0 0 0 0 0 0 0 0 0 0 0 0 0 0 0 0 0
##$SHL_OFFSCOEFF3= (0..95)
0 0 0 0 0 0 0 0 0 0 0 0 0 0 0 0 0 0 0 0 0 0 0 0 0 0 0 0 0 0 0 0 0 0 0 0
0 0 0 0 0 0 0 0 0 0 0 0 0 0 0 0 0 0 0 0 0 0 0 0 0 0 0 0 0 0 0 0 0 0 0 0
0 0 0 0 0 0 0 0 0 0 0 0 0 0 0 0 0 0 0 0 0 0 0 0
##$SHL_OFFSCOEFF4= (0..95)
0 0 0 0 0 0 0 0 0 0 0 0 0 0 0 0 0 0 0 0 0 0 0 0 0 0 0 0 0 0 0 0 0 0 0 0
0 0 0 0 0 0 0 0 0 0 0 0 0 0 0 0 0 0 0 0 0 0 0 0 0 0 0 0 0 0 0 0 0 0 0 0
0 0 0 0 0 0 0 0 0 0 0 0 0 0 0 0 0 0 0 0 0 0 0 0
##$SHL_OFFSCOEFF5= (0..95)
0 0 0 0 0 0 0 0 0 0 0 0 0 0 0 0 0 0 0 0 0 0 0 0 0 0 0 0 0 0 0 0 0 0 0 0
0 0 0 0 0 0 0 0 0 0 0 0 0 0 0 0 0 0 0 0 0 0 0 0 0 0 0 0 0 0 0 0 0 0 0 0
0 0 0 0 0 0 0 0 0 0 0 0 0 0 0 0 0 0 0 0 0 0 0 0
##$SHL_OFFSCOEFF6= (0..95)
0 0 0 0 0 0 0 0 0 0 0 0 0 0 0 0 0 0 0 0 0 0 0 0 0 0 0 0 0 0 0 0 0 0 0 0
0 0 0 0 0 0 0 0 0 0 0 0 0 0 0 0 0 0 0 0 0 0 0 0 0 0 0 0 0 0 0 0 0 0 0 0
0 0 0 0 0 0 0 0 0 0 0 0 0 0 0 0 0 0 0 0 0 0 0 0
##$SHL_OFFSCOEFF7= (0..95)
0 0 0 0 0 0 0 0 0 0 0 0 0 0 0 0 0 0 0 0 0 0 0 0 0 0 0 0 0 0 0 0 0 0 0 0
0 0 0 0 0 0 0 0 0 0 0 0 0 0 0 0 0 0 0 0 0 0 0 0 0 0 0 0 0 0 0 0 0 0 0 0
0 0 0 0 0 0 0 0 0 0 0 0 0 0 0 0 0 0 0 0 0 0 0 0
##$SHL_OFFSCOEFF8= (0..95)
0 0 0 0 0 0 0 0 0 0 0 0 0 0 0 0 0 0 0 0 0 0 0 0 0 0 0 0 0 0 0 0 0 0 0 0
0 0 0 0 0 0 0 0 0 0 0 0 0 0 0 0 0 0 0 0 0 0 0 0 0 0 0 0 0 0 0 0 0 0 0 0
0 0 0 0 0 0 0 0 0 0 0 0 0 0 0 0 0 0 0 0 0 0 0 0
##$SHL_OFFSCOEFF9= (0..95)
0 0 0 0 0 0 0 0 0 0 0 0 0 0 0 0 0 0 0 0 0 0 0 0 0 0 0 0 0 0 0 0 0 0 0 0
0 0 0 0 0 0 0 0 0 0 0 0 0 0 0 0 0 0 0 0 0 0 0 0 0 0 0 0 0 0 0 0 0 0 0 0
0 0 0 0 0 0 0 0 0 0 0 0 0 0 0 0 0 0 0 0 0 0 0 0
##$SHL_PHASE= (0..15)
0 0 0 0 0 0 0 0 0 0 0 0 0 0 0 0
##$SHL_PHASEFAC= (0..15)
0 0 0 0 0 0 0 0 0 0 0 0 0 0 0 0
##$SHL_POWERINDEX= (0..15)
0 0 0 0 0 0 0 0 0 0 0 0 0 0 0 0
##$SHL_QUADCOEFF= (0..15)
0 0 0 0 0 0 0 0 0 0 0 0 0 0 0 0
##$SHL_RIGHTLIMIT= (0..15)
0 0 0 0 0 0 0 0 0 0 0 0 0 0 0 0
##$SHL_SCALEFACTOR= (0..15)
1 1 1 1 1 1 1 1 1 1 1 1 1 1 1 1
##$SHL_SF= (0..15)
<> <> <> <> <> <> <> <> <> <> <> <> <> <> <> <>
##$SHL_SFCOEFFS0= (0..200)
0 0 0 0 0 0 0 0 0 0 0 0 0 0 0 0 0 0 0 0 0 0 0 0 0 0 0 0 0 0 0 0 0 0 0 0
0 0 0 0 0 0 0 0 0 0 0 0 0 0 0 0 0 0 0 0 0 0 0 0 0 0 0 0 0 0 0 0 0 0 0 0
0 0 0 0 0 0 0 0 0 0 0 0 0 0 0 0 0 0 0 0 0 0 0 0 0 0 0 0 0 0 0 0 0 0 0 0
0 0 0 0 0 0 0 0 0 0 0 0 0 0 0 0 0 0 0 0 0 0 0 0 0 0 0 0 0 0 0 0 0 0 0 0
0 0 0 0 0 0 0 0 0 0 0 0 0 0 0 0 0 0 0 0 0 0 0 0 0 0 0 0 0 0 0 0 0 0 0 0
0 0 0 0 0 0 0 0 0 0 0 0 0 0 0 0 0 0 0 0 0
##$SHL_SFCOEFFS1= (0..200)
0 0 0 0 0 0 0 0 0 0 0 0 0 0 0 0 0 0 0 0 0 0 0 0 0 0 0 0 0 0 0 0 0 0 0 0
0 0 0 0 0 0 0 0 0 0 0 0 0 0 0 0 0 0 0 0 0 0 0 0 0 0 0 0 0 0 0 0 0 0 0 0
0 0 0 0 0 0 0 0 0 0 0 0 0 0 0 0 0 0 0 0 0 0 0 0 0 0 0 0 0 0 0 0 0 0 0 0
0 0 0 0 0 0 0 0 0 0 0 0 0 0 0 0 0 0 0 0 0 0 0 0 0 0 0 0 0 0 0 0 0 0 0 0
0 0 0 0 0 0 0 0 0 0 0 0 0 0 0 0 0 0 0 0 0 0 0 0 0 0 0 0 0 0 0 0 0 0 0 0
0 0 0 0 0 0 0 0 0 0 0 0 0 0 0 0 0 0 0 0 0
##$SHL_SFCOEFFS10= (0..200)
0 0 0 0 0 0 0 0 0 0 0 0 0 0 0 0 0 0 0 0 0 0 0 0 0 0 0 0 0 0 0 0 0 0 0 0
0 0 0 0 0 0 0 0 0 0 0 0 0 0 0 0 0 0 0 0 0 0 0 0 0 0 0 0 0 0 0 0 0 0 0 0
0 0 0 0 0 0 0 0 0 0 0 0 0 0 0 0 0 0 0 0 0 0 0 0 0 0 0 0 0 0 0 0 0 0 0 0
0 0 0 0 0 0 0 0 0 0 0 0 0 0 0 0 0 0 0 0 0 0 0 0 0 0 0 0 0 0 0 0 0 0 0 0
0 0 0 0 0 0 0 0 0 0 0 0 0 0 0 0 0 0 0 0 0 0 0 0 0 0 0 0 0 0 0 0 0 0 0 0
0 0 0 0 0 0 0 0 0 0 0 0 0 0 0 0 0 0 0 0 0
##$SHL_SFCOEFFS11= (0..200)
0 0 0 0 0 0 0 0 0 0 0 0 0 0 0 0 0 0 0 0 0 0 0 0 0 0 0 0 0 0 0 0 0 0 0 0
0 0 0 0 0 0 0 0 0 0 0 0 0 0 0 0 0 0 0 0 0 0 0 0 0 0 0 0 0 0 0 0 0 0 0 0
0 0 0 0 0 0 0 0 0 0 0 0 0 0 0 0 0 0 0 0 0 0 0 0 0 0 0 0 0 0 0 0 0 0 0 0
0 0 0 0 0 0 0 0 0 0 0 0 0 0 0 0 0 0 0 0 0 0 0 0 0 0 0 0 0 0 0 0 0 0 0 0
0 0 0 0 0 0 0 0 0 0 0 0 0 0 0 0 0 0 0 0 0 0 0 0 0 0 0 0 0 0 0 0 0 0 0 0
0 0 0 0 0 0 0 0 0 0 0 0 0 0 0 0 0 0 0 0 0
##$SHL_SFCOEFFS12= (0..200)
0 0 0 0 0 0 0 0 0 0 0 0 0 0 0 0 0 0 0 0 0 0 0 0 0 0 0 0 0 0 0 0 0 0 0 0
0 0 0 0 0 0 0 0 0 0 0 0 0 0 0 0 0 0 0 0 0 0 0 0 0 0 0 0 0 0 0 0 0 0 0 0
0 0 0 0 0 0 0 0 0 0 0 0 0 0 0 0 0 0 0 0 0 0 0 0 0 0 0 0 0 0 0 0 0 0 0 0
0 0 0 0 0 0 0 0 0 0 0 0 0 0 0 0 0 0 0 0 0 0 0 0 0 0 0 0 0 0 0 0 0 0 0 0
0 0 0 0 0 0 0 0 0 0 0 0 0 0 0 0 0 0 0 0 0 0 0 0 0 0 0 0 0 0 0 0 0 0 0 0
0 0 0 0 0 0 0 0 0 0 0 0 0 0 0 0 0 0 0 0 0
##$SHL_SFCOEFFS13= (0..200)
0 0 0 0 0 0 0 0 0 0 0 0 0 0 0 0 0 0 0 0 0 0 0 0 0 0 0 0 0 0 0 0 0 0 0 0
0 0 0 0 0 0 0 0 0 0 0 0 0 0 0 0 0 0 0 0 0 0 0 0 0 0 0 0 0 0 0 0 0 0 0 0
0 0 0 0 0 0 0 0 0 0 0 0 0 0 0 0 0 0 0 0 0 0 0 0 0 0 0 0 0 0 0 0 0 0 0 0
0 0 0 0 0 0 0 0 0 0 0 0 0 0 0 0 0 0 0 0 0 0 0 0 0 0 0 0 0 0 0 0 0 0 0 0
0 0 0 0 0 0 0 0 0 0 0 0 0 0 0 0 0 0 0 0 0 0 0 0 0 0 0 0 0 0 0 0 0 0 0 0
0 0 0 0 0 0 0 0 0 0 0 0 0 0 0 0 0 0 0 0 0
##$SHL_SFCOEFFS14= (0..200)
0 0 0 0 0 0 0 0 0 0 0 0 0 0 0 0 0 0 0 0 0 0 0 0 0 0 0 0 0 0 0 0 0 0 0 0
0 0 0 0 0 0 0 0 0 0 0 0 0 0 0 0 0 0 0 0 0 0 0 0 0 0 0 0 0 0 0 0 0 0 0 0
0 0 0 0 0 0 0 0 0 0 0 0 0 0 0 0 0 0 0 0 0 0 0 0 0 0 0 0 0 0 0 0 0 0 0 0
0 0 0 0 0 0 0 0 0 0 0 0 0 0 0 0 0 0 0 0 0 0 0 0 0 0 0 0 0 0 0 0 0 0 0 0
0 0 0 0 0 0 0 0 0 0 0 0 0 0 0 0 0 0 0 0 0 0 0 0 0 0 0 0 0 0 0 0 0 0 0 0
0 0 0 0 0 0 0 0 0 0 0 0 0 0 0 0 0 0 0 0 0
##$SHL_SFCOEFFS15= (0..200)
0 0 0 0 0 0 0 0 0 0 0 0 0 0 0 0 0 0 0 0 0 0 0 0 0 0 0 0 0 0 0 0 0 0 0 0
0 0 0 0 0 0 0 0 0 0 0 0 0 0 0 0 0 0 0 0 0 0 0 0 0 0 0 0 0 0 0 0 0 0 0 0
0 0 0 0 0 0 0 0 0 0 0 0 0 0 0 0 0 0 0 0 0 0 0 0 0 0 0 0 0 0 0 0 0 0 0 0
0 0 0 0 0 0 0 0 0 0 0 0 0 0 0 0 0 0 0 0 0 0 0 0 0 0 0 0 0 0 0 0 0 0 0 0
0 0 0 0 0 0 0 0 0 0 0 0 0 0 0 0 0 0 0 0 0 0 0 0 0 0 0 0 0 0 0 0 0 0 0 0
0 0 0 0 0 0 0 0 0 0 0 0 0 0 0 0 0 0 0 0 0
##$SHL_SFCOEFFS2= (0..200)
0 0 0 0 0 0 0 0 0 0 0 0 0 0 0 0 0 0 0 0 0 0 0 0 0 0 0 0 0 0 0 0 0 0 0 0
0 0 0 0 0 0 0 0 0 0 0 0 0 0 0 0 0 0 0 0 0 0 0 0 0 0 0 0 0 0 0 0 0 0 0 0
0 0 0 0 0 0 0 0 0 0 0 0 0 0 0 0 0 0 0 0 0 0 0 0 0 0 0 0 0 0 0 0 0 0 0 0
0 0 0 0 0 0 0 0 0 0 0 0 0 0 0 0 0 0 0 0 0 0 0 0 0 0 0 0 0 0 0 0 0 0 0 0
0 0 0 0 0 0 0 0 0 0 0 0 0 0 0 0 0 0 0 0 0 0 0 0 0 0 0 0 0 0 0 0 0 0 0 0
0 0 0 0 0 0 0 0 0 0 0 0 0 0 0 0 0 0 0 0 0
##$SHL_SFCOEFFS3= (0..200)
0 0 0 0 0 0 0 0 0 0 0 0 0 0 0 0 0 0 0 0 0 0 0 0 0 0 0 0 0 0 0 0 0 0 0 0
0 0 0 0 0 0 0 0 0 0 0 0 0 0 0 0 0 0 0 0 0 0 0 0 0 0 0 0 0 0 0 0 0 0 0 0
0 0 0 0 0 0 0 0 0 0 0 0 0 0 0 0 0 0 0 0 0 0 0 0 0 0 0 0 0 0 0 0 0 0 0 0
0 0 0 0 0 0 0 0 0 0 0 0 0 0 0 0 0 0 0 0 0 0 0 0 0 0 0 0 0 0 0 0 0 0 0 0
0 0 0 0 0 0 0 0 0 0 0 0 0 0 0 0 0 0 0 0 0 0 0 0 0 0 0 0 0 0 0 0 0 0 0 0
0 0 0 0 0 0 0 0 0 0 0 0 0 0 0 0 0 0 0 0 0
##$SHL_SFCOEFFS4= (0..200)
0 0 0 0 0 0 0 0 0 0 0 0 0 0 0 0 0 0 0 0 0 0 0 0 0 0 0 0 0 0 0 0 0 0 0 0
0 0 0 0 0 0 0 0 0 0 0 0 0 0 0 0 0 0 0 0 0 0 0 0 0 0 0 0 0 0 0 0 0 0 0 0
0 0 0 0 0 0 0 0 0 0 0 0 0 0 0 0 0 0 0 0 0 0 0 0 0 0 0 0 0 0 0 0 0 0 0 0
0 0 0 0 0 0 0 0 0 0 0 0 0 0 0 0 0 0 0 0 0 0 0 0 0 0 0 0 0 0 0 0 0 0 0 0
0 0 0 0 0 0 0 0 0 0 0 0 0 0 0 0 0 0 0 0 0 0 0 0 0 0 0 0 0 0 0 0 0 0 0 0
0 0 0 0 0 0 0 0 0 0 0 0 0 0 0 0 0 0 0 0 0
##$SHL_SFCOEFFS5= (0..200)
0 0 0 0 0 0 0 0 0 0 0 0 0 0 0 0 0 0 0 0 0 0 0 0 0 0 0 0 0 0 0 0 0 0 0 0
0 0 0 0 0 0 0 0 0 0 0 0 0 0 0 0 0 0 0 0 0 0 0 0 0 0 0 0 0 0 0 0 0 0 0 0
0 0 0 0 0 0 0 0 0 0 0 0 0 0 0 0 0 0 0 0 0 0 0 0 0 0 0 0 0 0 0 0 0 0 0 0
0 0 0 0 0 0 0 0 0 0 0 0 0 0 0 0 0 0 0 0 0 0 0 0 0 0 0 0 0 0 0 0 0 0 0 0
0 0 0 0 0 0 0 0 0 0 0 0 0 0 0 0 0 0 0 0 0 0 0 0 0 0 0 0 0 0 0 0 0 0 0 0
0 0 0 0 0 0 0 0 0 0 0 0 0 0 0 0 0 0 0 0 0
##$SHL_SFCOEFFS6= (0..200)
0 0 0 0 0 0 0 0 0 0 0 0 0 0 0 0 0 0 0 0 0 0 0 0 0 0 0 0 0 0 0 0 0 0 0 0
0 0 0 0 0 0 0 0 0 0 0 0 0 0 0 0 0 0 0 0 0 0 0 0 0 0 0 0 0 0 0 0 0 0 0 0
0 0 0 0 0 0 0 0 0 0 0 0 0 0 0 0 0 0 0 0 0 0 0 0 0 0 0 0 0 0 0 0 0 0 0 0
0 0 0 0 0 0 0 0 0 0 0 0 0 0 0 0 0 0 0 0 0 0 0 0 0 0 0 0 0 0 0 0 0 0 0 0
0 0 0 0 0 0 0 0 0 0 0 0 0 0 0 0 0 0 0 0 0 0 0 0 0 0 0 0 0 0 0 0 0 0 0 0
0 0 0 0 0 0 0 0 0 0 0 0 0 0 0 0 0 0 0 0 0
##$SHL_SFCOEFFS7= (0..200)
0 0 0 0 0 0 0 0 0 0 0 0 0 0 0 0 0 0 0 0 0 0 0 0 0 0 0 0 0 0 0 0 0 0 0 0
0 0 0 0 0 0 0 0 0 0 0 0 0 0 0 0 0 0 0 0 0 0 0 0 0 0 0 0 0 0 0 0 0 0 0 0
0 0 0 0 0 0 0 0 0 0 0 0 0 0 0 0 0 0 0 0 0 0 0 0 0 0 0 0 0 0 0 0 0 0 0 0
0 0 0 0 0 0 0 0 0 0 0 0 0 0 0 0 0 0 0 0 0 0 0 0 0 0 0 0 0 0 0 0 0 0 0 0
0 0 0 0 0 0 0 0 0 0 0 0 0 0 0 0 0 0 0 0 0 0 0 0 0 0 0 0 0 0 0 0 0 0 0 0
0 0 0 0 0 0 0 0 0 0 0 0 0 0 0 0 0 0 0 0 0
##$SHL_SFCOEFFS8= (0..200)
0 0 0 0 0 0 0 0 0 0 0 0 0 0 0 0 0 0 0 0 0 0 0 0 0 0 0 0 0 0 0 0 0 0 0 0
0 0 0 0 0 0 0 0 0 0 0 0 0 0 0 0 0 0 0 0 0 0 0 0 0 0 0 0 0 0 0 0 0 0 0 0
0 0 0 0 0 0 0 0 0 0 0 0 0 0 0 0 0 0 0 0 0 0 0 0 0 0 0 0 0 0 0 0 0 0 0 0
0 0 0 0 0 0 0 0 0 0 0 0 0 0 0 0 0 0 0 0 0 0 0 0 0 0 0 0 0 0 0 0 0 0 0 0
0 0 0 0 0 0 0 0 0 0 0 0 0 0 0 0 0 0 0 0 0 0 0 0 0 0 0 0 0 0 0 0 0 0 0 0
0 0 0 0 0 0 0 0 0 0 0 0 0 0 0 0 0 0 0 0 0
##$SHL_SFCOEFFS9= (0..200)
0 0 0 0 0 0 0 0 0 0 0 0 0 0 0 0 0 0 0 0 0 0 0 0 0 0 0 0 0 0 0 0 0 0 0 0
0 0 0 0 0 0 0 0 0 0 0 0 0 0 0 0 0 0 0 0 0 0 0 0 0 0 0 0 0 0 0 0 0 0 0 0
0 0 0 0 0 0 0 0 0 0 0 0 0 0 0 0 0 0 0 0 0 0 0 0 0 0 0 0 0 0 0 0 0 0 0 0
0 0 0 0 0 0 0 0 0 0 0 0 0 0 0 0 0 0 0 0 0 0 0 0 0 0 0 0 0 0 0 0 0 0 0 0
0 0 0 0 0 0 0 0 0 0 0 0 0 0 0 0 0 0 0 0 0 0 0 0 0 0 0 0 0 0 0 0 0 0 0 0
0 0 0 0 0 0 0 0 0 0 0 0 0 0 0 0 0 0 0 0 0
##$SHL_SMOOTHED= (0..15)
0 0 0 0 0 0 0 0 0 0 0 0 0 0 0 0
##$SHL_SMOOTHING= (0..15)
0 0 0 0 0 0 0 0 0 0 0 0 0 0 0 0
##$SHL_SPOAL= (0..15)
0 0 0 0 0 0 0 0 0 0 0 0 0 0 0 0
##$SHL_SPOFFS= (0..15)
0 0 0 0 0 0 0 0 0 0 0 0 0 0 0 0
##$SHL_SPOPH= (0..15)
0 0 0 0 0 0 0 0 0 0 0 0 0 0 0 0
##$SHL_STARTAMP= (0..15)
0 0 0 0 0 0 0 0 0 0 0 0 0 0 0 0
##$SHL_SW= (0..15)
0 0 0 0 0 0 0 0 0 0 0 0 0 0 0 0
##$SHL_SWDIR= (0..15)
-1 -1 -1 -1 -1 -1 -1 -1 -1 -1 -1 -1 -1 -1 -1 -1
##$SHL_TANKAPPA= (0..15)
0 0 0 0 0 0 0 0 0 0 0 0 0 0 0 0
##$SHL_TOTROT= (0..15)
90 0 0 0 0 0 0 0 0 0 0 0 0 0 0 0
##$SHL_TRUNCLEV= (0..15)
0 0 0 0 0 0 0 0 0 0 0 0 0 0 0 0
##$SHL_TYPE= (0..15)
<Excitation> <> <> <> <> <> <> <> <> <> <> <> <> <> <> <>
##$SHL_WINDOWSIZE= (0..15)
0 0 0 0 0 0 0 0 0 0 0 0 0 0 0 0
##$SHL_ZETA= (0..15)
0 0 0 0 0 0 0 0 0 0 0 0 0 0 0 0
##NPOINTS= 1000
##XYPOINTS= (XY..XY)
0.000000, 0.190800
0.200590, 0.572400
0.401944, 0.954000
0.604030, 1.335600
0.806818, 1.717200
1.010278, 2.098800
1.214378, 2.480400
1.419089, 2.862000
1.624378, 3.243600
1.830213, 3.625200
2.036564, 4.006800
2.243399, 4.388400
2.450685, 4.770000
2.658390, 5.151600
2.866481, 5.533200
3.074927, 5.914800
3.283693, 6.296400
3.492748, 6.678000
3.702057, 7.059600
3.911588, 7.441200
4.121307, 7.822800
4.331179, 8.204400
4.541172, 8.586000
4.751251, 8.967600
4.961382, 9.349200
5.171531, 9.730800
5.381663, 10.112400
5.591742, 10.494000
5.801737, 10.875600
6.011609, 11.257200
6.221326, 11.638800
6.430852, 12.020400
6.640150, 12.402000
6.849187, 12.783600
7.057927, 13.165200
7.266334, 13.546800
7.474372, 13.928400
7.682005, 14.310000
7.889198, 14.691600
8.095914, 15.073200
8.302118, 15.454800
8.507774, 15.836400
8.712845, 16.218000
8.917295, 16.599600
9.121088, 16.981200
9.324187, 17.362800
9.526561, 17.744400
9.728158, 18.126000
9.928954, 18.507600
10.128914, 18.889200
10.327996, 19.270800
10.526169, 19.652400
10.723389, 20.034000
10.919626, 20.415600
11.114835, 20.797200
11.308985, 21.178800
11.502043, 21.560400
11.693967, 21.942000
11.884715, 22.323600
12.074264, 22.705200
12.262572, 23.086800
12.449588, 23.468400
12.635298, 23.850000
12.819651, 24.231600
13.002614, 24.613200
13.184155, 24.994800
13.364224, 25.376400
13.542806, 25.758000
13.719842, 26.139600
13.895309, 26.521200
14.069175, 26.902800
14.241390, 27.284400
14.411921, 27.666000
14.580746, 28.047600
14.747807, 28.429200
14.913089, 28.810800
15.076543, 29.192400
15.238138, 29.574000
15.397842, 29.955600
15.555606, 30.337200
15.711409, 30.718800
15.865209, 31.100400
16.016978, 31.482000
16.166665, 31.863600
16.314258, 32.245200
16.459701, 32.626800
16.602972, 33.008400
16.744032, 33.390000
16.882851, 33.771600
17.019383, 34.153200
17.153613, 34.534800
17.285488, 34.916400
17.414995, 35.298000
17.542079, 35.679600
17.666721, 36.061200
17.788882, 36.442800
17.908534, 36.824400
18.025632, 37.206000
18.140164, 37.587600
18.252079, 37.969200
18.361355, 38.350800
18.467957, 38.732400
18.571858, 39.114000
18.673023, 39.495600
18.771416, 39.877200
18.867011, 40.258800
18.959774, 40.640400
19.049685, 41.022000
19.136704, 41.403600
19.220803, 41.785200
19.301951, 42.166800
19.380122, 42.548400
19.455283, 42.930000
19.527416, 43.311600
19.596475, 43.693200
19.662443, 44.074800
19.725289, 44.456400
19.784988, 44.838000
19.841509, 45.219600
19.894830, 45.601200
19.944914, 45.982800
19.991744, 46.364400
20.035292, 46.746000
20.075534, 47.127600
20.112437, 47.509200
20.145977, 47.890800
20.176141, 48.272400
20.202888, 48.654000
20.226203, 49.035600
20.246060, 49.417200
20.262439, 49.798800
20.275313, 50.180400
20.284658, 50.562000
20.290453, 50.943600
20.292681, 51.325200
20.291311, 51.706800
20.286324, 52.088400
20.277703, 52.470000
20.265431, 52.851600
20.249472, 53.233200
20.229822, 53.614800
20.206454, 53.996400
20.179351, 54.378000
20.148491, 54.759600
20.113861, 55.141200
20.075438, 55.522800
20.033210, 55.904400
19.987157, 56.286000
19.937258, 56.667600
19.883502, 57.049200
19.825869, 57.430800
19.764348, 57.812400
19.698921, 58.194000
19.629576, 58.575600
19.556298, 58.957200
19.479069, 59.338800
19.397880, 59.720400
19.312715, 60.102000
19.223565, 60.483600
19.130421, 60.865200
19.033258, 61.246800
18.932080, 61.628400
18.826867, 62.010000
18.717612, 62.391600
18.604304, 62.773200
18.486936, 63.154800
18.365497, 63.536400
18.239976, 63.918000
18.110369, 64.299600
17.976670, 64.681200
17.838867, 65.062800
17.696954, 65.444400
17.550929, 65.826000
17.400783, 66.207600
17.246515, 66.589200
17.088114, 66.970800
16.925577, 67.352400
16.758904, 67.734000
16.588089, 68.115600
16.413129, 68.497200
16.234026, 68.878800
16.050771, 69.260400
15.863370, 69.642000
15.671815, 70.023600
15.476111, 70.405200
15.276257, 70.786800
15.072251, 71.168400
14.864097, 71.550000
14.651795, 71.931600
14.435347, 72.313200
14.214758, 72.694800
13.990029, 73.076400
13.761161, 73.458000
13.528164, 73.839600
13.291038, 74.221200
13.049791, 74.602800
12.804427, 74.984400
12.554950, 75.366000
12.301371, 75.747600
12.043695, 76.129200
11.781927, 76.510800
11.516079, 76.892400
11.246159, 77.274000
10.972173, 77.655600
10.694134, 78.037200
10.412051, 78.418800
10.125932, 78.800400
9.835793, 79.182000
9.541641, 79.563600
9.243492, 79.945200
8.941354, 80.326800
8.635243, 80.708400
8.325173, 81.090000
8.011156, 81.471600
7.693208, 81.853200
7.371344, 82.234800
7.045579, 82.616400
6.715929, 82.998000
6.382410, 83.379600
6.045041, 83.761200
5.703838, 84.142800
5.358820, 84.524400
5.010005, 84.906000
4.657410, 85.287600
4.301057, 85.669200
3.940966, 86.050800
3.577155, 86.432400
3.209648, 86.814000
2.838464, 87.195600
2.463626, 87.577200
2.085157, 87.958800
1.703078, 88.340400
1.317413, 88.722000
0.928187, 89.103600
0.535423, 89.485200
0.139146, 89.866800
0.260619, 270.248400
0.663846, 270.630000
1.070509, 271.011600
1.480582, 271.393200
1.894037, 271.774800
2.310847, 272.156400
2.730984, 272.538000
3.154420, 272.919600
3.581125, 273.301200
4.011072, 273.682800
4.444229, 274.064400
4.880566, 274.446000
5.320053, 274.827600
5.762660, 275.209200
6.208354, 275.590800
6.657103, 275.972400
7.108876, 276.354000
7.563640, 276.735600
8.021360, 277.117200
8.482004, 277.498800
8.945540, 277.880400
9.411929, 278.262000
9.881140, 278.643600
10.353136, 279.025200
10.827881, 279.406800
11.305340, 279.788400
11.785477, 280.170000
12.268253, 280.551600
12.753634, 280.933200
13.241581, 281.314800
13.732054, 281.696400
14.225016, 282.078000
14.720430, 282.459600
15.218256, 282.841200
15.718455, 283.222800
16.220985, 283.604400
16.725809, 283.986000
17.232883, 284.367600
17.742169, 284.749200
18.253625, 285.130800
18.767210, 285.512400
19.282881, 285.894000
19.800596, 286.275600
20.320312, 286.657200
20.841986, 287.038800
21.365579, 287.420400
21.891044, 287.802000
22.418337, 288.183600
22.947415, 288.565200
23.478233, 288.946800
24.010744, 289.328400
24.544908, 289.710000
25.080680, 290.091600
25.618007, 290.473200
26.156850, 290.854800
26.697160, 291.236400
27.238895, 291.618000
27.782004, 291.999600
28.326441, 292.381200
28.872159, 292.762800
29.419109, 293.144400
29.967250, 293.526000
30.516524, 293.907600
31.066893, 294.289200
31.618304, 294.670800
32.170705, 295.052400
32.724054, 295.434000
33.278300, 295.815600
33.833392, 296.197200
34.389283, 296.578800
34.945922, 296.960400
35.503260, 297.342000
36.061246, 297.723600
36.619832, 298.105200
37.178966, 298.486800
37.738600, 298.868400
38.298680, 299.250000
38.859159, 299.631600
39.419983, 300.013200
39.981103, 300.394800
40.542472, 300.776400
41.104030, 301.158000
41.665728, 301.539600
42.227517, 301.921200
42.789349, 302.302800
43.351163, 302.684400
43.912917, 303.066000
44.474549, 303.447600
45.036015, 303.829200
45.597262, 304.210800
46.158239, 304.592400
46.718885, 304.974000
47.279157, 305.355600
47.839005, 305.737200
48.398363, 306.118800
48.957191, 306.500400
49.515434, 306.882000
50.073031, 307.263600
50.629944, 307.645200
51.186111, 308.026800
51.741482, 308.408400
52.296002, 308.790000
52.849620, 309.171600
53.402280, 309.553200
53.953939, 309.934800
54.504534, 310.316400
55.054023, 310.698000
55.602342, 311.079600
56.149449, 311.461200
56.695280, 311.842800
57.239793, 312.224400
57.782932, 312.606000
58.324640, 312.987600
58.864875, 313.369200
59.403574, 313.750800
59.940694, 314.132400
60.476180, 314.514000
61.009975, 314.895600
61.542031, 315.277200
62.072299, 315.658800
62.600723, 316.040400
63.127253, 316.422000
63.651836, 316.803600
64.174421, 317.185200
64.694962, 317.566800
65.213402, 317.948400
65.729693, 318.330000
66.243788, 318.711600
66.755625, 319.093200
67.265162, 319.474800
67.772352, 319.856400
68.277135, 320.238000
68.779469, 320.619600
69.279300, 321.001200
69.776574, 321.382800
70.271253, 321.764400
70.763281, 322.146000
71.252614, 322.527600
71.739197, 322.909200
72.222985, 323.290800
72.703924, 323.672400
73.181969, 324.054000
73.657083, 324.435600
74.129197, 324.817200
74.598283, 325.198800
75.064289, 325.580400
75.527161, 325.962000
75.986856, 326.343600
76.443324, 326.725200
76.896527, 327.106800
77.346424, 327.488400
77.792947, 327.870000
78.236078, 328.251600
78.675750, 328.633200
79.111930, 329.014800
79.544567, 329.396400
79.973620, 329.778000
80.399048, 330.159600
80.820811, 330.541200
81.238860, 330.922800
81.653145, 331.304400
82.063635, 331.686000
82.470284, 332.067600
82.873050, 332.449200
83.271888, 332.830800
83.666767, 333.212400
84.057641, 333.594000
84.444471, 333.975600
84.827203, 334.357200
85.205818, 334.738800
85.580269, 335.120400
85.950522, 335.502000
86.316520, 335.883600
86.678248, 336.265200
87.035652, 336.646800
87.388707, 337.028400
87.737368, 337.410000
88.081603, 337.791600
88.421367, 338.173200
88.756638, 338.554800
89.087372, 338.936400
89.413539, 339.318000
89.735096, 339.699600
90.052022, 340.081200
90.364276, 340.462800
90.671827, 340.844400
90.974645, 341.226000
91.272690, 341.607600
91.565935, 341.989200
91.854348, 342.370800
92.137903, 342.752400
92.416561, 343.134000
92.690295, 343.515600
92.959087, 343.897200
93.222892, 344.278800
93.481692, 344.660400
93.735462, 345.042000
93.984157, 345.423600
94.227773, 345.805200
94.466264, 346.186800
94.699617, 346.568400
94.927809, 346.950000
95.150797, 347.331600
95.368578, 347.713200
95.581111, 348.094800
95.788384, 348.476400
95.990376, 348.858000
96.187046, 349.239600
96.378395, 349.621200
96.564393, 350.002800
96.745022, 350.384400
96.920252, 350.766000
97.090066, 351.147600
97.254456, 351.529200
97.413395, 351.910800
97.566868, 352.292400
97.714857, 352.674000
97.857338, 353.055600
97.994305, 353.437200
98.125735, 353.818800
98.251623, 354.200400
98.371936, 354.582000
98.486682, 354.963600
98.595827, 355.345200
98.699370, 355.726800
98.797301, 356.108400
98.889597, 356.490000
98.976250, 356.871600
99.057259, 357.253200
99.132595, 357.634800
99.202270, 358.016400
99.266266, 358.398000
99.324564, 358.779600
99.377170, 359.161200
99.424075, 359.542800
99.465263, 359.924400
99.500741, 0.306000
99.530492, 0.687600
99.554513, 1.069200
99.572800, 1.450800
99.585350, 1.832400
99.592170, 2.214000
99.593237, 2.595600
99.588562, 2.977200
99.578142, 3.358800
99.561977, 3.740400
99.540058, 4.122000
99.512394, 4.503600
99.478988, 4.885200
99.439831, 5.266800
99.394934, 5.648400
99.344293, 6.030000
99.287908, 6.411600
99.225796, 6.793200
99.157949, 7.174800
99.084373, 7.556400
99.005084, 7.938000
98.920078, 8.319600
98.829361, 8.701200
98.732941, 9.082800
98.630826, 9.464400
98.523033, 9.846000
98.409563, 10.227600
98.290423, 10.609200
98.165624, 10.990800
98.035177, 11.372400
97.899092, 11.754000
97.757381, 12.135600
97.610066, 12.517200
97.457150, 12.898800
97.298646, 13.280400
97.134567, 13.662000
96.964929, 14.043600
96.789754, 14.425200
96.609050, 14.806800
96.422831, 15.188400
96.231123, 15.570000
96.033934, 15.951600
95.831282, 16.333200
95.623193, 16.714800
95.409676, 17.096400
95.190760, 17.478000
94.966465, 17.859600
94.736800, 18.241200
94.501796, 18.622800
94.261473, 19.004400
94.015853, 19.386000
93.764949, 19.767600
93.508801, 20.149200
93.247424, 20.530800
92.980840, 20.912400
92.709074, 21.294000
92.432150, 21.675600
92.150102, 22.057200
91.862946, 22.438800
91.570718, 22.820400
91.273443, 23.202000
90.971139, 23.583600
90.663843, 23.965200
90.351592, 24.346800
90.034395, 24.728400
89.712300, 25.110000
89.385326, 25.491600
89.053502, 25.873200
88.716869, 26.254800
88.375457, 26.636400
88.029286, 27.018000
87.678408, 27.399600
87.322835, 27.781200
86.962617, 28.162800
86.597779, 28.544400
86.228363, 28.926000
85.854392, 29.307600
85.475910, 29.689200
85.092950, 30.070800
84.705549, 30.452400
84.313749, 30.834000
83.917578, 31.215600
83.517071, 31.597200
83.112273, 31.978800
82.703221, 32.360400
82.289961, 32.742000
81.872514, 33.123600
81.450933, 33.505200
81.025258, 33.886800
80.595518, 34.268400
80.161769, 34.650000
79.724035, 35.031600
79.282370, 35.413200
78.836816, 35.794800
78.387404, 36.176400
77.934192, 36.558000
77.477204, 36.939600
77.016498, 37.321200
76.552115, 37.702800
76.084091, 38.084400
75.612482, 38.466000
75.137325, 38.847600
74.658661, 39.229200
74.176542, 39.610800
73.691013, 39.992400
73.202115, 40.374000
72.709895, 40.755600
72.214403, 41.137200
71.715685, 41.518800
71.213787, 41.900400
70.708759, 42.282000
70.200642, 42.663600
69.689487, 43.045200
69.175342, 43.426800
68.658260, 43.808400
68.138279, 44.190000
67.615455, 44.571600
67.089835, 44.953200
66.561472, 45.334800
66.030407, 45.716400
65.496702, 46.098000
64.960392, 46.479600
64.421537, 46.861200
63.880187, 47.242800
63.336397, 47.624400
62.790202, 48.006000
62.241664, 48.387600
61.690834, 48.769200
61.137765, 49.150800
60.582502, 49.532400
60.025101, 49.914000
59.465611, 50.295600
58.904089, 50.677200
58.340578, 51.058800
57.775136, 51.440400
57.207818, 51.822000
56.638676, 52.203600
56.067759, 52.585200
55.495119, 52.966800
54.920813, 53.348400
54.344885, 53.730000
53.767405, 54.111600
53.188405, 54.493200
52.607956, 54.874800
52.026107, 55.256400
51.442905, 55.638000
50.858407, 56.019600
50.272665, 56.401200
49.685736, 56.782800
49.097676, 57.164400
48.508527, 57.546000
47.918357, 57.927600
47.327212, 58.309200
46.735144, 58.690800
46.142211, 59.072400
45.548463, 59.454000
44.953959, 59.835600
44.358750, 60.217200
43.762893, 60.598800
43.166435, 60.980400
42.569433, 61.362000
41.971943, 61.743600
41.374014, 62.125200
40.775705, 62.506800
40.177069, 62.888400
39.578154, 63.270000
38.979019, 63.651600
38.379717, 64.033200
37.780300, 64.414800
37.180822, 64.796400
36.581337, 65.178000
35.981895, 65.559600
35.382553, 65.941200
34.783360, 66.322800
34.184374, 66.704400
33.585644, 67.086000
32.987222, 67.467600
32.389163, 67.849200
31.791522, 68.230800
31.194345, 68.612400
30.597690, 68.994000
30.001605, 69.375600
29.406143, 69.757200
28.811358, 70.138800
28.217297, 70.520400
27.624016, 70.902000
27.031562, 71.283600
26.439991, 71.665200
25.849350, 72.046800
25.259694, 72.428400
24.671068, 72.810000
24.083526, 73.191600
23.497115, 73.573200
22.911888, 73.954800
22.327892, 74.336400
21.745182, 74.718000
21.163800, 75.099600
20.583800, 75.481200
20.005230, 75.862800
19.428135, 76.244400
18.852567, 76.626000
18.278575, 77.007600
17.706202, 77.389200
17.135500, 77.770800
16.566514, 78.152400
15.999294, 78.534000
15.433881, 78.915600
14.870327, 79.297200
14.308674, 79.678800
13.748970, 80.060400
13.191261, 80.442000
12.635592, 80.823600
12.082005, 81.205200
11.530548, 81.586800
10.981266, 81.968400
10.434200, 82.350000
9.889395, 82.731600
9.346894, 83.113200
8.806741, 83.494800
8.268978, 83.876400
7.733647, 84.258000
7.200790, 84.639600
6.670450, 85.021200
6.142666, 85.402800
5.617480, 85.784400
5.094933, 86.166000
4.575064, 86.547600
4.057915, 86.929200
3.543522, 87.310800
3.031927, 87.692400
2.523168, 88.074000
2.017282, 88.455600
1.514307, 88.837200
1.014282, 89.218800
0.517243, 89.600400
0.023227, 89.982000
0.467730, 270.363600
0.955592, 270.745200
1.440323, 271.126800
1.921890, 271.508400
2.400256, 271.890000
2.875388, 272.271600
3.347253, 272.653200
3.815816, 273.034800
4.281045, 273.416400
4.742908, 273.798000
5.201373, 274.179600
5.656407, 274.561200
6.107981, 274.942800
6.556063, 275.324400
7.000623, 275.706000
7.441632, 276.087600
7.879059, 276.469200
8.312877, 276.850800
8.743057, 277.232400
9.169571, 277.614000
9.592392, 277.995600
10.011492, 278.377200
10.426845, 278.758800
10.838426, 279.140400
11.246209, 279.522000
11.650170, 279.903600
12.050282, 280.285200
12.446521, 280.666800
12.838865, 281.048400
13.227292, 281.430000
13.611775, 281.811600
13.992297, 282.193200
14.368834, 282.574800
14.741364, 282.956400
15.109866, 283.338000
15.474323, 283.719600
15.834712, 284.101200
16.191018, 284.482800
16.543219, 284.864400
16.891297, 285.246000
17.235235, 285.627600
17.575017, 286.009200
17.910624, 286.390800
18.242040, 286.772400
18.569253, 287.154000
18.892245, 287.535600
19.211001, 287.917200
19.525508, 288.298800
19.835754, 288.680400
20.141723, 289.062000
20.443405, 289.443600
20.740785, 289.825200
21.033854, 290.206800
21.322599, 290.588400
21.607014, 290.970000
21.887083, 291.351600
22.162803, 291.733200
22.434157, 292.114800
22.701145, 292.496400
22.963751, 292.878000
23.221977, 293.259600
23.475806, 293.641200
23.725239, 294.022800
23.970269, 294.404400
24.210887, 294.786000
24.447092, 295.167600
24.678879, 295.549200
24.906244, 295.930800
25.129183, 296.312400
25.347694, 296.694000
25.561772, 297.075600
25.771418, 297.457200
25.976632, 297.838800
26.177411, 298.220400
26.373756, 298.602000
26.565670, 298.983600
26.753146, 299.365200
26.936192, 299.746800
27.114807, 300.128400
27.288996, 300.510000
27.458757, 300.891600
27.624097, 301.273200
27.785021, 301.654800
27.941526, 302.036400
28.093629, 302.418000
28.241321, 302.799600
28.384621, 303.181200
28.523528, 303.562800
28.658048, 303.944400
28.788194, 304.326000
28.913967, 304.707600
29.035380, 305.089200
29.152444, 305.470800
29.265157, 305.852400
29.373538, 306.234000
29.477601, 306.615600
29.577344, 306.997200
29.672783, 307.378800
29.763937, 307.760400
29.850809, 308.142000
29.933419, 308.523600
30.011770, 308.905200
30.085880, 309.286800
30.155769, 309.668400
30.221443, 310.050000
30.282918, 310.431600
30.340213, 310.813200
30.393338, 311.194800
30.442314, 311.576400
30.487159, 311.958000
30.527879, 312.339600
30.564508, 312.721200
30.597046, 313.102800
30.625528, 313.484400
30.649961, 313.866000
30.670368, 314.247600
30.686770, 314.629200
30.699183, 315.010800
30.707624, 315.392400
30.712123, 315.774000
30.712696, 316.155600
30.709369, 316.537200
30.702159, 316.918800
30.691084, 317.300400
30.676176, 317.682000
30.657455, 318.063600
30.634940, 318.445200
30.608657, 318.826800
30.578634, 319.208400
30.544891, 319.590000
30.507455, 319.971600
30.466348, 320.353200
30.421606, 320.734800
30.373235, 321.116400
30.321280, 321.498000
30.265763, 321.879600
30.206706, 322.261200
30.144141, 322.642800
30.078090, 323.024400
30.008584, 323.406000
29.935655, 323.787600
29.859327, 324.169200
29.779633, 324.550800
29.696596, 324.932400
29.610251, 325.314000
29.520621, 325.695600
29.427740, 326.077200
29.331643, 326.458800
29.232356, 326.840400
29.129912, 327.222000
29.024339, 327.603600
28.915671, 327.985200
28.803935, 328.366800
28.689176, 328.748400
28.571405, 329.130000
28.450673, 329.511600
28.327010, 329.893200
28.200444, 330.274800
28.071002, 330.656400
27.938731, 331.038000
27.803661, 331.419600
27.665818, 331.801200
27.525243, 332.182800
27.381973, 332.564400
27.236038, 332.946000
27.087477, 333.327600
26.936310, 333.709200
26.782595, 334.090800
26.626353, 334.472400
26.467616, 334.854000
26.306431, 335.235600
26.142829, 335.617200
25.976852, 335.998800
25.808521, 336.380400
25.637886, 336.762000
25.464978, 337.143600
25.289838, 337.525200
25.112499, 337.906800
24.933001, 338.288400
24.751367, 338.670000
24.567658, 339.051600
24.381896, 339.433200
24.194124, 339.814800
24.004374, 340.196400
23.812688, 340.578000
23.619099, 340.959600
23.423659, 341.341200
23.226391, 341.722800
23.027338, 342.104400
22.826533, 342.486000
22.624020, 342.867600
22.419840, 343.249200
22.214028, 343.630800
22.006625, 344.012400
21.797658, 344.394000
21.587187, 344.775600
21.375227, 345.157200
21.161832, 345.538800
20.947034, 345.920400
20.730878, 346.302000
20.513387, 346.683600
20.294625, 347.065200
20.074606, 347.446800
19.853393, 347.828400
19.631000, 348.210000
19.407482, 348.591600
19.182871, 348.973200
18.957212, 349.354800
18.730528, 349.736400
18.502884, 350.118000
18.274293, 350.499600
18.044808, 350.881200
17.814464, 351.262800
17.583305, 351.644400
17.351354, 352.026000
17.118665, 352.407600
16.885271, 352.789200
16.651206, 353.170800
16.416524, 353.552400
16.181238, 353.934000
15.945412, 354.315600
15.709069, 354.697200
15.472242, 355.078800
15.234985, 355.460400
14.997331, 355.842000
14.759303, 356.223600
14.520964, 356.605200
14.282327, 356.986800
14.043444, 357.368400
13.804349, 357.750000
13.565074, 358.131600
13.325672, 358.513200
13.086155, 358.894800
12.846575, 359.276400
12.606975, 359.658000
12.367377, 0.039600
12.127822, 0.421200
11.888353, 0.802800
11.649001, 1.184400
11.409797, 1.566000
11.170783, 1.947600
10.931991, 2.329200
10.693460, 2.710800
10.455223, 3.092400
10.217320, 3.474000
9.979781, 3.855600
9.742632, 4.237200
9.505919, 4.618800
9.269675, 5.000400
9.033930, 5.382000
8.798722, 5.763600
8.564082, 6.145200
8.330043, 6.526800
8.096640, 6.908400
7.863905, 7.290000
7.631870, 7.671600
7.400568, 8.053200
7.170032, 8.434800
6.940292, 8.816400
6.711382, 9.198000
6.483333, 9.579600
6.256174, 9.961200
6.029939, 10.342800
5.804658, 10.724400
5.580360, 11.106000
5.357077, 11.487600
5.134838, 11.869200
4.913672, 12.250800
4.693610, 12.632400
4.474680, 13.014000
4.256912, 13.395600
4.040334, 13.777200
3.824973, 14.158800
3.610857, 14.540400
3.398017, 14.922000
3.186477, 15.303600
2.976267, 15.685200
2.767410, 16.066800
2.559936, 16.448400
2.353870, 16.830000
2.149237, 17.211600
1.946063, 17.593200
1.744375, 17.974800
1.544196, 18.356400
1.345552, 18.738000
1.148465, 19.119600
0.952962, 19.501200
0.759064, 19.882800
0.566797, 20.264400
0.376182, 20.646000
0.187242, 21.027600
0.000000, 21.409200
##END=
##XYPOINTS= (XY..XY)
0.000000, 0.000000
0.200600, 0.000000
0.401999, 0.000000
0.604194, 0.000000
0.807180, 0.000000
1.010956, 0.000000
1.215517, 0.000000
1.420861, 0.000000
1.626984, 0.000000
1.833883, 0.000000
2.041554, 0.000000
2.249995, 0.000000
2.459202, 0.000000
2.669172, 0.000000
2.879900, 0.000000
3.091385, 0.000000
3.303621, 0.000000
3.516607, 0.000000
3.730337, 0.000000
3.944810, 0.000000
4.160021, 0.000000
4.375966, 0.000000
4.592642, 0.000000
4.810046, 0.000000
5.028173, 0.000000
5.247021, 0.000000
5.466585, 0.000000
5.686861, 0.000000
5.907847, 0.000000
6.129537, 0.000000
6.351929, 0.000000
6.575019, 0.000000
6.798802, 0.000000
7.023275, 0.000000
7.248435, 0.000000
7.474276, 0.000000
7.700796, 0.000000
7.927990, 0.000000
8.155854, 0.000000
8.384384, 0.000000
8.613577, 0.000000
8.843428, 0.000000
9.073933, 0.000000
9.305089, 0.000000
9.536890, 0.000000
9.769334, 0.000000
10.002420, 0.000000
10.236130, 0.000000
10.470470, 0.000000
10.705440, 0.000000
10.941030, 0.000000
11.177240, 0.000000
11.414060, 0.000000
11.651490, 0.000000
11.889520, 0.000000
12.128150, 0.000000
12.367380, 0.000000
12.607200, 0.000000
12.847600, 0.000000
13.088590, 0.000000
13.330160, 0.000000
13.572290, 0.000000
13.815000, 0.000000
14.058270, 0.000000
14.302100, 0.000000
14.546490, 0.000000
14.791420, 0.000000
15.036910, 0.000000
15.282930, 0.000000
15.529490, 0.000000
15.776590, 0.000000
16.024210, 0.000000
16.272350, 0.000000
16.521020, 0.000000
16.770190, 0.000000
17.019880, 0.000000
17.270070, 0.000000
17.520760, 0.000000
17.771950, 0.000000
18.023620, 0.000000
18.275780, 0.000000
18.528420, 0.000000
18.781540, 0.000000
19.035120, 0.000000
19.289180, 0.000000
19.543690, 0.000000
19.798660, 0.000000
20.054080, 0.000000
20.309950, 0.000000
20.566250, 0.000000
20.823000, 0.000000
21.080170, 0.000000
21.337780, 0.000000
21.595800, 0.000000
21.854240, 0.000000
22.113090, 0.000000
22.372350, 0.000000
22.632000, 0.000000
22.892060, 0.000000
23.152500, 0.000000
23.413330, 0.000000
23.674540, 0.000000
23.936130, 0.000000
24.198090, 0.000000
24.460410, 0.000000
24.723090, 0.000000
24.986120, 0.000000
25.249510, 0.000000
25.513240, 0.000000
25.777310, 0.000000
26.041710, 0.000000
26.306440, 0.000000
26.571490, 0.000000
26.836870, 0.000000
27.102550, 0.000000
27.368540, 0.000000
27.634830, 0.000000
27.901420, 0.000000
28.168300, 0.000000
28.435470, 0.000000
28.702910, 0.000000
28.970630, 0.000000
29.238620, 0.000000
29.506880, 0.000000
29.775390, 0.000000
30.044150, 0.000000
30.313170, 0.000000
30.582420, 0.000000
30.851910, 0.000000
31.121630, 0.000000
31.391580, 0.000000
31.661750, 0.000000
31.932130, 0.000000
32.202720, 0.000000
32.473520, 0.000000
32.744510, 0.000000
33.015690, 0.000000
33.287060, 0.000000
33.558620, 0.000000
33.830340, 0.000000
34.102240, 0.000000
34.374300, 0.000000
34.646520, 0.000000
34.918890, 0.000000
35.191410, 0.000000
35.464070, 0.000000
35.736870, 0.000000
36.009800, 0.000000
36.282850, 0.000000
36.556020, 0.000000
36.829300, 0.000000
37.102690, 0.000000
37.376180, 0.000000
37.649770, 0.000000
37.923450, 0.000000
38.197210, 0.000000
38.471050, 0.000000
38.744960, 0.000000
39.018940, 0.000000
39.292990, 0.000000
39.567080, 0.000000
39.841230, 0.000000
40.115420, 0.000000
40.389650, 0.000000
40.663910, 0.000000
40.938200, 0.000000
41.212510, 0.000000
41.486830, 0.000000
41.761160, 0.000000
42.035500, 0.000000
42.309830, 0.000000
42.584150, 0.000000
42.858460, 0.000000
43.132750, 0.000000
43.407020, 0.000000
43.681250, 0.000000
43.955440, 0.000000
44.229590, 0.000000
44.503690, 0.000000
44.777730, 0.000000
45.051720, 0.000000
45.325630, 0.000000
45.599480, 0.000000
45.873240, 0.000000
46.146920, 0.000000
46.420510, 0.000000
46.694000, 0.000000
46.967390, 0.000000
47.240670, 0.000000
47.513830, 0.000000
47.786880, 0.000000
48.059800, 0.000000
48.332580, 0.000000
48.605230, 0.000000
48.877730, 0.000000
49.150090, 0.000000
49.422290, 0.000000
49.694320, 0.000000
49.966190, 0.000000
50.237890, 0.000000
50.509400, 0.000000
50.780730, 0.000000
51.051870, 0.000000
51.322810, 0.000000
51.593550, 0.000000
51.864080, 0.000000
52.134390, 0.000000
52.404490, 0.000000
52.674350, 0.000000
52.943990, 0.000000
53.213380, 0.000000
53.482530, 0.000000
53.751430, 0.000000
54.020070, 0.000000
54.288450, 0.000000
54.556560, 0.000000
54.824400, 0.000000
55.091950, 0.000000
55.359220, 0.000000
55.626200, 0.000000
55.892880, 0.000000
56.159260, 0.000000
56.425330, 0.000000
56.691080, 0.000000
56.956510, 0.000000
57.221610, 0.000000
57.486380, 0.000000
57.750810, 0.000000
58.014900, 0.000000
58.278630, 0.000000
58.542010, 0.000000
58.805030, 0.000000
59.067670, 0.000000
59.329950, 0.000000
59.591840, 0.000000
59.853350, 0.000000
60.114460, 0.000000
60.375180, 0.000000
60.635490, 0.000000
60.895400, 0.000000
61.154890, 0.000000
61.413960, 0.000000
61.672600, 0.000000
61.930810, 0.000000
62.188580, 0.000000
62.445910, 0.000000
62.702790, 0.000000
62.959210, 0.000000
63.215170, 0.000000
63.470670, 0.000000
63.725690, 0.000000
63.980230, 0.000000
64.234290, 0.000000
64.487860, 0.000000
64.740930, 0.000000
64.993500, 0.000000
65.245570, 0.000000
65.497120, 0.000000
65.748160, 0.000000
65.998670, 0.000000
66.248650, 0.000000
66.498090, 0.000000
66.747000, 0.000000
66.995350, 0.000000
67.243160, 0.000000
67.490410, 0.000000
67.737090, 0.000000
67.983200, 0.000000
68.228740, 0.000000
68.473700, 0.000000
68.718080, 0.000000
68.961860, 0.000000
69.205050, 0.000000
69.447630, 0.000000
69.689610, 0.000000
69.930970, 0.000000
70.171720, 0.000000
70.411840, 0.000000
70.651330, 0.000000
70.890180, 0.000000
71.128390, 0.000000
71.365960, 0.000000
71.602880, 0.000000
71.839140, 0.000000
72.074740, 0.000000
72.309670, 0.000000
72.543920, 0.000000
72.777500, 0.000000
73.010400, 0.000000
73.242600, 0.000000
73.474110, 0.000000
73.704920, 0.000000
73.935030, 0.000000
74.164430, 0.000000
74.393110, 0.000000
74.621070, 0.000000
74.848300, 0.000000
75.074810, 0.000000
75.300570, 0.000000
75.525600, 0.000000
75.749880, 0.000000
75.973400, 0.000000
76.196170, 0.000000
76.418180, 0.000000
76.639420, 0.000000
76.859890, 0.000000
77.079580, 0.000000
77.298490, 0.000000
77.516610, 0.000000
77.733940, 0.000000
77.950470, 0.000000
78.166200, 0.000000
78.381120, 0.000000
78.595230, 0.000000
78.808520, 0.000000
79.020990, 0.000000
79.232640, 0.000000
79.443450, 0.000000
79.653420, 0.000000
79.862550, 0.000000
80.070840, 0.000000
80.278270, 0.000000
80.484850, 0.000000
80.690560, 0.000000
80.895410, 0.000000
81.099390, 0.000000
81.302500, 0.000000
81.504720, 0.000000
81.706060, 0.000000
81.906520, 0.000000
82.106070, 0.000000
82.304730, 0.000000
82.502490, 0.000000
82.699330, 0.000000
82.895270, 0.000000
83.090290, 0.000000
83.284390, 0.000000
83.477560, 0.000000
83.669800, 0.000000
83.861100, 0.000000
84.051470, 0.000000
84.240890, 0.000000
84.429370, 0.000000
84.616890, 0.000000
84.803460, 0.000000
84.989060, 0.000000
85.173700, 0.000000
85.357370, 0.000000
85.540060, 0.000000
85.721780, 0.000000
85.902510, 0.000000
86.082260, 0.000000
86.261020, 0.000000
86.438780, 0.000000
86.615540, 0.000000
86.791300, 0.000000
86.966050, 0.000000
87.139790, 0.000000
87.312510, 0.000000
87.484210, 0.000000
87.654890, 0.000000
87.824540, 0.000000
87.993160, 0.000000
88.160750, 0.000000
88.327290, 0.000000
88.492790, 0.000000
88.657250, 0.000000
88.820650, 0.000000
88.983000, 0.000000
89.144290, 0.000000
89.304510, 0.000000
89.463670, 0.000000
89.621760, 0.000000
89.778780, 0.000000
89.934720, 0.000000
90.089580, 0.000000
90.243350, 0.000000
90.396030, 0.000000
90.547630, 0.000000
90.698120, 0.000000
90.847520, 0.000000
90.995820, 0.000000
91.143010, 0.000000
91.289090, 0.000000
91.434050, 0.000000
91.577900, 0.000000
91.720640, 0.000000
91.862240, 0.000000
92.002730, 0.000000
92.142080, 0.000000
92.280300, 0.000000
92.417380, 0.000000
92.553320, 0.000000
92.688120, 0.000000
92.821780, 0.000000
92.954290, 0.000000
93.085640, 0.000000
93.215840, 0.000000
93.344880, 0.000000
93.472760, 0.000000
93.599470, 0.000000
93.725020, 0.000000
93.849400, 0.000000
93.972610, 0.000000
94.094630, 0.000000
94.215480, 0.000000
94.335150, 0.000000
94.453640, 0.000000
94.570930, 0.000000
94.687040, 0.000000
94.801950, 0.000000
94.915670, 0.000000
95.028190, 0.000000
95.139510, 0.000000
95.249620, 0.000000
95.358530, 0.000000
95.466230, 0.000000
95.572720, 0.000000
95.677990, 0.000000
95.782050, 0.000000
95.884890, 0.000000
95.986510, 0.000000
96.086910, 0.000000
96.186080, 0.000000
96.284020, 0.000000
96.380730, 0.000000
96.476210, 0.000000
96.570450, 0.000000
96.663450, 0.000000
96.755220, 0.000000
96.845740, 0.000000
96.935020, 0.000000
97.023060, 0.000000
97.109840, 0.000000
97.195380, 0.000000
97.279660, 0.000000
97.362690, 0.000000
97.444470, 0.000000
97.524980, 0.000000
97.604240, 0.000000
97.682230, 0.000000
97.758960, 0.000000
97.834430, 0.000000
97.908620, 0.000000
97.981550, 0.000000
98.053210, 0.000000
98.123600, 0.000000
98.192710, 0.000000
98.260540, 0.000000
98.327100, 0.000000
98.392380, 0.000000
98.456380, 0.000000
98.519100, 0.000000
98.580530, 0.000000
98.640680, 0.000000
98.699540, 0.000000
98.757120, 0.000000
98.813400, 0.000000
98.868400, 0.000000
98.922100, 0.000000
98.974510, 0.000000
99.025630, 0.000000
99.075450, 0.000000
99.123970, 0.000000
99.171200, 0.000000
99.217120, 0.000000
99.261750, 0.000000
99.305080, 0.000000
99.347100, 0.000000
99.387820, 0.000000
99.427240, 0.000000
99.465350, 0.000000
99.502160, 0.000000
99.537660, 0.000000
99.571850, 0.000000
99.604730, 0.000000
99.636300, 0.000000
99.666570, 0.000000
99.695520, 0.000000
99.723160, 0.000000
99.749490, 0.000000
99.774510, 0.000000
99.798210, 0.000000
99.820600, 0.000000
99.841680, 0.000000
99.861440, 0.000000
99.879890, 0.000000
99.897020, 0.000000
99.912830, 0.000000
99.927330, 0.000000
99.940510, 0.000000
99.952370, 0.000000
99.962920, 0.000000
99.972150, 0.000000
99.980060, 0.000000
99.986650, 0.000000
99.991920, 0.000000
99.995880, 0.000000
99.998520, 0.000000
99.999840, 0.000000
99.999840, 0.000000
99.998520, 0.000000
99.995880, 0.000000
99.991920, 0.000000
99.986650, 0.000000
99.980060, 0.000000
99.972150, 0.000000
99.962920, 0.000000
99.952370, 0.000000
99.940510, 0.000000
99.927330, 0.000000
99.912830, 0.000000
99.897020, 0.000000
99.879890, 0.000000
99.861440, 0.000000
99.841680, 0.000000
99.820600, 0.000000
99.798210, 0.000000
99.774510, 0.000000
99.749490, 0.000000
99.723160, 0.000000
99.695520, 0.000000
99.666570, 0.000000
99.636300, 0.000000
99.604730, 0.000000
99.571850, 0.000000
99.537660, 0.000000
99.502160, 0.000000
99.465350, 0.000000
99.427240, 0.000000
99.387820, 0.000000
99.347100, 0.000000
99.305080, 0.000000
99.261750, 0.000000
99.217120, 0.000000
99.171200, 0.000000
99.123970, 0.000000
99.075450, 0.000000
99.025630, 0.000000
98.974510, 0.000000
98.922100, 0.000000
98.868400, 0.000000
98.813400, 0.000000
98.757120, 0.000000
98.699540, 0.000000
98.640680, 0.000000
98.580530, 0.000000
98.519100, 0.000000
98.456380, 0.000000
98.392380, 0.000000
98.327100, 0.000000
98.260540, 0.000000
98.192710, 0.000000
98.123600, 0.000000
98.053210, 0.000000
97.981550, 0.000000
97.908620, 0.000000
97.834430, 0.000000
97.758960, 0.000000
97.682230, 0.000000
97.604240, 0.000000
97.524980, 0.000000
97.444470, 0.000000
97.362690, 0.000000
97.279660, 0.000000
97.195380, 0.000000
97.109840, 0.000000
97.023060, 0.000000
96.935020, 0.000000
96.845740, 0.000000
96.755220, 0.000000
96.663450, 0.000000
96.570450, 0.000000
96.476210, 0.000000
96.380730, 0.000000
96.284020, 0.000000
96.186080, 0.000000
96.086910, 0.000000
95.986510, 0.000000
95.884890, 0.000000
95.782050, 0.000000
95.677990, 0.000000
95.572720, 0.000000
95.466230, 0.000000
95.358530, 0.000000
95.249620, 0.000000
95.139510, 0.000000
95.028190, 0.000000
94.915670, 0.000000
94.801950, 0.000000
94.687040, 0.000000
94.570930, 0.000000
94.453640, 0.000000
94.335150, 0.000000
94.215480, 0.000000
94.094630, 0.000000
93.972610, 0.000000
93.849400, 0.000000
93.725020, 0.000000
93.599470, 0.000000
93.472760, 0.000000
93.344880, 0.000000
93.215840, 0.000000
93.085640, 0.000000
92.954290, 0.000000
92.821780, 0.000000
92.688120, 0.000000
92.553320, 0.000000
92.417380, 0.000000
92.280300, 0.000000
92.142080, 0.000000
92.002730, 0.000000
91.862240, 0.000000
91.720640, 0.000000
91.577900, 0.000000
91.434050, 0.000000
91.289090, 0.000000
91.143010, 0.000000
90.995820, 0.000000
90.847520, 0.000000
90.698120, 0.000000
90.547630, 0.000000
90.396030, 0.000000
90.243350, 0.000000
90.089580, 0.000000
89.934720, 0.000000
89.778780, 0.000000
89.621760, 0.000000
89.463670, 0.000000
89.304510, 0.000000
89.144290, 0.000000
88.983000, 0.000000
88.820650, 0.000000
88.657250, 0.000000
88.492790, 0.000000
88.327290, 0.000000
88.160750, 0.000000
87.993160, 0.000000
87.824540, 0.000000
87.654890, 0.000000
87.484210, 0.000000
87.312510, 0.000000
87.139790, 0.000000
86.966050, 0.000000
86.791300, 0.000000
86.615540, 0.000000
86.438780, 0.000000
86.261020, 0.000000
86.082260, 0.000000
85.902510, 0.000000
85.721780, 0.000000
85.540060, 0.000000
85.357370, 0.000000
85.173700, 0.000000
84.989060, 0.000000
84.803460, 0.000000
84.616890, 0.000000
84.429370, 0.000000
84.240890, 0.000000
84.051470, 0.000000
83.861100, 0.000000
83.669800, 0.000000
83.477560, 0.000000
83.284390, 0.000000
83.090290, 0.000000
82.895270, 0.000000
82.699330, 0.000000
82.502490, 0.000000
82.304730, 0.000000
82.106070, 0.000000
81.906520, 0.000000
81.706060, 0.000000
81.504720, 0.000000
81.302500, 0.000000
81.099390, 0.000000
80.895410, 0.000000
80.690560, 0.000000
80.484850, 0.000000
80.278270, 0.000000
80.070840, 0.000000
79.862550, 0.000000
79.653420, 0.000000
79.443450, 0.000000
79.232640, 0.000000
79.020990, 0.000000
78.808520, 0.000000
78.595230, 0.000000
78.381120, 0.000000
78.166200, 0.000000
77.950470, 0.000000
77.733940, 0.000000
77.516610, 0.000000
77.298490, 0.000000
77.079580, 0.000000
76.859890, 0.000000
76.639420, 0.000000
76.418180, 0.000000
76.196170, 0.000000
75.973400, 0.000000
75.749880, 0.000000
75.525600, 0.000000
75.300570, 0.000000
75.074810, 0.000000
74.848300, 0.000000
74.621070, 0.000000
74.393110, 0.000000
74.164430, 0.000000
73.935030, 0.000000
73.704920, 0.000000
73.474110, 0.000000
73.242600, 0.000000
73.010400, 0.000000
72.777500, 0.000000
72.543920, 0.000000
72.309670, 0.000000
72.074740, 0.000000
71.839140, 0.000000
71.602880, 0.000000
71.365960, 0.000000
71.128390, 0.000000
70.890180, 0.000000
70.651330, 0.000000
70.411840, 0.000000
70.171720, 0.000000
69.930970, 0.000000
69.689610, 0.000000
69.447630, 0.000000
69.205050, 0.000000
68.961860, 0.000000
68.718080, 0.000000
68.473700, 0.000000
68.228740, 0.000000
67.983200, 0.000000
67.737090, 0.000000
67.490410, 0.000000
67.243160, 0.000000
66.995350, 0.000000
66.747000, 0.000000
66.498090, 0.000000
66.248650, 0.000000
65.998670, 0.000000
65.748160, 0.000000
65.497120, 0.000000
65.245570, 0.000000
64.993500, 0.000000
64.740930, 0.000000
64.487860, 0.000000
64.234290, 0.000000
63.980230, 0.000000
63.725690, 0.000000
63.470670, 0.000000
63.215170, 0.000000
62.959210, 0.000000
62.702790, 0.000000
62.445910, 0.000000
62.188580, 0.000000
61.930810, 0.000000
61.672600, 0.000000
61.413960, 0.000000
61.154890, 0.000000
60.895400, 0.000000
60.635490, 0.000000
60.375180, 0.000000
60.114460, 0.000000
59.853350, 0.000000
59.591840, 0.000000
59.329950, 0.000000
59.067670, 0.000000
58.805030, 0.000000
58.542010, 0.000000
58.278630, 0.000000
58.014900, 0.000000
57.750810, 0.000000
57.486380, 0.000000
57.221610, 0.000000
56.956510, 0.000000
56.691080, 0.000000
56.425330, 0.000000
56.159260, 0.000000
55.892880, 0.000000
55.626200, 0.000000
55.359220, 0.000000
55.091950, 0.000000
54.824400, 0.000000
54.556560, 0.000000
54.288450, 0.000000
54.020070, 0.000000
53.751430, 0.000000
53.482530, 0.000000
53.213380, 0.000000
52.943990, 0.000000
52.674350, 0.000000
52.404490, 0.000000
52.134390, 0.000000
51.864080, 0.000000
51.593550, 0.000000
51.322810, 0.000000
51.051870, 0.000000
50.780730, 0.000000
50.509400, 0.000000
50.237890, 0.000000
49.966190, 0.000000
49.694320, 0.000000
49.422290, 0.000000
49.150090, 0.000000
48.877730, 0.000000
48.605230, 0.000000
48.332580, 0.000000
48.059800, 0.000000
47.786880, 0.000000
47.513830, 0.000000
47.240670, 0.000000
46.967390, 0.000000
46.694000, 0.000000
46.420510, 0.000000
46.146920, 0.000000
45.873240, 0.000000
45.599480, 0.000000
45.325630, 0.000000
45.051720, 0.000000
44.777730, 0.000000
44.503690, 0.000000
44.229590, 0.000000
43.955440, 0.000000
43.681250, 0.000000
43.407020, 0.000000
43.132750, 0.000000
42.858460, 0.000000
42.584150, 0.000000
42.309830, 0.000000
42.035500, 0.000000
41.761160, 0.000000
41.486830, 0.000000
41.212510, 0.000000
40.938200, 0.000000
40.663910, 0.000000
40.389650, 0.000000
40.115420, 0.000000
39.841230, 0.000000
39.567080, 0.000000
39.292990, 0.000000
39.018940, 0.000000
38.744960, 0.000000
38.471050, 0.000000
38.197210, 0.000000
37.923450, 0.000000
37.649770, 0.000000
37.376180, 0.000000
37.102690, 0.000000
36.829300, 0.000000
36.556020, 0.000000
36.282850, 0.000000
36.009800, 0.000000
35.736870, 0.000000
35.464070, 0.000000
35.191410, 0.000000
34.918890, 0.000000
34.646520, 0.000000
34.374300, 0.000000
34.102240, 0.000000
33.830340, 0.000000
33.558620, 0.000000
33.287060, 0.000000
33.015690, 0.000000
32.744510, 0.000000
32.473520, 0.000000
32.202720, 0.000000
31.932130, 0.000000
31.661750, 0.000000
31.391580, 0.000000
31.121630, 0.000000
30.851910, 0.000000
30.582420, 0.000000
30.313170, 0.000000
30.044150, 0.000000
29.775390, 0.000000
29.506880, 0.000000
29.238620, 0.000000
28.970630, 0.000000
28.702910, 0.000000
28.435470, 0.000000
28.168300, 0.000000
27.901420, 0.000000
27.634830, 0.000000
27.368540, 0.000000
27.102550, 0.000000
26.836870, 0.000000
26.571490, 0.000000
26.306440, 0.000000
26.041710, 0.000000
25.777310, 0.000000
25.513240, 0.000000
25.249510, 0.000000
24.986120, 0.000000
24.723090, 0.000000
24.460410, 0.000000
24.198090, 0.000000
23.936130, 0.000000
23.674540, 0.000000
23.413330, 0.000000
23.152500, 0.000000
22.892060, 0.000000
22.632000, 0.000000
22.372350, 0.000000
22.113090, 0.000000
21.854240, 0.000000
21.595800, 0.000000
21.337780, 0.000000
21.080170, 0.000000
20.823000, 0.000000
20.566250, 0.000000
20.309950, 0.000000
20.054080, 0.000000
19.798660, 0.000000
19.543690, 0.000000
19.289180, 0.000000
19.035120, 0.000000
18.781540, 0.000000
18.528420, 0.000000
18.275780, 0.000000
18.023620, 0.000000
17.771950, 0.000000
17.520760, 0.000000
17.270070, 0.000000
17.019880, 0.000000
16.770190, 0.000000
16.521020, 0.000000
16.272350, 0.000000
16.024210, 0.000000
15.776590, 0.000000
15.529490, 0.000000
15.282930, 0.000000
15.036910, 0.000000
14.791420, 0.000000
14.546490, 0.000000
14.302100, 0.000000
14.058270, 0.000000
13.815000, 0.000000
13.572290, 0.000000
13.330160, 0.000000
13.088590, 0.000000
12.847600, 0.000000
12.607200, 0.000000
12.367380, 0.000000
12.128150, 0.000000
11.889520, 0.000000
11.651490, 0.000000
11.414060, 0.000000
11.177240, 0.000000
10.941030, 0.000000
10.705440, 0.000000
10.470470, 0.000000
10.236130, 0.000000
10.002420, 0.000000
9.769334, 0.000000
9.536890, 0.000000
9.305089, 0.000000
9.073933, 0.000000
8.843428, 0.000000
8.613577, 0.000000
8.384384, 0.000000
8.155854, 0.000000
7.927990, 0.000000
7.700796, 0.000000
7.474276, 0.000000
7.248435, 0.000000
7.023275, 0.000000
6.798802, 0.000000
6.575019, 0.000000
6.351929, 0.000000
6.129537, 0.000000
5.907847, 0.000000
5.686861, 0.000000
5.466585, 0.000000
5.247021, 0.000000
5.028173, 0.000000
4.810046, 0.000000
4.592642, 0.000000
4.375966, 0.000000
4.160021, 0.000000
3.944810, 0.000000
3.730337, 0.000000
3.516607, 0.000000
3.303621, 0.000000
3.091385, 0.000000
2.879900, 0.000000
2.669172, 0.000000
2.459202, 0.000000
2.249995, 0.000000
2.041554, 0.000000
1.833883, 0.000000
1.626984, 0.000000
1.420861, 0.000000
1.215517, 0.000000
1.010956, 0.000000
0.807180, 0.000000
0.604194, 0.000000
0.401999, 0.000000
0.200600, 0.000000
0.000000, 0.000000
##END=
