##TITLE= Parameter file, TopSpin 3.6.5
##JCAMPDX= 5.0
##DATATYPE= Parameter Values
##ORIGIN= Bruker BioSpin GmbH
##OWNER= nmrservice
$$ 2023-08-31 08:53:48.381 +0100  nmrservice@aberlour
$$ C:/Bruker/cam-ts3/wave/s_WET-HSQC_et66
$$ process C:\Bruker\TopSpin3.6.5\prog\mod\xwinshape.exe
##MINX= 0.00000000
##MAXX= 99.96921200
##MINY= 0.80019000
##MAXY= 359.94861000
##$SHAPE_ADDPHASE= 0
##$SHAPE_AMP= 99.96921164
##$SHAPE_BWFAC= 0
##$SHAPE_BWFAC50= 0
##$SHAPE_CALCBW= yes
##$SHAPE_CALCINTEG= yes
##$SHAPE_EXMODE= <Universal>
##$SHAPE_EXPAND= <>
##$SHAPE_EXPANDCF= (0..143)
0 0 0 0 0 0 0 0 0 0 0 0 0 0 0 0 0 0 0 0 0 0 0 0 0 0 0 0 0 0 0 0 0 0 0 0
0 0 0 0 0 0 0 0 0 0 0 0 0 0 0 0 0 0 0 0 0 0 0 0 0 0 0 0 0 0 0 0 0 0 0 0
0 0 0 0 0 0 0 0 0 0 0 0 0 0 0 0 0 0 0 0 0 0 0 0 0 0 0 0 0 0 0 0 0 0 0 0
0 0 0 0 0 0 0 0 0 0 0 0 0 0 0 0 0 0 0 0 0 0 0 0 0 0 0 0 0 0 0 0 0 0 0 0
##$SHAPE_EXPFAC= 0
##$SHAPE_FRACEND= 0
##$SHAPE_FRACORG= 0
##$SHAPE_FRACSTART= 0
##$SHAPE_INTEGFAC= 0
##$SHAPE_KEEPRES= yes
##$SHAPE_LENGTH= 10000
##$SHAPE_MAN= <M>
##$SHAPE_MODE= 2
##$SHAPE_MODFREQ= 0
##$SHAPE_MODPHASE= 0
##$SHAPE_MODSCALE= 0
##$SHAPE_MODSW= 0
##$SHAPE_MODSWDIR= -1
##$SHAPE_NPOINTS= 1000
##$SHAPE_OFFS= <0 2>
##$SHAPE_OFFSCOEFF= (0..95)
-1754.2 0 100 -537.9 0 100 0 0 0 0 0 0 0 0 0 0 0 0 0 0 0 0 0 0 0 0 0 0
0 0 0 0 0 0 0 0 0 0 0 0 0 0 0 0 0 0 0 0 0 0 0 0 0 0 0 0 0 0 0 0 0 0 0 0
0 0 0 0 0 0 0 0 0 0 0 0 0 0 0 0 0 0 0 0 0 0 0 0 0 0 0 0 0 0 0 0
##$SHAPE_PARAMETER= <>
##$SHAPE_REPHFAC= 0
##$SHAPE_RES= 0
##$SHAPE_SCALEFAC= 1.00030798
##$SHAPE_SCALETYPE= 0
##$SHAPE_SPOAL= 0
##$SHAPE_SPOFFS= 0
##$SHAPE_SPOPH= 0
##$SHAPE_TOTROT= 90
##$SHAPE_TYPE= <Excitation>
##$SHAPE_USER_DEF= 0
##$SHAPE_VERSION= 2.1
##$SHL_ADDPHASE= (0..15)
0 0 0 0 0 0 0 0 0 0 0 0 0 0 0 0
##$SHL_ALIGNOFFSET= (0..15)
0 0 0 0 0 0 0 0 0 0 0 0 0 0 0 0
##$SHL_AMP= (0..15)
99.99984 0 0 0 0 0 0 0 0 0 0 0 0 0 0 0
##$SHL_AMPFAC= (0..15)
0 0 0 0 0 0 0 0 0 0 0 0 0 0 0 0
##$SHL_BETA= (0..15)
0 0 0 0 0 0 0 0 0 0 0 0 0 0 0 0
##$SHL_BWFAC= (0..15)
1.606 0 0 0 0 0 0 0 0 0 0 0 0 0 0 0
##$SHL_CALCBW= (0..15)
yes yes yes yes yes yes yes yes yes yes yes yes yes yes yes yes
##$SHL_CALCINTEG= (0..15)
yes yes yes yes yes yes yes yes yes yes yes yes yes yes yes yes
##$SHL_CENTERAMP= (0..15)
0 0 0 0 0 0 0 0 0 0 0 0 0 0 0 0
##$SHL_CYCNUM= (0..15)
0 0 0 0 0 0 0 0 0 0 0 0 0 0 0 0
##$SHL_DIPOLCPL= (0..15)
0 0 0 0 0 0 0 0 0 0 0 0 0 0 0 0
##$SHL_ENDAMP= (0..15)
0 0 0 0 0 0 0 0 0 0 0 0 0 0 0 0
##$SHL_EXMODE= (0..15)
<Universal> <> <> <> <> <> <> <> <> <> <> <> <> <> <> <>
##$SHL_EXPAND= (0..15)
<> <> <> <> <> <> <> <> <> <> <> <> <> <> <> <>
##$SHL_EXPANDCF0= (0..143)
0 0 0 0 0 0 0 0 0 0 0 0 0 0 0 0 0 0 0 0 0 0 0 0 0 0 0 0 0 0 0 0 0 0 0 0
0 0 0 0 0 0 0 0 0 0 0 0 0 0 0 0 0 0 0 0 0 0 0 0 0 0 0 0 0 0 0 0 0 0 0 0
0 0 0 0 0 0 0 0 0 0 0 0 0 0 0 0 0 0 0 0 0 0 0 0 0 0 0 0 0 0 0 0 0 0 0 0
0 0 0 0 0 0 0 0 0 0 0 0 0 0 0 0 0 0 0 0 0 0 0 0 0 0 0 0 0 0 0 0 0 0 0 0
##$SHL_EXPANDCF1= (0..143)
0 0 0 0 0 0 0 0 0 0 0 0 0 0 0 0 0 0 0 0 0 0 0 0 0 0 0 0 0 0 0 0 0 0 0 0
0 0 0 0 0 0 0 0 0 0 0 0 0 0 0 0 0 0 0 0 0 0 0 0 0 0 0 0 0 0 0 0 0 0 0 0
0 0 0 0 0 0 0 0 0 0 0 0 0 0 0 0 0 0 0 0 0 0 0 0 0 0 0 0 0 0 0 0 0 0 0 0
0 0 0 0 0 0 0 0 0 0 0 0 0 0 0 0 0 0 0 0 0 0 0 0 0 0 0 0 0 0 0 0 0 0 0 0
##$SHL_EXPANDCF10= (0..143)
0 0 0 0 0 0 0 0 0 0 0 0 0 0 0 0 0 0 0 0 0 0 0 0 0 0 0 0 0 0 0 0 0 0 0 0
0 0 0 0 0 0 0 0 0 0 0 0 0 0 0 0 0 0 0 0 0 0 0 0 0 0 0 0 0 0 0 0 0 0 0 0
0 0 0 0 0 0 0 0 0 0 0 0 0 0 0 0 0 0 0 0 0 0 0 0 0 0 0 0 0 0 0 0 0 0 0 0
0 0 0 0 0 0 0 0 0 0 0 0 0 0 0 0 0 0 0 0 0 0 0 0 0 0 0 0 0 0 0 0 0 0 0 0
##$SHL_EXPANDCF11= (0..143)
0 0 0 0 0 0 0 0 0 0 0 0 0 0 0 0 0 0 0 0 0 0 0 0 0 0 0 0 0 0 0 0 0 0 0 0
0 0 0 0 0 0 0 0 0 0 0 0 0 0 0 0 0 0 0 0 0 0 0 0 0 0 0 0 0 0 0 0 0 0 0 0
0 0 0 0 0 0 0 0 0 0 0 0 0 0 0 0 0 0 0 0 0 0 0 0 0 0 0 0 0 0 0 0 0 0 0 0
0 0 0 0 0 0 0 0 0 0 0 0 0 0 0 0 0 0 0 0 0 0 0 0 0 0 0 0 0 0 0 0 0 0 0 0
##$SHL_EXPANDCF12= (0..143)
0 0 0 0 0 0 0 0 0 0 0 0 0 0 0 0 0 0 0 0 0 0 0 0 0 0 0 0 0 0 0 0 0 0 0 0
0 0 0 0 0 0 0 0 0 0 0 0 0 0 0 0 0 0 0 0 0 0 0 0 0 0 0 0 0 0 0 0 0 0 0 0
0 0 0 0 0 0 0 0 0 0 0 0 0 0 0 0 0 0 0 0 0 0 0 0 0 0 0 0 0 0 0 0 0 0 0 0
0 0 0 0 0 0 0 0 0 0 0 0 0 0 0 0 0 0 0 0 0 0 0 0 0 0 0 0 0 0 0 0 0 0 0 0
##$SHL_EXPANDCF13= (0..143)
0 0 0 0 0 0 0 0 0 0 0 0 0 0 0 0 0 0 0 0 0 0 0 0 0 0 0 0 0 0 0 0 0 0 0 0
0 0 0 0 0 0 0 0 0 0 0 0 0 0 0 0 0 0 0 0 0 0 0 0 0 0 0 0 0 0 0 0 0 0 0 0
0 0 0 0 0 0 0 0 0 0 0 0 0 0 0 0 0 0 0 0 0 0 0 0 0 0 0 0 0 0 0 0 0 0 0 0
0 0 0 0 0 0 0 0 0 0 0 0 0 0 0 0 0 0 0 0 0 0 0 0 0 0 0 0 0 0 0 0 0 0 0 0
##$SHL_EXPANDCF14= (0..143)
0 0 0 0 0 0 0 0 0 0 0 0 0 0 0 0 0 0 0 0 0 0 0 0 0 0 0 0 0 0 0 0 0 0 0 0
0 0 0 0 0 0 0 0 0 0 0 0 0 0 0 0 0 0 0 0 0 0 0 0 0 0 0 0 0 0 0 0 0 0 0 0
0 0 0 0 0 0 0 0 0 0 0 0 0 0 0 0 0 0 0 0 0 0 0 0 0 0 0 0 0 0 0 0 0 0 0 0
0 0 0 0 0 0 0 0 0 0 0 0 0 0 0 0 0 0 0 0 0 0 0 0 0 0 0 0 0 0 0 0 0 0 0 0
##$SHL_EXPANDCF15= (0..143)
0 0 0 0 0 0 0 0 0 0 0 0 0 0 0 0 0 0 0 0 0 0 0 0 0 0 0 0 0 0 0 0 0 0 0 0
0 0 0 0 0 0 0 0 0 0 0 0 0 0 0 0 0 0 0 0 0 0 0 0 0 0 0 0 0 0 0 0 0 0 0 0
0 0 0 0 0 0 0 0 0 0 0 0 0 0 0 0 0 0 0 0 0 0 0 0 0 0 0 0 0 0 0 0 0 0 0 0
0 0 0 0 0 0 0 0 0 0 0 0 0 0 0 0 0 0 0 0 0 0 0 0 0 0 0 0 0 0 0 0 0 0 0 0
##$SHL_EXPANDCF2= (0..143)
0 0 0 0 0 0 0 0 0 0 0 0 0 0 0 0 0 0 0 0 0 0 0 0 0 0 0 0 0 0 0 0 0 0 0 0
0 0 0 0 0 0 0 0 0 0 0 0 0 0 0 0 0 0 0 0 0 0 0 0 0 0 0 0 0 0 0 0 0 0 0 0
0 0 0 0 0 0 0 0 0 0 0 0 0 0 0 0 0 0 0 0 0 0 0 0 0 0 0 0 0 0 0 0 0 0 0 0
0 0 0 0 0 0 0 0 0 0 0 0 0 0 0 0 0 0 0 0 0 0 0 0 0 0 0 0 0 0 0 0 0 0 0 0
##$SHL_EXPANDCF3= (0..143)
0 0 0 0 0 0 0 0 0 0 0 0 0 0 0 0 0 0 0 0 0 0 0 0 0 0 0 0 0 0 0 0 0 0 0 0
0 0 0 0 0 0 0 0 0 0 0 0 0 0 0 0 0 0 0 0 0 0 0 0 0 0 0 0 0 0 0 0 0 0 0 0
0 0 0 0 0 0 0 0 0 0 0 0 0 0 0 0 0 0 0 0 0 0 0 0 0 0 0 0 0 0 0 0 0 0 0 0
0 0 0 0 0 0 0 0 0 0 0 0 0 0 0 0 0 0 0 0 0 0 0 0 0 0 0 0 0 0 0 0 0 0 0 0
##$SHL_EXPANDCF4= (0..143)
0 0 0 0 0 0 0 0 0 0 0 0 0 0 0 0 0 0 0 0 0 0 0 0 0 0 0 0 0 0 0 0 0 0 0 0
0 0 0 0 0 0 0 0 0 0 0 0 0 0 0 0 0 0 0 0 0 0 0 0 0 0 0 0 0 0 0 0 0 0 0 0
0 0 0 0 0 0 0 0 0 0 0 0 0 0 0 0 0 0 0 0 0 0 0 0 0 0 0 0 0 0 0 0 0 0 0 0
0 0 0 0 0 0 0 0 0 0 0 0 0 0 0 0 0 0 0 0 0 0 0 0 0 0 0 0 0 0 0 0 0 0 0 0
##$SHL_EXPANDCF5= (0..143)
0 0 0 0 0 0 0 0 0 0 0 0 0 0 0 0 0 0 0 0 0 0 0 0 0 0 0 0 0 0 0 0 0 0 0 0
0 0 0 0 0 0 0 0 0 0 0 0 0 0 0 0 0 0 0 0 0 0 0 0 0 0 0 0 0 0 0 0 0 0 0 0
0 0 0 0 0 0 0 0 0 0 0 0 0 0 0 0 0 0 0 0 0 0 0 0 0 0 0 0 0 0 0 0 0 0 0 0
0 0 0 0 0 0 0 0 0 0 0 0 0 0 0 0 0 0 0 0 0 0 0 0 0 0 0 0 0 0 0 0 0 0 0 0
##$SHL_EXPANDCF6= (0..143)
0 0 0 0 0 0 0 0 0 0 0 0 0 0 0 0 0 0 0 0 0 0 0 0 0 0 0 0 0 0 0 0 0 0 0 0
0 0 0 0 0 0 0 0 0 0 0 0 0 0 0 0 0 0 0 0 0 0 0 0 0 0 0 0 0 0 0 0 0 0 0 0
0 0 0 0 0 0 0 0 0 0 0 0 0 0 0 0 0 0 0 0 0 0 0 0 0 0 0 0 0 0 0 0 0 0 0 0
0 0 0 0 0 0 0 0 0 0 0 0 0 0 0 0 0 0 0 0 0 0 0 0 0 0 0 0 0 0 0 0 0 0 0 0
##$SHL_EXPANDCF7= (0..143)
0 0 0 0 0 0 0 0 0 0 0 0 0 0 0 0 0 0 0 0 0 0 0 0 0 0 0 0 0 0 0 0 0 0 0 0
0 0 0 0 0 0 0 0 0 0 0 0 0 0 0 0 0 0 0 0 0 0 0 0 0 0 0 0 0 0 0 0 0 0 0 0
0 0 0 0 0 0 0 0 0 0 0 0 0 0 0 0 0 0 0 0 0 0 0 0 0 0 0 0 0 0 0 0 0 0 0 0
0 0 0 0 0 0 0 0 0 0 0 0 0 0 0 0 0 0 0 0 0 0 0 0 0 0 0 0 0 0 0 0 0 0 0 0
##$SHL_EXPANDCF8= (0..143)
0 0 0 0 0 0 0 0 0 0 0 0 0 0 0 0 0 0 0 0 0 0 0 0 0 0 0 0 0 0 0 0 0 0 0 0
0 0 0 0 0 0 0 0 0 0 0 0 0 0 0 0 0 0 0 0 0 0 0 0 0 0 0 0 0 0 0 0 0 0 0 0
0 0 0 0 0 0 0 0 0 0 0 0 0 0 0 0 0 0 0 0 0 0 0 0 0 0 0 0 0 0 0 0 0 0 0 0
0 0 0 0 0 0 0 0 0 0 0 0 0 0 0 0 0 0 0 0 0 0 0 0 0 0 0 0 0 0 0 0 0 0 0 0
##$SHL_EXPANDCF9= (0..143)
0 0 0 0 0 0 0 0 0 0 0 0 0 0 0 0 0 0 0 0 0 0 0 0 0 0 0 0 0 0 0 0 0 0 0 0
0 0 0 0 0 0 0 0 0 0 0 0 0 0 0 0 0 0 0 0 0 0 0 0 0 0 0 0 0 0 0 0 0 0 0 0
0 0 0 0 0 0 0 0 0 0 0 0 0 0 0 0 0 0 0 0 0 0 0 0 0 0 0 0 0 0 0 0 0 0 0 0
0 0 0 0 0 0 0 0 0 0 0 0 0 0 0 0 0 0 0 0 0 0 0 0 0 0 0 0 0 0 0 0 0 0 0 0
##$SHL_EXPFAC= (0..15)
0 0 0 0 0 0 0 0 0 0 0 0 0 0 0 0
##$SHL_FRACEND= (0..15)
0 0 0 0 0 0 0 0 0 0 0 0 0 0 0 0
##$SHL_FRACORG= (0..15)
0 0 0 0 0 0 0 0 0 0 0 0 0 0 0 0
##$SHL_FRACSTART= (0..15)
0 0 0 0 0 0 0 0 0 0 0 0 0 0 0 0
##$SHL_FULLHALF= (0..15)
0 0 0 0 0 0 0 0 0 0 0 0 0 0 0 0
##$SHL_FUNCAMP= (0..15)
0 0 0 0 0 0 0 0 0 0 0 0 0 0 0 0
##$SHL_FUNCTION= (0..15)
<User> <> <> <> <> <> <> <> <> <> <> <> <> <> <> <>
##$SHL_GCO= (0..15)
<> <> <> <> <> <> <> <> <> <> <> <> <> <> <> <>
##$SHL_GCOCOEFFS0= (0..59)
0 0 0 0 0 0 0 0 0 0 0 0 0 0 0 0 0 0 0 0 0 0 0 0 0 0 0 0 0 0 0 0 0 0 0 0
0 0 0 0 0 0 0 0 0 0 0 0 0 0 0 0 0 0 0 0 0 0 0 0
##$SHL_GCOCOEFFS1= (0..59)
0 0 0 0 0 0 0 0 0 0 0 0 0 0 0 0 0 0 0 0 0 0 0 0 0 0 0 0 0 0 0 0 0 0 0 0
0 0 0 0 0 0 0 0 0 0 0 0 0 0 0 0 0 0 0 0 0 0 0 0
##$SHL_GCOCOEFFS10= (0..59)
0 0 0 0 0 0 0 0 0 0 0 0 0 0 0 0 0 0 0 0 0 0 0 0 0 0 0 0 0 0 0 0 0 0 0 0
0 0 0 0 0 0 0 0 0 0 0 0 0 0 0 0 0 0 0 0 0 0 0 0
##$SHL_GCOCOEFFS11= (0..59)
0 0 0 0 0 0 0 0 0 0 0 0 0 0 0 0 0 0 0 0 0 0 0 0 0 0 0 0 0 0 0 0 0 0 0 0
0 0 0 0 0 0 0 0 0 0 0 0 0 0 0 0 0 0 0 0 0 0 0 0
##$SHL_GCOCOEFFS12= (0..59)
0 0 0 0 0 0 0 0 0 0 0 0 0 0 0 0 0 0 0 0 0 0 0 0 0 0 0 0 0 0 0 0 0 0 0 0
0 0 0 0 0 0 0 0 0 0 0 0 0 0 0 0 0 0 0 0 0 0 0 0
##$SHL_GCOCOEFFS13= (0..59)
0 0 0 0 0 0 0 0 0 0 0 0 0 0 0 0 0 0 0 0 0 0 0 0 0 0 0 0 0 0 0 0 0 0 0 0
0 0 0 0 0 0 0 0 0 0 0 0 0 0 0 0 0 0 0 0 0 0 0 0
##$SHL_GCOCOEFFS14= (0..59)
0 0 0 0 0 0 0 0 0 0 0 0 0 0 0 0 0 0 0 0 0 0 0 0 0 0 0 0 0 0 0 0 0 0 0 0
0 0 0 0 0 0 0 0 0 0 0 0 0 0 0 0 0 0 0 0 0 0 0 0
##$SHL_GCOCOEFFS15= (0..59)
0 0 0 0 0 0 0 0 0 0 0 0 0 0 0 0 0 0 0 0 0 0 0 0 0 0 0 0 0 0 0 0 0 0 0 0
0 0 0 0 0 0 0 0 0 0 0 0 0 0 0 0 0 0 0 0 0 0 0 0
##$SHL_GCOCOEFFS2= (0..59)
0 0 0 0 0 0 0 0 0 0 0 0 0 0 0 0 0 0 0 0 0 0 0 0 0 0 0 0 0 0 0 0 0 0 0 0
0 0 0 0 0 0 0 0 0 0 0 0 0 0 0 0 0 0 0 0 0 0 0 0
##$SHL_GCOCOEFFS3= (0..59)
0 0 0 0 0 0 0 0 0 0 0 0 0 0 0 0 0 0 0 0 0 0 0 0 0 0 0 0 0 0 0 0 0 0 0 0
0 0 0 0 0 0 0 0 0 0 0 0 0 0 0 0 0 0 0 0 0 0 0 0
##$SHL_GCOCOEFFS4= (0..59)
0 0 0 0 0 0 0 0 0 0 0 0 0 0 0 0 0 0 0 0 0 0 0 0 0 0 0 0 0 0 0 0 0 0 0 0
0 0 0 0 0 0 0 0 0 0 0 0 0 0 0 0 0 0 0 0 0 0 0 0
##$SHL_GCOCOEFFS5= (0..59)
0 0 0 0 0 0 0 0 0 0 0 0 0 0 0 0 0 0 0 0 0 0 0 0 0 0 0 0 0 0 0 0 0 0 0 0
0 0 0 0 0 0 0 0 0 0 0 0 0 0 0 0 0 0 0 0 0 0 0 0
##$SHL_GCOCOEFFS6= (0..59)
0 0 0 0 0 0 0 0 0 0 0 0 0 0 0 0 0 0 0 0 0 0 0 0 0 0 0 0 0 0 0 0 0 0 0 0
0 0 0 0 0 0 0 0 0 0 0 0 0 0 0 0 0 0 0 0 0 0 0 0
##$SHL_GCOCOEFFS7= (0..59)
0 0 0 0 0 0 0 0 0 0 0 0 0 0 0 0 0 0 0 0 0 0 0 0 0 0 0 0 0 0 0 0 0 0 0 0
0 0 0 0 0 0 0 0 0 0 0 0 0 0 0 0 0 0 0 0 0 0 0 0
##$SHL_GCOCOEFFS8= (0..59)
0 0 0 0 0 0 0 0 0 0 0 0 0 0 0 0 0 0 0 0 0 0 0 0 0 0 0 0 0 0 0 0 0 0 0 0
0 0 0 0 0 0 0 0 0 0 0 0 0 0 0 0 0 0 0 0 0 0 0 0
##$SHL_GCOCOEFFS9= (0..59)
0 0 0 0 0 0 0 0 0 0 0 0 0 0 0 0 0 0 0 0 0 0 0 0 0 0 0 0 0 0 0 0 0 0 0 0
0 0 0 0 0 0 0 0 0 0 0 0 0 0 0 0 0 0 0 0 0 0 0 0
##$SHL_INTEGFAC= (0..15)
0.58890005 0 0 0 0 0 0 0 0 0 0 0 0 0 0 0
##$SHL_LB= (0..15)
0 0 0 0 0 0 0 0 0 0 0 0 0 0 0 0
##$SHL_LEFTLIMIT= (0..15)
0 0 0 0 0 0 0 0 0 0 0 0 0 0 0 0
##$SHL_LENGTH= (0..15)
10000 0 0 0 0 0 0 0 0 0 0 0 0 0 0 0
##$SHL_MAN= (0..15)
<> <> <> <> <> <> <> <> <> <> <> <> <> <> <> <>
##$SHL_MEANAMP= (0..15)
0 0 0 0 0 0 0 0 0 0 0 0 0 0 0 0
##$SHL_MODAMP= (0..15)
0 0 0 0 0 0 0 0 0 0 0 0 0 0 0 0
##$SHL_MODE= (0..15)
0 0 0 0 0 0 0 0 0 0 0 0 0 0 0 0
##$SHL_MODFREQ= (0..15)
0 0 0 0 0 0 0 0 0 0 0 0 0 0 0 0
##$SHL_MODPHASE= (0..15)
0 0 0 0 0 0 0 0 0 0 0 0 0 0 0 0
##$SHL_MODSCALE= (0..15)
0 0 0 0 0 0 0 0 0 0 0 0 0 0 0 0
##$SHL_MODSW= (0..15)
0 0 0 0 0 0 0 0 0 0 0 0 0 0 0 0
##$SHL_MODSWDIR= (0..15)
-1 -1 -1 -1 -1 -1 -1 -1 -1 -1 -1 -1 -1 -1 -1 -1
##$SHL_MU= (0..15)
0 0 0 0 0 0 0 0 0 0 0 0 0 0 0 0
##$SHL_NPOINTS= (0..15)
1000 0 0 0 0 0 0 0 0 0 0 0 0 0 0 0
##$SHL_OFFS= (0..15)
<> <> <> <> <> <> <> <> <> <> <> <> <> <> <> <>
##$SHL_OFFSCOEFF0= (0..95)
0 0 0 0 0 0 0 0 0 0 0 0 0 0 0 0 0 0 0 0 0 0 0 0 0 0 0 0 0 0 0 0 0 0 0 0
0 0 0 0 0 0 0 0 0 0 0 0 0 0 0 0 0 0 0 0 0 0 0 0 0 0 0 0 0 0 0 0 0 0 0 0
0 0 0 0 0 0 0 0 0 0 0 0 0 0 0 0 0 0 0 0 0 0 0 0
##$SHL_OFFSCOEFF1= (0..95)
0 0 0 0 0 0 0 0 0 0 0 0 0 0 0 0 0 0 0 0 0 0 0 0 0 0 0 0 0 0 0 0 0 0 0 0
0 0 0 0 0 0 0 0 0 0 0 0 0 0 0 0 0 0 0 0 0 0 0 0 0 0 0 0 0 0 0 0 0 0 0 0
0 0 0 0 0 0 0 0 0 0 0 0 0 0 0 0 0 0 0 0 0 0 0 0
##$SHL_OFFSCOEFF10= (0..95)
0 0 0 0 0 0 0 0 0 0 0 0 0 0 0 0 0 0 0 0 0 0 0 0 0 0 0 0 0 0 0 0 0 0 0 0
0 0 0 0 0 0 0 0 0 0 0 0 0 0 0 0 0 0 0 0 0 0 0 0 0 0 0 0 0 0 0 0 0 0 0 0
0 0 0 0 0 0 0 0 0 0 0 0 0 0 0 0 0 0 0 0 0 0 0 0
##$SHL_OFFSCOEFF11= (0..95)
0 0 0 0 0 0 0 0 0 0 0 0 0 0 0 0 0 0 0 0 0 0 0 0 0 0 0 0 0 0 0 0 0 0 0 0
0 0 0 0 0 0 0 0 0 0 0 0 0 0 0 0 0 0 0 0 0 0 0 0 0 0 0 0 0 0 0 0 0 0 0 0
0 0 0 0 0 0 0 0 0 0 0 0 0 0 0 0 0 0 0 0 0 0 0 0
##$SHL_OFFSCOEFF12= (0..95)
0 0 0 0 0 0 0 0 0 0 0 0 0 0 0 0 0 0 0 0 0 0 0 0 0 0 0 0 0 0 0 0 0 0 0 0
0 0 0 0 0 0 0 0 0 0 0 0 0 0 0 0 0 0 0 0 0 0 0 0 0 0 0 0 0 0 0 0 0 0 0 0
0 0 0 0 0 0 0 0 0 0 0 0 0 0 0 0 0 0 0 0 0 0 0 0
##$SHL_OFFSCOEFF13= (0..95)
0 0 0 0 0 0 0 0 0 0 0 0 0 0 0 0 0 0 0 0 0 0 0 0 0 0 0 0 0 0 0 0 0 0 0 0
0 0 0 0 0 0 0 0 0 0 0 0 0 0 0 0 0 0 0 0 0 0 0 0 0 0 0 0 0 0 0 0 0 0 0 0
0 0 0 0 0 0 0 0 0 0 0 0 0 0 0 0 0 0 0 0 0 0 0 0
##$SHL_OFFSCOEFF14= (0..95)
0 0 0 0 0 0 0 0 0 0 0 0 0 0 0 0 0 0 0 0 0 0 0 0 0 0 0 0 0 0 0 0 0 0 0 0
0 0 0 0 0 0 0 0 0 0 0 0 0 0 0 0 0 0 0 0 0 0 0 0 0 0 0 0 0 0 0 0 0 0 0 0
0 0 0 0 0 0 0 0 0 0 0 0 0 0 0 0 0 0 0 0 0 0 0 0
##$SHL_OFFSCOEFF15= (0..95)
0 0 0 0 0 0 0 0 0 0 0 0 0 0 0 0 0 0 0 0 0 0 0 0 0 0 0 0 0 0 0 0 0 0 0 0
0 0 0 0 0 0 0 0 0 0 0 0 0 0 0 0 0 0 0 0 0 0 0 0 0 0 0 0 0 0 0 0 0 0 0 0
0 0 0 0 0 0 0 0 0 0 0 0 0 0 0 0 0 0 0 0 0 0 0 0
##$SHL_OFFSCOEFF2= (0..95)
0 0 0 0 0 0 0 0 0 0 0 0 0 0 0 0 0 0 0 0 0 0 0 0 0 0 0 0 0 0 0 0 0 0 0 0
0 0 0 0 0 0 0 0 0 0 0 0 0 0 0 0 0 0 0 0 0 0 0 0 0 0 0 0 0 0 0 0 0 0 0 0
0 0 0 0 0 0 0 0 0 0 0 0 0 0 0 0 0 0 0 0 0 0 0 0
##$SHL_OFFSCOEFF3= (0..95)
0 0 0 0 0 0 0 0 0 0 0 0 0 0 0 0 0 0 0 0 0 0 0 0 0 0 0 0 0 0 0 0 0 0 0 0
0 0 0 0 0 0 0 0 0 0 0 0 0 0 0 0 0 0 0 0 0 0 0 0 0 0 0 0 0 0 0 0 0 0 0 0
0 0 0 0 0 0 0 0 0 0 0 0 0 0 0 0 0 0 0 0 0 0 0 0
##$SHL_OFFSCOEFF4= (0..95)
0 0 0 0 0 0 0 0 0 0 0 0 0 0 0 0 0 0 0 0 0 0 0 0 0 0 0 0 0 0 0 0 0 0 0 0
0 0 0 0 0 0 0 0 0 0 0 0 0 0 0 0 0 0 0 0 0 0 0 0 0 0 0 0 0 0 0 0 0 0 0 0
0 0 0 0 0 0 0 0 0 0 0 0 0 0 0 0 0 0 0 0 0 0 0 0
##$SHL_OFFSCOEFF5= (0..95)
0 0 0 0 0 0 0 0 0 0 0 0 0 0 0 0 0 0 0 0 0 0 0 0 0 0 0 0 0 0 0 0 0 0 0 0
0 0 0 0 0 0 0 0 0 0 0 0 0 0 0 0 0 0 0 0 0 0 0 0 0 0 0 0 0 0 0 0 0 0 0 0
0 0 0 0 0 0 0 0 0 0 0 0 0 0 0 0 0 0 0 0 0 0 0 0
##$SHL_OFFSCOEFF6= (0..95)
0 0 0 0 0 0 0 0 0 0 0 0 0 0 0 0 0 0 0 0 0 0 0 0 0 0 0 0 0 0 0 0 0 0 0 0
0 0 0 0 0 0 0 0 0 0 0 0 0 0 0 0 0 0 0 0 0 0 0 0 0 0 0 0 0 0 0 0 0 0 0 0
0 0 0 0 0 0 0 0 0 0 0 0 0 0 0 0 0 0 0 0 0 0 0 0
##$SHL_OFFSCOEFF7= (0..95)
0 0 0 0 0 0 0 0 0 0 0 0 0 0 0 0 0 0 0 0 0 0 0 0 0 0 0 0 0 0 0 0 0 0 0 0
0 0 0 0 0 0 0 0 0 0 0 0 0 0 0 0 0 0 0 0 0 0 0 0 0 0 0 0 0 0 0 0 0 0 0 0
0 0 0 0 0 0 0 0 0 0 0 0 0 0 0 0 0 0 0 0 0 0 0 0
##$SHL_OFFSCOEFF8= (0..95)
0 0 0 0 0 0 0 0 0 0 0 0 0 0 0 0 0 0 0 0 0 0 0 0 0 0 0 0 0 0 0 0 0 0 0 0
0 0 0 0 0 0 0 0 0 0 0 0 0 0 0 0 0 0 0 0 0 0 0 0 0 0 0 0 0 0 0 0 0 0 0 0
0 0 0 0 0 0 0 0 0 0 0 0 0 0 0 0 0 0 0 0 0 0 0 0
##$SHL_OFFSCOEFF9= (0..95)
0 0 0 0 0 0 0 0 0 0 0 0 0 0 0 0 0 0 0 0 0 0 0 0 0 0 0 0 0 0 0 0 0 0 0 0
0 0 0 0 0 0 0 0 0 0 0 0 0 0 0 0 0 0 0 0 0 0 0 0 0 0 0 0 0 0 0 0 0 0 0 0
0 0 0 0 0 0 0 0 0 0 0 0 0 0 0 0 0 0 0 0 0 0 0 0
##$SHL_PHASE= (0..15)
0 0 0 0 0 0 0 0 0 0 0 0 0 0 0 0
##$SHL_PHASEFAC= (0..15)
0 0 0 0 0 0 0 0 0 0 0 0 0 0 0 0
##$SHL_POWERINDEX= (0..15)
0 0 0 0 0 0 0 0 0 0 0 0 0 0 0 0
##$SHL_QUADCOEFF= (0..15)
0 0 0 0 0 0 0 0 0 0 0 0 0 0 0 0
##$SHL_RIGHTLIMIT= (0..15)
0 0 0 0 0 0 0 0 0 0 0 0 0 0 0 0
##$SHL_SCALEFACTOR= (0..15)
1 1 1 1 1 1 1 1 1 1 1 1 1 1 1 1
##$SHL_SF= (0..15)
<> <> <> <> <> <> <> <> <> <> <> <> <> <> <> <>
##$SHL_SFCOEFFS0= (0..200)
0 0 0 0 0 0 0 0 0 0 0 0 0 0 0 0 0 0 0 0 0 0 0 0 0 0 0 0 0 0 0 0 0 0 0 0
0 0 0 0 0 0 0 0 0 0 0 0 0 0 0 0 0 0 0 0 0 0 0 0 0 0 0 0 0 0 0 0 0 0 0 0
0 0 0 0 0 0 0 0 0 0 0 0 0 0 0 0 0 0 0 0 0 0 0 0 0 0 0 0 0 0 0 0 0 0 0 0
0 0 0 0 0 0 0 0 0 0 0 0 0 0 0 0 0 0 0 0 0 0 0 0 0 0 0 0 0 0 0 0 0 0 0 0
0 0 0 0 0 0 0 0 0 0 0 0 0 0 0 0 0 0 0 0 0 0 0 0 0 0 0 0 0 0 0 0 0 0 0 0
0 0 0 0 0 0 0 0 0 0 0 0 0 0 0 0 0 0 0 0 0
##$SHL_SFCOEFFS1= (0..200)
0 0 0 0 0 0 0 0 0 0 0 0 0 0 0 0 0 0 0 0 0 0 0 0 0 0 0 0 0 0 0 0 0 0 0 0
0 0 0 0 0 0 0 0 0 0 0 0 0 0 0 0 0 0 0 0 0 0 0 0 0 0 0 0 0 0 0 0 0 0 0 0
0 0 0 0 0 0 0 0 0 0 0 0 0 0 0 0 0 0 0 0 0 0 0 0 0 0 0 0 0 0 0 0 0 0 0 0
0 0 0 0 0 0 0 0 0 0 0 0 0 0 0 0 0 0 0 0 0 0 0 0 0 0 0 0 0 0 0 0 0 0 0 0
0 0 0 0 0 0 0 0 0 0 0 0 0 0 0 0 0 0 0 0 0 0 0 0 0 0 0 0 0 0 0 0 0 0 0 0
0 0 0 0 0 0 0 0 0 0 0 0 0 0 0 0 0 0 0 0 0
##$SHL_SFCOEFFS10= (0..200)
0 0 0 0 0 0 0 0 0 0 0 0 0 0 0 0 0 0 0 0 0 0 0 0 0 0 0 0 0 0 0 0 0 0 0 0
0 0 0 0 0 0 0 0 0 0 0 0 0 0 0 0 0 0 0 0 0 0 0 0 0 0 0 0 0 0 0 0 0 0 0 0
0 0 0 0 0 0 0 0 0 0 0 0 0 0 0 0 0 0 0 0 0 0 0 0 0 0 0 0 0 0 0 0 0 0 0 0
0 0 0 0 0 0 0 0 0 0 0 0 0 0 0 0 0 0 0 0 0 0 0 0 0 0 0 0 0 0 0 0 0 0 0 0
0 0 0 0 0 0 0 0 0 0 0 0 0 0 0 0 0 0 0 0 0 0 0 0 0 0 0 0 0 0 0 0 0 0 0 0
0 0 0 0 0 0 0 0 0 0 0 0 0 0 0 0 0 0 0 0 0
##$SHL_SFCOEFFS11= (0..200)
0 0 0 0 0 0 0 0 0 0 0 0 0 0 0 0 0 0 0 0 0 0 0 0 0 0 0 0 0 0 0 0 0 0 0 0
0 0 0 0 0 0 0 0 0 0 0 0 0 0 0 0 0 0 0 0 0 0 0 0 0 0 0 0 0 0 0 0 0 0 0 0
0 0 0 0 0 0 0 0 0 0 0 0 0 0 0 0 0 0 0 0 0 0 0 0 0 0 0 0 0 0 0 0 0 0 0 0
0 0 0 0 0 0 0 0 0 0 0 0 0 0 0 0 0 0 0 0 0 0 0 0 0 0 0 0 0 0 0 0 0 0 0 0
0 0 0 0 0 0 0 0 0 0 0 0 0 0 0 0 0 0 0 0 0 0 0 0 0 0 0 0 0 0 0 0 0 0 0 0
0 0 0 0 0 0 0 0 0 0 0 0 0 0 0 0 0 0 0 0 0
##$SHL_SFCOEFFS12= (0..200)
0 0 0 0 0 0 0 0 0 0 0 0 0 0 0 0 0 0 0 0 0 0 0 0 0 0 0 0 0 0 0 0 0 0 0 0
0 0 0 0 0 0 0 0 0 0 0 0 0 0 0 0 0 0 0 0 0 0 0 0 0 0 0 0 0 0 0 0 0 0 0 0
0 0 0 0 0 0 0 0 0 0 0 0 0 0 0 0 0 0 0 0 0 0 0 0 0 0 0 0 0 0 0 0 0 0 0 0
0 0 0 0 0 0 0 0 0 0 0 0 0 0 0 0 0 0 0 0 0 0 0 0 0 0 0 0 0 0 0 0 0 0 0 0
0 0 0 0 0 0 0 0 0 0 0 0 0 0 0 0 0 0 0 0 0 0 0 0 0 0 0 0 0 0 0 0 0 0 0 0
0 0 0 0 0 0 0 0 0 0 0 0 0 0 0 0 0 0 0 0 0
##$SHL_SFCOEFFS13= (0..200)
0 0 0 0 0 0 0 0 0 0 0 0 0 0 0 0 0 0 0 0 0 0 0 0 0 0 0 0 0 0 0 0 0 0 0 0
0 0 0 0 0 0 0 0 0 0 0 0 0 0 0 0 0 0 0 0 0 0 0 0 0 0 0 0 0 0 0 0 0 0 0 0
0 0 0 0 0 0 0 0 0 0 0 0 0 0 0 0 0 0 0 0 0 0 0 0 0 0 0 0 0 0 0 0 0 0 0 0
0 0 0 0 0 0 0 0 0 0 0 0 0 0 0 0 0 0 0 0 0 0 0 0 0 0 0 0 0 0 0 0 0 0 0 0
0 0 0 0 0 0 0 0 0 0 0 0 0 0 0 0 0 0 0 0 0 0 0 0 0 0 0 0 0 0 0 0 0 0 0 0
0 0 0 0 0 0 0 0 0 0 0 0 0 0 0 0 0 0 0 0 0
##$SHL_SFCOEFFS14= (0..200)
0 0 0 0 0 0 0 0 0 0 0 0 0 0 0 0 0 0 0 0 0 0 0 0 0 0 0 0 0 0 0 0 0 0 0 0
0 0 0 0 0 0 0 0 0 0 0 0 0 0 0 0 0 0 0 0 0 0 0 0 0 0 0 0 0 0 0 0 0 0 0 0
0 0 0 0 0 0 0 0 0 0 0 0 0 0 0 0 0 0 0 0 0 0 0 0 0 0 0 0 0 0 0 0 0 0 0 0
0 0 0 0 0 0 0 0 0 0 0 0 0 0 0 0 0 0 0 0 0 0 0 0 0 0 0 0 0 0 0 0 0 0 0 0
0 0 0 0 0 0 0 0 0 0 0 0 0 0 0 0 0 0 0 0 0 0 0 0 0 0 0 0 0 0 0 0 0 0 0 0
0 0 0 0 0 0 0 0 0 0 0 0 0 0 0 0 0 0 0 0 0
##$SHL_SFCOEFFS15= (0..200)
0 0 0 0 0 0 0 0 0 0 0 0 0 0 0 0 0 0 0 0 0 0 0 0 0 0 0 0 0 0 0 0 0 0 0 0
0 0 0 0 0 0 0 0 0 0 0 0 0 0 0 0 0 0 0 0 0 0 0 0 0 0 0 0 0 0 0 0 0 0 0 0
0 0 0 0 0 0 0 0 0 0 0 0 0 0 0 0 0 0 0 0 0 0 0 0 0 0 0 0 0 0 0 0 0 0 0 0
0 0 0 0 0 0 0 0 0 0 0 0 0 0 0 0 0 0 0 0 0 0 0 0 0 0 0 0 0 0 0 0 0 0 0 0
0 0 0 0 0 0 0 0 0 0 0 0 0 0 0 0 0 0 0 0 0 0 0 0 0 0 0 0 0 0 0 0 0 0 0 0
0 0 0 0 0 0 0 0 0 0 0 0 0 0 0 0 0 0 0 0 0
##$SHL_SFCOEFFS2= (0..200)
0 0 0 0 0 0 0 0 0 0 0 0 0 0 0 0 0 0 0 0 0 0 0 0 0 0 0 0 0 0 0 0 0 0 0 0
0 0 0 0 0 0 0 0 0 0 0 0 0 0 0 0 0 0 0 0 0 0 0 0 0 0 0 0 0 0 0 0 0 0 0 0
0 0 0 0 0 0 0 0 0 0 0 0 0 0 0 0 0 0 0 0 0 0 0 0 0 0 0 0 0 0 0 0 0 0 0 0
0 0 0 0 0 0 0 0 0 0 0 0 0 0 0 0 0 0 0 0 0 0 0 0 0 0 0 0 0 0 0 0 0 0 0 0
0 0 0 0 0 0 0 0 0 0 0 0 0 0 0 0 0 0 0 0 0 0 0 0 0 0 0 0 0 0 0 0 0 0 0 0
0 0 0 0 0 0 0 0 0 0 0 0 0 0 0 0 0 0 0 0 0
##$SHL_SFCOEFFS3= (0..200)
0 0 0 0 0 0 0 0 0 0 0 0 0 0 0 0 0 0 0 0 0 0 0 0 0 0 0 0 0 0 0 0 0 0 0 0
0 0 0 0 0 0 0 0 0 0 0 0 0 0 0 0 0 0 0 0 0 0 0 0 0 0 0 0 0 0 0 0 0 0 0 0
0 0 0 0 0 0 0 0 0 0 0 0 0 0 0 0 0 0 0 0 0 0 0 0 0 0 0 0 0 0 0 0 0 0 0 0
0 0 0 0 0 0 0 0 0 0 0 0 0 0 0 0 0 0 0 0 0 0 0 0 0 0 0 0 0 0 0 0 0 0 0 0
0 0 0 0 0 0 0 0 0 0 0 0 0 0 0 0 0 0 0 0 0 0 0 0 0 0 0 0 0 0 0 0 0 0 0 0
0 0 0 0 0 0 0 0 0 0 0 0 0 0 0 0 0 0 0 0 0
##$SHL_SFCOEFFS4= (0..200)
0 0 0 0 0 0 0 0 0 0 0 0 0 0 0 0 0 0 0 0 0 0 0 0 0 0 0 0 0 0 0 0 0 0 0 0
0 0 0 0 0 0 0 0 0 0 0 0 0 0 0 0 0 0 0 0 0 0 0 0 0 0 0 0 0 0 0 0 0 0 0 0
0 0 0 0 0 0 0 0 0 0 0 0 0 0 0 0 0 0 0 0 0 0 0 0 0 0 0 0 0 0 0 0 0 0 0 0
0 0 0 0 0 0 0 0 0 0 0 0 0 0 0 0 0 0 0 0 0 0 0 0 0 0 0 0 0 0 0 0 0 0 0 0
0 0 0 0 0 0 0 0 0 0 0 0 0 0 0 0 0 0 0 0 0 0 0 0 0 0 0 0 0 0 0 0 0 0 0 0
0 0 0 0 0 0 0 0 0 0 0 0 0 0 0 0 0 0 0 0 0
##$SHL_SFCOEFFS5= (0..200)
0 0 0 0 0 0 0 0 0 0 0 0 0 0 0 0 0 0 0 0 0 0 0 0 0 0 0 0 0 0 0 0 0 0 0 0
0 0 0 0 0 0 0 0 0 0 0 0 0 0 0 0 0 0 0 0 0 0 0 0 0 0 0 0 0 0 0 0 0 0 0 0
0 0 0 0 0 0 0 0 0 0 0 0 0 0 0 0 0 0 0 0 0 0 0 0 0 0 0 0 0 0 0 0 0 0 0 0
0 0 0 0 0 0 0 0 0 0 0 0 0 0 0 0 0 0 0 0 0 0 0 0 0 0 0 0 0 0 0 0 0 0 0 0
0 0 0 0 0 0 0 0 0 0 0 0 0 0 0 0 0 0 0 0 0 0 0 0 0 0 0 0 0 0 0 0 0 0 0 0
0 0 0 0 0 0 0 0 0 0 0 0 0 0 0 0 0 0 0 0 0
##$SHL_SFCOEFFS6= (0..200)
0 0 0 0 0 0 0 0 0 0 0 0 0 0 0 0 0 0 0 0 0 0 0 0 0 0 0 0 0 0 0 0 0 0 0 0
0 0 0 0 0 0 0 0 0 0 0 0 0 0 0 0 0 0 0 0 0 0 0 0 0 0 0 0 0 0 0 0 0 0 0 0
0 0 0 0 0 0 0 0 0 0 0 0 0 0 0 0 0 0 0 0 0 0 0 0 0 0 0 0 0 0 0 0 0 0 0 0
0 0 0 0 0 0 0 0 0 0 0 0 0 0 0 0 0 0 0 0 0 0 0 0 0 0 0 0 0 0 0 0 0 0 0 0
0 0 0 0 0 0 0 0 0 0 0 0 0 0 0 0 0 0 0 0 0 0 0 0 0 0 0 0 0 0 0 0 0 0 0 0
0 0 0 0 0 0 0 0 0 0 0 0 0 0 0 0 0 0 0 0 0
##$SHL_SFCOEFFS7= (0..200)
0 0 0 0 0 0 0 0 0 0 0 0 0 0 0 0 0 0 0 0 0 0 0 0 0 0 0 0 0 0 0 0 0 0 0 0
0 0 0 0 0 0 0 0 0 0 0 0 0 0 0 0 0 0 0 0 0 0 0 0 0 0 0 0 0 0 0 0 0 0 0 0
0 0 0 0 0 0 0 0 0 0 0 0 0 0 0 0 0 0 0 0 0 0 0 0 0 0 0 0 0 0 0 0 0 0 0 0
0 0 0 0 0 0 0 0 0 0 0 0 0 0 0 0 0 0 0 0 0 0 0 0 0 0 0 0 0 0 0 0 0 0 0 0
0 0 0 0 0 0 0 0 0 0 0 0 0 0 0 0 0 0 0 0 0 0 0 0 0 0 0 0 0 0 0 0 0 0 0 0
0 0 0 0 0 0 0 0 0 0 0 0 0 0 0 0 0 0 0 0 0
##$SHL_SFCOEFFS8= (0..200)
0 0 0 0 0 0 0 0 0 0 0 0 0 0 0 0 0 0 0 0 0 0 0 0 0 0 0 0 0 0 0 0 0 0 0 0
0 0 0 0 0 0 0 0 0 0 0 0 0 0 0 0 0 0 0 0 0 0 0 0 0 0 0 0 0 0 0 0 0 0 0 0
0 0 0 0 0 0 0 0 0 0 0 0 0 0 0 0 0 0 0 0 0 0 0 0 0 0 0 0 0 0 0 0 0 0 0 0
0 0 0 0 0 0 0 0 0 0 0 0 0 0 0 0 0 0 0 0 0 0 0 0 0 0 0 0 0 0 0 0 0 0 0 0
0 0 0 0 0 0 0 0 0 0 0 0 0 0 0 0 0 0 0 0 0 0 0 0 0 0 0 0 0 0 0 0 0 0 0 0
0 0 0 0 0 0 0 0 0 0 0 0 0 0 0 0 0 0 0 0 0
##$SHL_SFCOEFFS9= (0..200)
0 0 0 0 0 0 0 0 0 0 0 0 0 0 0 0 0 0 0 0 0 0 0 0 0 0 0 0 0 0 0 0 0 0 0 0
0 0 0 0 0 0 0 0 0 0 0 0 0 0 0 0 0 0 0 0 0 0 0 0 0 0 0 0 0 0 0 0 0 0 0 0
0 0 0 0 0 0 0 0 0 0 0 0 0 0 0 0 0 0 0 0 0 0 0 0 0 0 0 0 0 0 0 0 0 0 0 0
0 0 0 0 0 0 0 0 0 0 0 0 0 0 0 0 0 0 0 0 0 0 0 0 0 0 0 0 0 0 0 0 0 0 0 0
0 0 0 0 0 0 0 0 0 0 0 0 0 0 0 0 0 0 0 0 0 0 0 0 0 0 0 0 0 0 0 0 0 0 0 0
0 0 0 0 0 0 0 0 0 0 0 0 0 0 0 0 0 0 0 0 0
##$SHL_SMOOTHED= (0..15)
0 0 0 0 0 0 0 0 0 0 0 0 0 0 0 0
##$SHL_SMOOTHING= (0..15)
0 0 0 0 0 0 0 0 0 0 0 0 0 0 0 0
##$SHL_SPOAL= (0..15)
0 0 0 0 0 0 0 0 0 0 0 0 0 0 0 0
##$SHL_SPOFFS= (0..15)
0 0 0 0 0 0 0 0 0 0 0 0 0 0 0 0
##$SHL_SPOPH= (0..15)
0 0 0 0 0 0 0 0 0 0 0 0 0 0 0 0
##$SHL_STARTAMP= (0..15)
0 0 0 0 0 0 0 0 0 0 0 0 0 0 0 0
##$SHL_SW= (0..15)
0 0 0 0 0 0 0 0 0 0 0 0 0 0 0 0
##$SHL_SWDIR= (0..15)
-1 -1 -1 -1 -1 -1 -1 -1 -1 -1 -1 -1 -1 -1 -1 -1
##$SHL_TANKAPPA= (0..15)
0 0 0 0 0 0 0 0 0 0 0 0 0 0 0 0
##$SHL_TOTROT= (0..15)
90 0 0 0 0 0 0 0 0 0 0 0 0 0 0 0
##$SHL_TRUNCLEV= (0..15)
0 0 0 0 0 0 0 0 0 0 0 0 0 0 0 0
##$SHL_TYPE= (0..15)
<Excitation> <> <> <> <> <> <> <> <> <> <> <> <> <> <> <>
##$SHL_WINDOWSIZE= (0..15)
0 0 0 0 0 0 0 0 0 0 0 0 0 0 0 0
##$SHL_ZETA= (0..15)
0 0 0 0 0 0 0 0 0 0 0 0 0 0 0 0
##NPOINTS= 1000
##XYPOINTS= (XY..XY)
0.000000, 2.062890
0.200271, 6.188670
0.400167, 10.314450
0.598798, 14.440230
0.795277, 18.566010
0.988712, 22.691790
1.178217, 26.817570
1.362911, 30.943350
1.541919, 35.069130
1.714375, 39.194910
1.879426, 43.320690
2.036234, 47.446470
2.183974, 51.572250
2.321841, 55.698030
2.449050, 59.823810
2.564841, 63.949590
2.668473, 68.075370
2.759238, 72.201150
2.836453, 76.326930
2.899466, 80.452710
2.947658, 84.578490
2.980444, 88.704270
2.997275, 92.830050
2.997641, 96.955830
2.981069, 101.081610
2.947129, 105.207390
2.895432, 109.333170
2.825632, 113.458950
2.737430, 117.584730
2.630572, 121.710510
2.504851, 125.836290
2.360110, 129.962070
2.196238, 134.087850
2.013176, 138.213630
1.810915, 142.339410
1.589499, 146.465190
1.349020, 150.590970
1.089625, 154.716750
0.811512, 158.842530
0.514932, 162.968310
0.200188, 167.094090
0.132365, 351.219870
0.482318, 355.345650
0.849213, 359.471430
1.232540, 3.597210
1.631736, 7.722990
2.046192, 11.848770
2.475243, 15.974550
2.918183, 20.100330
3.374256, 24.226110
3.842658, 28.351890
4.322543, 32.477670
4.813018, 36.603450
5.313151, 40.729230
5.821966, 44.855010
6.338452, 48.980790
6.861561, 53.106570
7.390205, 57.232350
7.923263, 61.358130
8.459594, 65.483910
8.998016, 69.609690
9.537312, 73.735470
10.076270, 77.861250
10.613627, 81.987030
11.148113, 86.112810
11.678444, 90.238590
12.203304, 94.364370
12.721396, 98.490150
13.231375, 102.615930
13.731922, 106.741710
14.221705, 110.867490
14.699377, 114.993270
15.163605, 119.119050
15.613075, 123.244830
16.046442, 127.370610
16.462417, 131.496390
16.859689, 135.622170
17.236982, 139.747950
17.593039, 143.873730
17.926604, 147.999510
18.236480, 152.125290
18.521475, 156.251070
18.780438, 160.376850
19.012234, 164.502630
19.215801, 168.628410
19.390070, 172.754190
19.534052, 176.879970
19.646782, 181.005750
19.727354, 185.131530
19.774889, 189.257310
19.788603, 193.383090
19.767715, 197.508870
19.711550, 201.634650
19.619443, 205.760430
19.490829, 209.886210
19.325187, 214.011990
19.122070, 218.137770
18.881078, 222.263550
18.601918, 226.389330
18.284319, 230.515110
17.928118, 234.640890
17.533208, 238.766670
17.099562, 242.892450
16.627221, 247.018230
16.116301, 251.144010
15.567003, 255.269790
14.979596, 259.395570
14.354440, 263.521350
13.691955, 267.647130
12.992649, 271.772910
12.257105, 275.898690
11.485987, 280.024470
10.680033, 284.150250
9.840064, 288.276030
8.966966, 292.401810
8.061711, 296.527590
7.125344, 300.653370
6.158983, 304.779150
5.163817, 308.904930
4.141110, 313.030710
3.092191, 317.156490
2.018463, 321.282270
0.921391, 325.408050
0.197493, 149.533830
1.336595, 153.659610
2.494262, 157.785390
3.668782, 161.911170
4.858385, 166.036950
6.061253, 170.162730
7.275515, 174.288510
8.499254, 178.414290
9.730507, 182.540070
10.967270, 186.665850
12.207502, 190.791630
13.449130, 194.917410
14.690042, 199.043190
15.928103, 203.168970
17.161156, 207.294750
18.387026, 211.420530
19.603502, 215.546310
20.808387, 219.672090
21.999455, 223.797870
23.174485, 227.923650
24.331247, 232.049430
25.467523, 236.175210
26.581093, 240.300990
27.669755, 244.426770
28.731317, 248.552550
29.763602, 252.678330
30.764467, 256.804110
31.731786, 260.929890
32.663475, 265.055670
33.557476, 269.181450
34.411778, 273.307230
35.224406, 277.433010
35.993432, 281.558790
36.716989, 285.684570
37.393255, 289.810350
38.020478, 293.936130
38.596968, 298.061910
39.121073, 302.187690
39.591260, 306.313470
40.006029, 310.439250
40.363979, 314.565030
40.663777, 318.690810
40.904186, 322.816590
41.084045, 326.942370
41.202280, 331.068150
41.257923, 335.193930
41.250098, 339.319710
41.178009, 343.445490
41.040978, 347.571270
40.838430, 351.697050
40.569884, 355.822830
40.234975, 359.948610
39.833426, 4.074390
39.365089, 8.200170
38.829926, 12.325950
38.228003, 16.451730
37.559497, 20.577510
36.824717, 24.703290
36.024053, 28.829070
35.158049, 32.954850
34.227326, 37.080630
33.232651, 41.206410
32.174888, 45.332190
31.055018, 49.457970
29.874143, 53.583750
28.633469, 57.709530
27.334317, 61.835310
25.978128, 65.961090
24.566436, 70.086870
23.100891, 74.212650
21.583256, 78.338430
20.015384, 82.464210
18.399245, 86.589990
16.736894, 90.715770
15.030489, 94.841550
13.282288, 98.967330
11.494631, 103.093110
9.669950, 107.218890
7.810762, 111.344670
5.919666, 115.470450
3.999335, 119.596230
2.052519, 123.722010
0.082038, 127.847790
1.909224, 311.973570
3.918323, 316.099350
5.942253, 320.225130
7.977961, 324.350910
10.022341, 328.476690
12.072249, 332.602470
14.124501, 336.728250
16.175877, 340.854030
18.223133, 344.979810
20.263001, 349.105590
22.292195, 353.231370
24.307413, 357.357150
26.305356, 1.482930
28.282715, 5.608710
30.236186, 9.734490
32.162480, 13.860270
34.058317, 17.986050
35.920436, 22.111830
37.745610, 26.237610
39.530638, 30.363390
41.272363, 34.489170
42.967661, 38.614950
44.613468, 42.740730
46.206756, 46.866510
47.744580, 50.992290
49.224044, 55.118070
50.642314, 59.243850
51.996663, 63.369630
53.284403, 67.495410
54.502966, 71.621190
55.649846, 75.746970
56.722660, 79.872750
57.719096, 83.998530
58.636976, 88.124310
59.474201, 92.250090
60.228802, 96.375870
60.898920, 100.501650
61.482823, 104.627430
61.978897, 108.753210
62.385663, 112.878990
62.701764, 117.004770
62.925979, 121.130550
63.057232, 125.256330
63.094587, 129.382110
63.037233, 133.507890
62.884521, 137.633670
62.635952, 141.759450
62.291162, 145.885230
61.849942, 150.011010
61.312240, 154.136790
60.678160, 158.262570
59.947941, 162.388350
59.122001, 166.514130
58.200889, 170.639910
57.185327, 174.765690
56.076180, 178.891470
54.874488, 183.017250
53.581408, 187.143030
52.198295, 191.268810
50.726619, 195.394590
49.168013, 199.520370
47.524263, 203.646150
45.797303, 207.771930
43.989204, 211.897710
42.102186, 216.023490
40.138597, 220.149270
38.100938, 224.275050
35.991827, 228.400830
33.814030, 232.526610
31.570421, 236.652390
29.264012, 240.778170
26.897922, 244.903950
24.475390, 249.029730
21.999762, 253.155510
19.474494, 257.281290
16.903138, 261.407070
14.289340, 265.532850
11.636836, 269.658630
8.949449, 273.784410
6.231078, 277.910190
3.485694, 282.035970
0.717338, 286.161750
2.069892, 110.287530
4.871841, 114.413310
7.684306, 118.539090
10.503045, 122.664870
13.323779, 126.790650
16.142200, 130.916430
18.953978, 135.042210
21.754770, 139.167990
24.540223, 143.293770
27.305990, 147.419550
30.047713, 151.545330
32.761069, 155.671110
35.441736, 159.796890
38.085426, 163.922670
40.687890, 168.048450
43.244914, 172.174230
45.752329, 176.300010
48.206027, 180.425790
50.601957, 184.551570
52.936139, 188.677350
55.204664, 192.803130
57.403711, 196.928910
59.529539, 201.054690
61.578508, 205.180470
63.547074, 209.306250
65.431805, 213.432030
67.229373, 217.557810
68.936581, 221.683590
70.550352, 225.809370
72.067723, 229.935150
73.485883, 234.060930
74.802164, 238.186710
76.014039, 242.312490
77.119115, 246.438270
78.115181, 250.564050
79.000155, 254.689830
79.772147, 258.815610
80.429415, 262.941390
80.970396, 267.067170
81.393679, 271.192950
81.698060, 275.318730
81.882504, 279.444510
81.946127, 283.570290
81.888279, 287.696070
81.708465, 291.821850
81.406366, 295.947630
80.981892, 300.073410
80.435103, 304.199190
79.766268, 308.324970
78.975835, 312.450750
78.064456, 316.576530
77.032960, 320.702310
75.882386, 324.828090
74.613933, 328.953870
73.229016, 333.079650
71.729210, 337.205430
70.116300, 341.331210
68.392227, 345.456990
66.559138, 349.582770
64.619341, 353.708550
62.575320, 357.834330
60.429744, 1.960110
58.185427, 6.085890
55.845371, 10.211670
53.412720, 14.337450
50.890777, 18.463230
48.283003, 22.589010
45.593002, 26.714790
42.824515, 30.840570
39.981424, 34.966350
37.067735, 39.092130
34.087585, 43.217910
31.045227, 47.343690
27.945023, 51.469470
24.791442, 55.595250
21.589055, 59.721030
18.342516, 63.846810
15.056576, 67.972590
11.736055, 72.098370
8.385847, 76.224150
5.010907, 80.349930
1.616249, 84.475710
1.793068, 268.601490
5.211946, 272.727270
8.635250, 276.853050
12.057827, 280.978830
15.474503, 285.104610
18.880097, 289.230390
22.269429, 293.356170
25.637325, 297.481950
28.978633, 301.607730
32.288213, 305.733510
35.560974, 309.859290
38.791853, 313.985070
41.975837, 318.110850
45.107974, 322.236630
48.183371, 326.362410
51.197216, 330.488190
54.144774, 334.613970
57.021381, 338.739750
59.822502, 342.865530
62.543668, 346.991310
65.180546, 351.117090
67.728906, 355.242870
70.184648, 359.368650
72.543806, 3.494430
74.802547, 7.620210
76.957177, 11.745990
79.004150, 15.871770
80.940092, 19.997550
82.761774, 24.123330
84.466142, 28.249110
86.050306, 32.374890
87.511569, 36.500670
88.847399, 40.626450
90.055460, 44.752230
91.133583, 48.878010
92.079837, 53.003790
92.892454, 57.129570
93.569879, 61.255350
94.110742, 65.381130
94.513916, 69.506910
94.778444, 73.632690
94.903609, 77.758470
94.888886, 81.884250
94.733972, 86.010030
94.438771, 90.135810
94.003418, 94.261590
93.428246, 98.387370
92.713812, 102.513150
91.860877, 106.638930
90.870435, 110.764710
89.743675, 114.890490
88.482005, 119.016270
87.087043, 123.142050
85.560606, 127.267830
83.904724, 131.393610
82.121629, 135.519390
80.213753, 139.645170
78.183715, 143.770950
76.034332, 147.896730
73.768621, 152.022510
71.389755, 156.148290
68.901111, 160.274070
66.306232, 164.399850
63.608815, 168.525630
60.812749, 172.651410
57.922052, 176.777190
54.940916, 180.902970
51.873667, 185.028750
48.724763, 189.154530
45.498814, 193.280310
42.200534, 197.406090
38.834771, 201.531870
35.406475, 205.657650
31.920697, 209.783430
28.382593, 213.909210
24.797399, 218.034990
21.170431, 222.160770
17.507077, 226.286550
13.812788, 230.412330
10.093072, 234.538110
6.353480, 238.663890
2.599602, 242.789670
1.162945, 66.915450
4.928521, 71.041230
8.691477, 75.167010
12.446159, 79.292790
16.186922, 83.418570
19.908132, 87.544350
23.604184, 91.670130
27.269497, 95.795910
30.898541, 99.921690
34.485830, 104.047470
38.025935, 108.173250
41.513496, 112.299030
44.943233, 116.424810
48.309934, 120.550590
51.608501, 124.676370
54.833919, 128.802150
57.981280, 132.927930
61.045801, 137.053710
64.022818, 141.179490
66.907790, 145.305270
69.696327, 149.431050
72.384167, 153.556830
74.967208, 157.682610
77.441503, 161.808390
79.803271, 165.934170
82.048907, 170.059950
84.174956, 174.185730
86.178171, 178.311510
88.055478, 182.437290
89.803998, 186.563070
91.421035, 190.688850
92.904112, 194.814630
94.250945, 198.940410
95.459450, 203.066190
96.527769, 207.191970
97.454239, 211.317750
98.237425, 215.443530
98.876116, 219.569310
99.369303, 223.695090
99.716211, 227.820870
99.916294, 231.946650
99.969212, 236.072430
99.874859, 240.198210
99.633354, 244.323990
99.245040, 248.449770
98.710494, 252.575550
98.030497, 256.701330
97.206060, 260.827110
96.238417, 264.952890
95.129017, 269.078670
93.879529, 273.204450
92.491833, 277.330230
90.968030, 281.456010
89.310409, 285.581790
87.521472, 289.707570
85.603924, 293.833350
83.560661, 297.959130
81.394782, 302.084910
79.109554, 306.210690
76.708434, 310.336470
74.195064, 314.462250
71.573237, 318.588030
68.846923, 322.713810
66.020252, 326.839590
63.097496, 330.965370
60.083082, 335.091150
56.981569, 339.216930
53.797642, 343.342710
50.536121, 347.468490
47.201936, 351.594270
43.800124, 355.720050
40.335820, 359.845830
36.814263, 3.971610
33.240764, 8.097390
29.620715, 12.223170
25.959574, 16.348950
22.262860, 20.474730
18.536142, 24.600510
14.785029, 28.726290
11.015165, 32.852070
7.232217, 36.977850
3.441867, 41.103630
0.350194, 225.229410
4.138280, 229.355190
7.916715, 233.480970
11.679843, 237.606750
15.422036, 241.732530
19.137702, 245.858310
22.821300, 249.984090
26.467338, 254.109870
30.070388, 258.235650
33.625098, 262.361430
37.126187, 266.487210
40.568472, 270.612990
43.946855, 274.738770
47.256353, 278.864550
50.492080, 282.990330
53.649281, 287.116110
56.723321, 291.241890
59.709698, 295.367670
62.604055, 299.493450
65.402170, 303.619230
68.099977, 307.745010
70.693579, 311.870790
73.179233, 315.996570
75.553377, 320.122350
77.812599, 324.248130
79.953700, 328.373910
81.973648, 332.499690
83.869595, 336.625470
85.638911, 340.751250
87.279127, 344.877030
88.788013, 349.002810
90.163524, 353.128590
91.403814, 357.254370
92.507271, 1.380150
93.472461, 5.505930
94.298201, 9.631710
94.983501, 13.757490
95.527580, 17.883270
95.929903, 22.009050
96.190123, 26.134830
96.308120, 30.260610
96.284002, 34.386390
96.118084, 38.512170
95.810896, 42.637950
95.363184, 46.763730
94.775917, 50.889510
94.050264, 55.015290
93.187605, 59.141070
92.189534, 63.266850
91.057832, 67.392630
89.794497, 71.518410
88.401717, 75.644190
86.881879, 79.769970
85.237544, 83.895750
83.471474, 88.021530
81.586602, 92.147310
79.586045, 96.273090
77.473073, 100.398870
75.251144, 104.524650
72.923843, 108.650430
70.494939, 112.776210
67.968332, 116.901990
65.348069, 121.027770
62.638308, 125.153550
59.843364, 129.279330
56.967654, 133.405110
54.015718, 137.530890
50.992185, 141.656670
47.901795, 145.782450
44.749373, 149.908230
41.539829, 154.034010
38.278140, 158.159790
34.969357, 162.285570
31.618590, 166.411350
28.230994, 170.537130
24.811767, 174.662910
21.366139, 178.788690
17.899372, 182.914470
14.416738, 187.040250
10.923525, 191.166030
7.425014, 195.291810
3.926485, 199.417590
0.433199, 203.543370
3.049606, 27.669150
6.516725, 31.794930
9.962991, 35.920710
13.383287, 40.046490
16.772553, 44.172270
20.125787, 48.298050
23.438066, 52.423830
26.704539, 56.549610
29.920443, 60.675390
33.081109, 64.801170
36.181967, 68.926950
39.218558, 73.052730
42.186532, 77.178510
45.081662, 81.304290
47.899840, 85.430070
50.637099, 89.555850
53.289610, 93.681630
55.853676, 97.807410
58.325767, 101.933190
60.702495, 106.058970
62.980624, 110.184750
65.157099, 114.310530
67.229023, 118.436310
69.193665, 122.562090
71.048481, 126.687870
72.791095, 130.813650
74.419312, 134.939430
75.931131, 139.065210
77.324728, 143.190990
78.598478, 147.316770
79.750936, 151.442550
80.780849, 155.568330
81.687169, 159.694110
82.469039, 163.819890
83.125783, 167.945670
83.656943, 172.071450
84.062232, 176.197230
84.341574, 180.323010
84.495090, 184.448790
84.523074, 188.574570
84.426039, 192.700350
84.204663, 196.826130
83.859839, 200.951910
83.392618, 205.077690
82.804267, 209.203470
82.096200, 213.329250
81.270033, 217.455030
80.327546, 221.580810
79.270700, 225.706590
78.101614, 229.832370
76.822590, 233.958150
75.436052, 238.083930
73.944616, 242.209710
72.351038, 246.335490
70.658194, 250.461270
68.869141, 254.587050
66.987047, 258.712830
65.015199, 262.838610
62.957034, 266.964390
60.816088, 271.090170
58.596016, 275.215950
56.300563, 279.341730
53.933594, 283.467510
51.499046, 287.593290
49.000960, 291.719070
46.443443, 295.844850
43.830673, 299.970630
41.166894, 304.096410
38.456418, 308.222190
35.703596, 312.347970
32.912823, 316.473750
30.088535, 320.599530
27.235192, 324.725310
24.357281, 328.851090
21.459300, 332.976870
18.545757, 337.102650
15.621156, 341.228430
12.690000, 345.354210
9.756772, 349.479990
6.825940, 353.605770
3.901938, 357.731550
0.989171, 1.857330
1.908003, 185.983110
4.785271, 190.108890
7.638375, 194.234670
10.463121, 198.360450
13.255379, 202.486230
16.011098, 206.612010
18.726301, 210.737790
21.397102, 214.863570
24.019701, 218.989350
26.590402, 223.115130
29.105608, 227.240910
31.561828, 231.366690
33.955689, 235.492470
36.283922, 239.618250
38.543397, 243.744030
40.731106, 247.869810
42.844158, 251.995590
44.879809, 256.121370
46.835451, 260.247150
48.708613, 264.372930
50.496973, 268.498710
52.198358, 272.624490
53.810735, 276.750270
55.332224, 280.876050
56.761107, 285.001830
58.095813, 289.127610
59.334947, 293.253390
60.477244, 297.379170
61.521627, 301.504950
62.467154, 305.630730
63.313068, 309.756510
64.058749, 313.882290
64.703763, 318.008070
65.247820, 322.133850
65.690800, 326.259630
66.032733, 330.385410
66.273805, 334.511190
66.414372, 338.636970
66.454953, 342.762750
66.396184, 346.888530
66.238899, 351.014310
65.984044, 355.140090
65.632730, 359.265870
65.186205, 3.391650
64.645874, 7.517430
64.013254, 11.643210
63.290023, 15.768990
62.477971, 19.894770
61.579018, 24.020550
60.595213, 28.146330
59.528725, 32.272110
58.381830, 36.397890
57.156913, 40.523670
55.856482, 44.649450
54.483130, 48.775230
53.039543, 52.901010
51.528508, 57.026790
49.952899, 61.152570
48.315660, 65.278350
46.619818, 69.404130
44.868464, 73.529910
43.064758, 77.655690
41.211913, 81.781470
39.313208, 85.907250
37.371948, 90.033030
35.391501, 94.158810
33.375250, 98.284590
31.326625, 102.410370
29.249066, 106.536150
27.146049, 110.661930
25.021039, 114.787710
22.877528, 118.913490
20.719000, 123.039270
18.548929, 127.165050
16.370790, 131.290830
14.188034, 135.416610
12.004092, 139.542390
9.822368, 143.668170
7.646234, 147.793950
5.479023, 151.919730
3.324026, 156.045510
1.184486, 160.171290
0.936407, 344.297070
3.035521, 348.422850
5.109789, 352.548630
7.156205, 356.674410
9.171842, 0.800190
11.153842, 4.925970
13.099432, 9.051750
15.005919, 13.177530
16.870699, 17.303310
18.691261, 21.429090
20.465182, 25.554870
22.190149, 29.680650
23.863931, 33.806430
25.484423, 37.932210
27.049608, 42.057990
28.557584, 46.183770
30.006563, 50.309550
31.394864, 54.435330
32.720926, 58.561110
33.983303, 62.686890
35.180655, 66.812670
36.311782, 70.938450
37.375594, 75.064230
38.371110, 79.190010
39.297482, 83.315790
40.153993, 87.441570
40.940024, 91.567350
41.655101, 95.693130
42.298846, 99.818910
42.871018, 103.944690
43.371507, 108.070470
43.800292, 112.196250
44.157492, 116.322030
44.443339, 120.447810
44.658172, 124.573590
44.802453, 128.699370
44.876756, 132.825150
44.881744, 136.950930
44.818228, 141.076710
44.687073, 145.202490
44.489298, 149.328270
44.225979, 153.454050
43.898312, 157.579830
43.507584, 161.705610
43.055166, 165.831390
42.542513, 169.957170
41.971187, 174.082950
41.342809, 178.208730
40.659089, 182.334510
39.921797, 186.460290
39.132776, 190.586070
38.293952, 194.711850
37.407295, 198.837630
36.474831, 202.963410
35.498651, 207.089190
34.480893, 211.214970
33.423733, 215.340750
32.329396, 219.466530
31.200136, 223.592310
30.038253, 227.718090
28.846046, 231.843870
27.625877, 235.969650
26.380101, 240.095430
25.111091, 244.221210
23.821237, 248.346990
22.512929, 252.472770
21.188565, 256.598550
19.850540, 260.724330
18.501239, 264.850110
17.143041, 268.975890
15.778305, 273.101670
14.409376, 277.227450
13.038573, 281.353230
11.668193, 285.479010
10.300502, 289.604790
8.937729, 293.730570
7.582068, 297.856350
6.235671, 301.982130
4.900647, 306.107910
3.579056, 310.233690
2.272910, 314.359470
0.984163, 318.485250
0.285283, 142.611030
1.533589, 146.736810
2.758976, 150.862590
3.959728, 154.988370
5.134200, 159.114150
6.280813, 163.239930
7.398059, 167.365710
8.484503, 171.491490
9.538788, 175.617270
10.559629, 179.743050
11.545821, 183.868830
12.496232, 187.994610
13.409824, 192.120390
14.285626, 196.246170
15.122752, 200.371950
15.920406, 204.497730
16.677867, 208.623510
17.394505, 212.749290
18.069756, 216.875070
18.703163, 221.000850
19.294335, 225.126630
19.842975, 229.252410
20.348859, 233.378190
20.811852, 237.503970
21.231885, 241.629750
21.609001, 245.755530
21.943291, 249.881310
22.234937, 254.007090
22.484193, 258.132870
22.691394, 262.258650
22.856941, 266.384430
22.981325, 270.510210
23.065078, 274.635990
23.108821, 278.761770
23.113228, 282.887550
23.079050, 287.013330
23.007097, 291.139110
22.898230, 295.264890
22.753375, 299.390670
22.573495, 303.516450
22.359641, 307.642230
22.112866, 311.768010
21.834306, 315.893790
21.525123, 320.019570
21.186529, 324.145350
20.819752, 328.271130
20.426095, 332.396910
20.006845, 336.522690
19.563364, 340.648470
19.096993, 344.774250
18.609131, 348.900030
18.101181, 353.025810
17.574569, 357.151590
17.030717, 1.277370
16.471093, 5.403150
15.897127, 9.528930
15.310289, 13.654710
14.712031, 17.780490
14.103814, 21.906270
13.487075, 26.032050
12.863268, 30.157830
12.233823, 34.283610
11.600152, 38.409390
10.963668, 42.535170
10.325737, 46.660950
9.687735, 50.786730
9.050991, 54.912510
8.416810, 59.038290
7.786483, 63.164070
7.161255, 67.289850
6.542335, 71.415630
5.930914, 75.541410
5.328123, 79.667190
4.735070, 83.792970
4.152813, 87.918750
3.582369, 92.044530
3.024713, 96.170310
2.480764, 100.296090
1.951404, 104.421870
1.437461, 108.547650
0.939712, 112.673430
0.458883, 116.799210
0.004352, 300.924990
0.449370, 305.050770
0.875606, 309.176550
1.282546, 313.302330
1.669733, 317.428110
2.036764, 321.553890
2.383292, 325.679670
2.709025, 329.805450
3.013727, 333.931230
3.297214, 338.057010
3.559363, 342.182790
3.800101, 346.308570
4.019412, 350.434350
4.217330, 354.560130
4.393946, 358.685910
4.549399, 2.811690
4.683882, 6.937470
4.797636, 11.063250
4.890951, 15.189030
4.964165, 19.314810
5.017664, 23.440590
5.051875, 27.566370
5.067272, 31.692150
5.064368, 35.817930
5.043716, 39.943710
5.005911, 44.069490
4.951579, 48.195270
4.881385, 52.321050
4.796024, 56.446830
4.696223, 60.572610
4.582736, 64.698390
4.456346, 68.824170
4.317857, 72.949950
4.168098, 77.075730
4.007917, 81.201510
3.838178, 85.327290
3.659763, 89.453070
3.473566, 93.578850
3.280490, 97.704630
3.081450, 101.830410
2.877362, 105.956190
2.669153, 110.081970
2.457744, 114.207750
2.244060, 118.333530
2.029021, 122.459310
1.813544, 126.585090
1.598534, 130.710870
1.384890, 134.836650
1.173497, 138.962430
0.965228, 143.088210
0.760938, 147.213990
0.561465, 151.339770
0.367624, 155.465550
0.180213, 159.591330
0.000000, 163.717110
##END=
##XYPOINTS= (XY..XY)
0.000000, 0.000000
0.200600, 0.000000
0.401999, 0.000000
0.604194, 0.000000
0.807180, 0.000000
1.010956, 0.000000
1.215517, 0.000000
1.420861, 0.000000
1.626984, 0.000000
1.833883, 0.000000
2.041554, 0.000000
2.249995, 0.000000
2.459202, 0.000000
2.669172, 0.000000
2.879900, 0.000000
3.091385, 0.000000
3.303621, 0.000000
3.516607, 0.000000
3.730337, 0.000000
3.944810, 0.000000
4.160021, 0.000000
4.375966, 0.000000
4.592642, 0.000000
4.810046, 0.000000
5.028173, 0.000000
5.247021, 0.000000
5.466585, 0.000000
5.686861, 0.000000
5.907847, 0.000000
6.129537, 0.000000
6.351929, 0.000000
6.575019, 0.000000
6.798802, 0.000000
7.023275, 0.000000
7.248435, 0.000000
7.474276, 0.000000
7.700796, 0.000000
7.927990, 0.000000
8.155854, 0.000000
8.384384, 0.000000
8.613577, 0.000000
8.843428, 0.000000
9.073933, 0.000000
9.305089, 0.000000
9.536890, 0.000000
9.769334, 0.000000
10.002420, 0.000000
10.236130, 0.000000
10.470470, 0.000000
10.705440, 0.000000
10.941030, 0.000000
11.177240, 0.000000
11.414060, 0.000000
11.651490, 0.000000
11.889520, 0.000000
12.128150, 0.000000
12.367380, 0.000000
12.607200, 0.000000
12.847600, 0.000000
13.088590, 0.000000
13.330160, 0.000000
13.572290, 0.000000
13.815000, 0.000000
14.058270, 0.000000
14.302100, 0.000000
14.546490, 0.000000
14.791420, 0.000000
15.036910, 0.000000
15.282930, 0.000000
15.529490, 0.000000
15.776590, 0.000000
16.024210, 0.000000
16.272350, 0.000000
16.521020, 0.000000
16.770190, 0.000000
17.019880, 0.000000
17.270070, 0.000000
17.520760, 0.000000
17.771950, 0.000000
18.023620, 0.000000
18.275780, 0.000000
18.528420, 0.000000
18.781540, 0.000000
19.035120, 0.000000
19.289180, 0.000000
19.543690, 0.000000
19.798660, 0.000000
20.054080, 0.000000
20.309950, 0.000000
20.566250, 0.000000
20.823000, 0.000000
21.080170, 0.000000
21.337780, 0.000000
21.595800, 0.000000
21.854240, 0.000000
22.113090, 0.000000
22.372350, 0.000000
22.632000, 0.000000
22.892060, 0.000000
23.152500, 0.000000
23.413330, 0.000000
23.674540, 0.000000
23.936130, 0.000000
24.198090, 0.000000
24.460410, 0.000000
24.723090, 0.000000
24.986120, 0.000000
25.249510, 0.000000
25.513240, 0.000000
25.777310, 0.000000
26.041710, 0.000000
26.306440, 0.000000
26.571490, 0.000000
26.836870, 0.000000
27.102550, 0.000000
27.368540, 0.000000
27.634830, 0.000000
27.901420, 0.000000
28.168300, 0.000000
28.435470, 0.000000
28.702910, 0.000000
28.970630, 0.000000
29.238620, 0.000000
29.506880, 0.000000
29.775390, 0.000000
30.044150, 0.000000
30.313170, 0.000000
30.582420, 0.000000
30.851910, 0.000000
31.121630, 0.000000
31.391580, 0.000000
31.661750, 0.000000
31.932130, 0.000000
32.202720, 0.000000
32.473520, 0.000000
32.744510, 0.000000
33.015690, 0.000000
33.287060, 0.000000
33.558620, 0.000000
33.830340, 0.000000
34.102240, 0.000000
34.374300, 0.000000
34.646520, 0.000000
34.918890, 0.000000
35.191410, 0.000000
35.464070, 0.000000
35.736870, 0.000000
36.009800, 0.000000
36.282850, 0.000000
36.556020, 0.000000
36.829300, 0.000000
37.102690, 0.000000
37.376180, 0.000000
37.649770, 0.000000
37.923450, 0.000000
38.197210, 0.000000
38.471050, 0.000000
38.744960, 0.000000
39.018940, 0.000000
39.292990, 0.000000
39.567080, 0.000000
39.841230, 0.000000
40.115420, 0.000000
40.389650, 0.000000
40.663910, 0.000000
40.938200, 0.000000
41.212510, 0.000000
41.486830, 0.000000
41.761160, 0.000000
42.035500, 0.000000
42.309830, 0.000000
42.584150, 0.000000
42.858460, 0.000000
43.132750, 0.000000
43.407020, 0.000000
43.681250, 0.000000
43.955440, 0.000000
44.229590, 0.000000
44.503690, 0.000000
44.777730, 0.000000
45.051720, 0.000000
45.325630, 0.000000
45.599480, 0.000000
45.873240, 0.000000
46.146920, 0.000000
46.420510, 0.000000
46.694000, 0.000000
46.967390, 0.000000
47.240670, 0.000000
47.513830, 0.000000
47.786880, 0.000000
48.059800, 0.000000
48.332580, 0.000000
48.605230, 0.000000
48.877730, 0.000000
49.150090, 0.000000
49.422290, 0.000000
49.694320, 0.000000
49.966190, 0.000000
50.237890, 0.000000
50.509400, 0.000000
50.780730, 0.000000
51.051870, 0.000000
51.322810, 0.000000
51.593550, 0.000000
51.864080, 0.000000
52.134390, 0.000000
52.404490, 0.000000
52.674350, 0.000000
52.943990, 0.000000
53.213380, 0.000000
53.482530, 0.000000
53.751430, 0.000000
54.020070, 0.000000
54.288450, 0.000000
54.556560, 0.000000
54.824400, 0.000000
55.091950, 0.000000
55.359220, 0.000000
55.626200, 0.000000
55.892880, 0.000000
56.159260, 0.000000
56.425330, 0.000000
56.691080, 0.000000
56.956510, 0.000000
57.221610, 0.000000
57.486380, 0.000000
57.750810, 0.000000
58.014900, 0.000000
58.278630, 0.000000
58.542010, 0.000000
58.805030, 0.000000
59.067670, 0.000000
59.329950, 0.000000
59.591840, 0.000000
59.853350, 0.000000
60.114460, 0.000000
60.375180, 0.000000
60.635490, 0.000000
60.895400, 0.000000
61.154890, 0.000000
61.413960, 0.000000
61.672600, 0.000000
61.930810, 0.000000
62.188580, 0.000000
62.445910, 0.000000
62.702790, 0.000000
62.959210, 0.000000
63.215170, 0.000000
63.470670, 0.000000
63.725690, 0.000000
63.980230, 0.000000
64.234290, 0.000000
64.487860, 0.000000
64.740930, 0.000000
64.993500, 0.000000
65.245570, 0.000000
65.497120, 0.000000
65.748160, 0.000000
65.998670, 0.000000
66.248650, 0.000000
66.498090, 0.000000
66.747000, 0.000000
66.995350, 0.000000
67.243160, 0.000000
67.490410, 0.000000
67.737090, 0.000000
67.983200, 0.000000
68.228740, 0.000000
68.473700, 0.000000
68.718080, 0.000000
68.961860, 0.000000
69.205050, 0.000000
69.447630, 0.000000
69.689610, 0.000000
69.930970, 0.000000
70.171720, 0.000000
70.411840, 0.000000
70.651330, 0.000000
70.890180, 0.000000
71.128390, 0.000000
71.365960, 0.000000
71.602880, 0.000000
71.839140, 0.000000
72.074740, 0.000000
72.309670, 0.000000
72.543920, 0.000000
72.777500, 0.000000
73.010400, 0.000000
73.242600, 0.000000
73.474110, 0.000000
73.704920, 0.000000
73.935030, 0.000000
74.164430, 0.000000
74.393110, 0.000000
74.621070, 0.000000
74.848300, 0.000000
75.074810, 0.000000
75.300570, 0.000000
75.525600, 0.000000
75.749880, 0.000000
75.973400, 0.000000
76.196170, 0.000000
76.418180, 0.000000
76.639420, 0.000000
76.859890, 0.000000
77.079580, 0.000000
77.298490, 0.000000
77.516610, 0.000000
77.733940, 0.000000
77.950470, 0.000000
78.166200, 0.000000
78.381120, 0.000000
78.595230, 0.000000
78.808520, 0.000000
79.020990, 0.000000
79.232640, 0.000000
79.443450, 0.000000
79.653420, 0.000000
79.862550, 0.000000
80.070840, 0.000000
80.278270, 0.000000
80.484850, 0.000000
80.690560, 0.000000
80.895410, 0.000000
81.099390, 0.000000
81.302500, 0.000000
81.504720, 0.000000
81.706060, 0.000000
81.906520, 0.000000
82.106070, 0.000000
82.304730, 0.000000
82.502490, 0.000000
82.699330, 0.000000
82.895270, 0.000000
83.090290, 0.000000
83.284390, 0.000000
83.477560, 0.000000
83.669800, 0.000000
83.861100, 0.000000
84.051470, 0.000000
84.240890, 0.000000
84.429370, 0.000000
84.616890, 0.000000
84.803460, 0.000000
84.989060, 0.000000
85.173700, 0.000000
85.357370, 0.000000
85.540060, 0.000000
85.721780, 0.000000
85.902510, 0.000000
86.082260, 0.000000
86.261020, 0.000000
86.438780, 0.000000
86.615540, 0.000000
86.791300, 0.000000
86.966050, 0.000000
87.139790, 0.000000
87.312510, 0.000000
87.484210, 0.000000
87.654890, 0.000000
87.824540, 0.000000
87.993160, 0.000000
88.160750, 0.000000
88.327290, 0.000000
88.492790, 0.000000
88.657250, 0.000000
88.820650, 0.000000
88.983000, 0.000000
89.144290, 0.000000
89.304510, 0.000000
89.463670, 0.000000
89.621760, 0.000000
89.778780, 0.000000
89.934720, 0.000000
90.089580, 0.000000
90.243350, 0.000000
90.396030, 0.000000
90.547630, 0.000000
90.698120, 0.000000
90.847520, 0.000000
90.995820, 0.000000
91.143010, 0.000000
91.289090, 0.000000
91.434050, 0.000000
91.577900, 0.000000
91.720640, 0.000000
91.862240, 0.000000
92.002730, 0.000000
92.142080, 0.000000
92.280300, 0.000000
92.417380, 0.000000
92.553320, 0.000000
92.688120, 0.000000
92.821780, 0.000000
92.954290, 0.000000
93.085640, 0.000000
93.215840, 0.000000
93.344880, 0.000000
93.472760, 0.000000
93.599470, 0.000000
93.725020, 0.000000
93.849400, 0.000000
93.972610, 0.000000
94.094630, 0.000000
94.215480, 0.000000
94.335150, 0.000000
94.453640, 0.000000
94.570930, 0.000000
94.687040, 0.000000
94.801950, 0.000000
94.915670, 0.000000
95.028190, 0.000000
95.139510, 0.000000
95.249620, 0.000000
95.358530, 0.000000
95.466230, 0.000000
95.572720, 0.000000
95.677990, 0.000000
95.782050, 0.000000
95.884890, 0.000000
95.986510, 0.000000
96.086910, 0.000000
96.186080, 0.000000
96.284020, 0.000000
96.380730, 0.000000
96.476210, 0.000000
96.570450, 0.000000
96.663450, 0.000000
96.755220, 0.000000
96.845740, 0.000000
96.935020, 0.000000
97.023060, 0.000000
97.109840, 0.000000
97.195380, 0.000000
97.279660, 0.000000
97.362690, 0.000000
97.444470, 0.000000
97.524980, 0.000000
97.604240, 0.000000
97.682230, 0.000000
97.758960, 0.000000
97.834430, 0.000000
97.908620, 0.000000
97.981550, 0.000000
98.053210, 0.000000
98.123600, 0.000000
98.192710, 0.000000
98.260540, 0.000000
98.327100, 0.000000
98.392380, 0.000000
98.456380, 0.000000
98.519100, 0.000000
98.580530, 0.000000
98.640680, 0.000000
98.699540, 0.000000
98.757120, 0.000000
98.813400, 0.000000
98.868400, 0.000000
98.922100, 0.000000
98.974510, 0.000000
99.025630, 0.000000
99.075450, 0.000000
99.123970, 0.000000
99.171200, 0.000000
99.217120, 0.000000
99.261750, 0.000000
99.305080, 0.000000
99.347100, 0.000000
99.387820, 0.000000
99.427240, 0.000000
99.465350, 0.000000
99.502160, 0.000000
99.537660, 0.000000
99.571850, 0.000000
99.604730, 0.000000
99.636300, 0.000000
99.666570, 0.000000
99.695520, 0.000000
99.723160, 0.000000
99.749490, 0.000000
99.774510, 0.000000
99.798210, 0.000000
99.820600, 0.000000
99.841680, 0.000000
99.861440, 0.000000
99.879890, 0.000000
99.897020, 0.000000
99.912830, 0.000000
99.927330, 0.000000
99.940510, 0.000000
99.952370, 0.000000
99.962920, 0.000000
99.972150, 0.000000
99.980060, 0.000000
99.986650, 0.000000
99.991920, 0.000000
99.995880, 0.000000
99.998520, 0.000000
99.999840, 0.000000
99.999840, 0.000000
99.998520, 0.000000
99.995880, 0.000000
99.991920, 0.000000
99.986650, 0.000000
99.980060, 0.000000
99.972150, 0.000000
99.962920, 0.000000
99.952370, 0.000000
99.940510, 0.000000
99.927330, 0.000000
99.912830, 0.000000
99.897020, 0.000000
99.879890, 0.000000
99.861440, 0.000000
99.841680, 0.000000
99.820600, 0.000000
99.798210, 0.000000
99.774510, 0.000000
99.749490, 0.000000
99.723160, 0.000000
99.695520, 0.000000
99.666570, 0.000000
99.636300, 0.000000
99.604730, 0.000000
99.571850, 0.000000
99.537660, 0.000000
99.502160, 0.000000
99.465350, 0.000000
99.427240, 0.000000
99.387820, 0.000000
99.347100, 0.000000
99.305080, 0.000000
99.261750, 0.000000
99.217120, 0.000000
99.171200, 0.000000
99.123970, 0.000000
99.075450, 0.000000
99.025630, 0.000000
98.974510, 0.000000
98.922100, 0.000000
98.868400, 0.000000
98.813400, 0.000000
98.757120, 0.000000
98.699540, 0.000000
98.640680, 0.000000
98.580530, 0.000000
98.519100, 0.000000
98.456380, 0.000000
98.392380, 0.000000
98.327100, 0.000000
98.260540, 0.000000
98.192710, 0.000000
98.123600, 0.000000
98.053210, 0.000000
97.981550, 0.000000
97.908620, 0.000000
97.834430, 0.000000
97.758960, 0.000000
97.682230, 0.000000
97.604240, 0.000000
97.524980, 0.000000
97.444470, 0.000000
97.362690, 0.000000
97.279660, 0.000000
97.195380, 0.000000
97.109840, 0.000000
97.023060, 0.000000
96.935020, 0.000000
96.845740, 0.000000
96.755220, 0.000000
96.663450, 0.000000
96.570450, 0.000000
96.476210, 0.000000
96.380730, 0.000000
96.284020, 0.000000
96.186080, 0.000000
96.086910, 0.000000
95.986510, 0.000000
95.884890, 0.000000
95.782050, 0.000000
95.677990, 0.000000
95.572720, 0.000000
95.466230, 0.000000
95.358530, 0.000000
95.249620, 0.000000
95.139510, 0.000000
95.028190, 0.000000
94.915670, 0.000000
94.801950, 0.000000
94.687040, 0.000000
94.570930, 0.000000
94.453640, 0.000000
94.335150, 0.000000
94.215480, 0.000000
94.094630, 0.000000
93.972610, 0.000000
93.849400, 0.000000
93.725020, 0.000000
93.599470, 0.000000
93.472760, 0.000000
93.344880, 0.000000
93.215840, 0.000000
93.085640, 0.000000
92.954290, 0.000000
92.821780, 0.000000
92.688120, 0.000000
92.553320, 0.000000
92.417380, 0.000000
92.280300, 0.000000
92.142080, 0.000000
92.002730, 0.000000
91.862240, 0.000000
91.720640, 0.000000
91.577900, 0.000000
91.434050, 0.000000
91.289090, 0.000000
91.143010, 0.000000
90.995820, 0.000000
90.847520, 0.000000
90.698120, 0.000000
90.547630, 0.000000
90.396030, 0.000000
90.243350, 0.000000
90.089580, 0.000000
89.934720, 0.000000
89.778780, 0.000000
89.621760, 0.000000
89.463670, 0.000000
89.304510, 0.000000
89.144290, 0.000000
88.983000, 0.000000
88.820650, 0.000000
88.657250, 0.000000
88.492790, 0.000000
88.327290, 0.000000
88.160750, 0.000000
87.993160, 0.000000
87.824540, 0.000000
87.654890, 0.000000
87.484210, 0.000000
87.312510, 0.000000
87.139790, 0.000000
86.966050, 0.000000
86.791300, 0.000000
86.615540, 0.000000
86.438780, 0.000000
86.261020, 0.000000
86.082260, 0.000000
85.902510, 0.000000
85.721780, 0.000000
85.540060, 0.000000
85.357370, 0.000000
85.173700, 0.000000
84.989060, 0.000000
84.803460, 0.000000
84.616890, 0.000000
84.429370, 0.000000
84.240890, 0.000000
84.051470, 0.000000
83.861100, 0.000000
83.669800, 0.000000
83.477560, 0.000000
83.284390, 0.000000
83.090290, 0.000000
82.895270, 0.000000
82.699330, 0.000000
82.502490, 0.000000
82.304730, 0.000000
82.106070, 0.000000
81.906520, 0.000000
81.706060, 0.000000
81.504720, 0.000000
81.302500, 0.000000
81.099390, 0.000000
80.895410, 0.000000
80.690560, 0.000000
80.484850, 0.000000
80.278270, 0.000000
80.070840, 0.000000
79.862550, 0.000000
79.653420, 0.000000
79.443450, 0.000000
79.232640, 0.000000
79.020990, 0.000000
78.808520, 0.000000
78.595230, 0.000000
78.381120, 0.000000
78.166200, 0.000000
77.950470, 0.000000
77.733940, 0.000000
77.516610, 0.000000
77.298490, 0.000000
77.079580, 0.000000
76.859890, 0.000000
76.639420, 0.000000
76.418180, 0.000000
76.196170, 0.000000
75.973400, 0.000000
75.749880, 0.000000
75.525600, 0.000000
75.300570, 0.000000
75.074810, 0.000000
74.848300, 0.000000
74.621070, 0.000000
74.393110, 0.000000
74.164430, 0.000000
73.935030, 0.000000
73.704920, 0.000000
73.474110, 0.000000
73.242600, 0.000000
73.010400, 0.000000
72.777500, 0.000000
72.543920, 0.000000
72.309670, 0.000000
72.074740, 0.000000
71.839140, 0.000000
71.602880, 0.000000
71.365960, 0.000000
71.128390, 0.000000
70.890180, 0.000000
70.651330, 0.000000
70.411840, 0.000000
70.171720, 0.000000
69.930970, 0.000000
69.689610, 0.000000
69.447630, 0.000000
69.205050, 0.000000
68.961860, 0.000000
68.718080, 0.000000
68.473700, 0.000000
68.228740, 0.000000
67.983200, 0.000000
67.737090, 0.000000
67.490410, 0.000000
67.243160, 0.000000
66.995350, 0.000000
66.747000, 0.000000
66.498090, 0.000000
66.248650, 0.000000
65.998670, 0.000000
65.748160, 0.000000
65.497120, 0.000000
65.245570, 0.000000
64.993500, 0.000000
64.740930, 0.000000
64.487860, 0.000000
64.234290, 0.000000
63.980230, 0.000000
63.725690, 0.000000
63.470670, 0.000000
63.215170, 0.000000
62.959210, 0.000000
62.702790, 0.000000
62.445910, 0.000000
62.188580, 0.000000
61.930810, 0.000000
61.672600, 0.000000
61.413960, 0.000000
61.154890, 0.000000
60.895400, 0.000000
60.635490, 0.000000
60.375180, 0.000000
60.114460, 0.000000
59.853350, 0.000000
59.591840, 0.000000
59.329950, 0.000000
59.067670, 0.000000
58.805030, 0.000000
58.542010, 0.000000
58.278630, 0.000000
58.014900, 0.000000
57.750810, 0.000000
57.486380, 0.000000
57.221610, 0.000000
56.956510, 0.000000
56.691080, 0.000000
56.425330, 0.000000
56.159260, 0.000000
55.892880, 0.000000
55.626200, 0.000000
55.359220, 0.000000
55.091950, 0.000000
54.824400, 0.000000
54.556560, 0.000000
54.288450, 0.000000
54.020070, 0.000000
53.751430, 0.000000
53.482530, 0.000000
53.213380, 0.000000
52.943990, 0.000000
52.674350, 0.000000
52.404490, 0.000000
52.134390, 0.000000
51.864080, 0.000000
51.593550, 0.000000
51.322810, 0.000000
51.051870, 0.000000
50.780730, 0.000000
50.509400, 0.000000
50.237890, 0.000000
49.966190, 0.000000
49.694320, 0.000000
49.422290, 0.000000
49.150090, 0.000000
48.877730, 0.000000
48.605230, 0.000000
48.332580, 0.000000
48.059800, 0.000000
47.786880, 0.000000
47.513830, 0.000000
47.240670, 0.000000
46.967390, 0.000000
46.694000, 0.000000
46.420510, 0.000000
46.146920, 0.000000
45.873240, 0.000000
45.599480, 0.000000
45.325630, 0.000000
45.051720, 0.000000
44.777730, 0.000000
44.503690, 0.000000
44.229590, 0.000000
43.955440, 0.000000
43.681250, 0.000000
43.407020, 0.000000
43.132750, 0.000000
42.858460, 0.000000
42.584150, 0.000000
42.309830, 0.000000
42.035500, 0.000000
41.761160, 0.000000
41.486830, 0.000000
41.212510, 0.000000
40.938200, 0.000000
40.663910, 0.000000
40.389650, 0.000000
40.115420, 0.000000
39.841230, 0.000000
39.567080, 0.000000
39.292990, 0.000000
39.018940, 0.000000
38.744960, 0.000000
38.471050, 0.000000
38.197210, 0.000000
37.923450, 0.000000
37.649770, 0.000000
37.376180, 0.000000
37.102690, 0.000000
36.829300, 0.000000
36.556020, 0.000000
36.282850, 0.000000
36.009800, 0.000000
35.736870, 0.000000
35.464070, 0.000000
35.191410, 0.000000
34.918890, 0.000000
34.646520, 0.000000
34.374300, 0.000000
34.102240, 0.000000
33.830340, 0.000000
33.558620, 0.000000
33.287060, 0.000000
33.015690, 0.000000
32.744510, 0.000000
32.473520, 0.000000
32.202720, 0.000000
31.932130, 0.000000
31.661750, 0.000000
31.391580, 0.000000
31.121630, 0.000000
30.851910, 0.000000
30.582420, 0.000000
30.313170, 0.000000
30.044150, 0.000000
29.775390, 0.000000
29.506880, 0.000000
29.238620, 0.000000
28.970630, 0.000000
28.702910, 0.000000
28.435470, 0.000000
28.168300, 0.000000
27.901420, 0.000000
27.634830, 0.000000
27.368540, 0.000000
27.102550, 0.000000
26.836870, 0.000000
26.571490, 0.000000
26.306440, 0.000000
26.041710, 0.000000
25.777310, 0.000000
25.513240, 0.000000
25.249510, 0.000000
24.986120, 0.000000
24.723090, 0.000000
24.460410, 0.000000
24.198090, 0.000000
23.936130, 0.000000
23.674540, 0.000000
23.413330, 0.000000
23.152500, 0.000000
22.892060, 0.000000
22.632000, 0.000000
22.372350, 0.000000
22.113090, 0.000000
21.854240, 0.000000
21.595800, 0.000000
21.337780, 0.000000
21.080170, 0.000000
20.823000, 0.000000
20.566250, 0.000000
20.309950, 0.000000
20.054080, 0.000000
19.798660, 0.000000
19.543690, 0.000000
19.289180, 0.000000
19.035120, 0.000000
18.781540, 0.000000
18.528420, 0.000000
18.275780, 0.000000
18.023620, 0.000000
17.771950, 0.000000
17.520760, 0.000000
17.270070, 0.000000
17.019880, 0.000000
16.770190, 0.000000
16.521020, 0.000000
16.272350, 0.000000
16.024210, 0.000000
15.776590, 0.000000
15.529490, 0.000000
15.282930, 0.000000
15.036910, 0.000000
14.791420, 0.000000
14.546490, 0.000000
14.302100, 0.000000
14.058270, 0.000000
13.815000, 0.000000
13.572290, 0.000000
13.330160, 0.000000
13.088590, 0.000000
12.847600, 0.000000
12.607200, 0.000000
12.367380, 0.000000
12.128150, 0.000000
11.889520, 0.000000
11.651490, 0.000000
11.414060, 0.000000
11.177240, 0.000000
10.941030, 0.000000
10.705440, 0.000000
10.470470, 0.000000
10.236130, 0.000000
10.002420, 0.000000
9.769334, 0.000000
9.536890, 0.000000
9.305089, 0.000000
9.073933, 0.000000
8.843428, 0.000000
8.613577, 0.000000
8.384384, 0.000000
8.155854, 0.000000
7.927990, 0.000000
7.700796, 0.000000
7.474276, 0.000000
7.248435, 0.000000
7.023275, 0.000000
6.798802, 0.000000
6.575019, 0.000000
6.351929, 0.000000
6.129537, 0.000000
5.907847, 0.000000
5.686861, 0.000000
5.466585, 0.000000
5.247021, 0.000000
5.028173, 0.000000
4.810046, 0.000000
4.592642, 0.000000
4.375966, 0.000000
4.160021, 0.000000
3.944810, 0.000000
3.730337, 0.000000
3.516607, 0.000000
3.303621, 0.000000
3.091385, 0.000000
2.879900, 0.000000
2.669172, 0.000000
2.459202, 0.000000
2.249995, 0.000000
2.041554, 0.000000
1.833883, 0.000000
1.626984, 0.000000
1.420861, 0.000000
1.215517, 0.000000
1.010956, 0.000000
0.807180, 0.000000
0.604194, 0.000000
0.401999, 0.000000
0.200600, 0.000000
0.000000, 0.000000
##END=
