##TITLE=auto
##------------Pulse PARAMETERS -----------
##Carrier  = 0.00 ppm
##SpecFreq = 376.47 MHz
##Regions: All: -170.00-170.00(600) 
##Targets: All: Iz->-Iy 
##Total_Duration = 1000.00 us
##Iterations = 3000 
##Maximum_Amplitude        = 12500.00 Hz
##Equivalent_fullpower_90o = 20.00 us
###fidelity = 0.00682611 Hz (pulse: 0.00682611  miss: -nan)
##MINX= 1.000000E02
##MAXX= 1.000000E02
##MINY= 0.000000E00
##MAXY= 3.600000E02
##$SHAPE_EXMODE= Excitation
##$SHAPE_TOTROT= 18.000000E01
##$SHAPE_TYPE= Excitation
##$SHAPE_USER_DEF= 
##$SHAPE_REPHFAC= 
##$SHAPE_BWFAC= 4.0000E-02
##$SHAPE_BWFAC50= 
##$SHAPE_INTEGFAC= 4.0000E-02
##$SHAPE_MODE= 0
##NPOINTS= 1000
##XYPOINTS= (XY..XY)
1.000000e+02, 2.511669e+02
1.000000e+02, 2.077450e+02
1.000000e+02, 9.204978e+01
1.000000e+02, 7.253930e+01
1.000000e+02, 6.259357e+01
1.000000e+02, 5.177619e+01
1.000000e+02, 4.134877e+01
1.000000e+02, 9.518448e+01
1.000000e+02, 2.552104e+02
1.000000e+02, 2.627319e+02
1.000000e+02, 2.678943e+02
1.000000e+02, 2.721939e+02
1.000000e+02, 2.826000e+02
1.000000e+02, 2.936780e+02
1.000000e+02, 3.462103e+02
1.000000e+02, 8.787048e+01
1.000000e+02, 1.229067e+02
1.000000e+02, 1.429073e+02
1.000000e+02, 1.547374e+02
1.000000e+02, 1.740026e+02
1.000000e+02, 1.971322e+02
1.000000e+02, 2.309057e+02
1.000000e+02, 2.879969e+02
1.000000e+02, 3.500448e+02
1.000000e+02, 3.227079e+01
1.000000e+02, 5.895966e+01
1.000000e+02, 7.960993e+01
1.000000e+02, 9.675439e+01
1.000000e+02, 1.141216e+02
1.000000e+02, 1.280461e+02
1.000000e+02, 1.223175e+02
1.000000e+02, 7.507865e+00
1.000000e+02, 2.985537e+02
1.000000e+02, 2.957048e+02
1.000000e+02, 2.988067e+02
1.000000e+02, 3.020829e+02
1.000000e+02, 3.067393e+02
1.000000e+02, 2.855331e+02
1.000000e+02, 2.503403e+02
1.000000e+02, 1.968735e+02
1.000000e+02, 1.612652e+02
1.000000e+02, 1.450585e+02
1.000000e+02, 1.358284e+02
1.000000e+02, 1.299036e+02
1.000000e+02, 1.222532e+02
1.000000e+02, 1.121206e+02
1.000000e+02, 9.660156e+01
1.000000e+02, 7.632728e+01
1.000000e+02, 5.236144e+01
1.000000e+02, 2.904275e+01
1.000000e+02, 8.829771e+00
1.000000e+02, 3.502798e+02
1.000000e+02, 3.431304e+02
1.000000e+02, 3.403110e+02
1.000000e+02, 3.381952e+02
1.000000e+02, 1.485730e+01
1.000000e+02, 2.742605e+02
1.000000e+02, 3.154207e+02
1.000000e+02, 3.401653e+02
1.000000e+02, 2.373194e+02
1.000000e+02, 2.410065e+02
1.000000e+02, 2.505835e+02
1.000000e+02, 3.076910e+02
1.000000e+02, 1.781449e+02
1.000000e+02, 2.186857e+02
1.000000e+02, 2.424017e+02
1.000000e+02, 2.896087e+02
1.000000e+02, 4.891659e+01
1.000000e+02, 1.226740e+02
1.000000e+02, 1.537640e+02
1.000000e+02, 1.728467e+02
1.000000e+02, 2.226720e+02
1.000000e+02, 3.428083e+02
1.000000e+02, 7.267456e+01
1.000000e+02, 1.107663e+02
1.000000e+02, 1.447222e+02
1.000000e+02, 2.461909e+02
1.000000e+02, 3.002953e+02
1.000000e+02, 3.454300e+02
1.000000e+02, 1.468132e+01
1.000000e+02, 4.411622e+01
1.000000e+02, 3.493943e+02
1.000000e+02, 2.278618e+02
1.000000e+02, 2.222977e+02
1.000000e+02, 1.212494e+02
1.000000e+02, 1.314036e+02
1.000000e+02, 1.219957e+02
1.000000e+02, 1.151550e+02
1.000000e+02, 1.082521e+02
1.000000e+02, 1.005669e+02
1.000000e+02, 9.034594e+01
1.000000e+02, 7.564437e+01
1.000000e+02, 5.221943e+01
1.000000e+02, 1.341727e+01
1.000000e+02, 3.186137e+02
1.000000e+02, 2.656769e+02
1.000000e+02, 2.265745e+02
1.000000e+02, 1.929722e+02
1.000000e+02, 1.502636e+02
1.000000e+02, 1.023749e+02
1.000000e+02, 6.804935e+01
1.000000e+02, 4.812625e+01
1.000000e+02, 3.438308e+01
1.000000e+02, 2.360422e+01
1.000000e+02, 1.209074e+01
1.000000e+02, 3.830707e-02
1.000000e+02, 3.479605e+02
1.000000e+02, 3.364999e+02
1.000000e+02, 3.250836e+02
1.000000e+02, 3.141973e+02
1.000000e+02, 3.054737e+02
1.000000e+02, 2.980575e+02
1.000000e+02, 2.915702e+02
1.000000e+02, 2.867749e+02
1.000000e+02, 2.832133e+02
1.000000e+02, 2.806019e+02
1.000000e+02, 2.780084e+02
1.000000e+02, 2.784659e+02
1.000000e+02, 2.789719e+02
1.000000e+02, 2.859111e+02
1.000000e+02, 2.781049e+02
1.000000e+02, 2.414714e+02
1.000000e+02, 1.968720e+02
1.000000e+02, 1.684564e+02
1.000000e+02, 1.474039e+02
1.000000e+02, 1.341941e+02
1.000000e+02, 1.159440e+02
1.000000e+02, 8.712191e+01
1.000000e+02, 5.174559e+01
1.000000e+02, 1.135246e+01
1.000000e+02, 3.348558e+02
1.000000e+02, 3.093799e+02
1.000000e+02, 2.941972e+02
1.000000e+02, 2.764388e+02
1.000000e+02, 2.556871e+02
1.000000e+02, 2.533309e+02
1.000000e+02, 1.877550e+02
1.000000e+02, 5.414952e+01
1.000000e+02, 3.305166e+02
1.000000e+02, 3.227204e+02
1.000000e+02, 3.006253e+02
1.000000e+02, 2.762389e+02
1.000000e+02, 2.283072e+02
1.000000e+02, 1.451842e+02
1.000000e+02, 1.080894e+02
1.000000e+02, 1.066225e+02
1.000000e+02, 1.084216e+02
1.000000e+02, 1.177479e+02
1.000000e+02, 1.242559e+02
1.000000e+02, 1.344838e+02
1.000000e+02, 1.486047e+02
1.000000e+02, 1.696346e+02
1.000000e+02, 2.077377e+02
1.000000e+02, 2.661560e+02
1.000000e+02, 3.153833e+02
1.000000e+02, 3.410941e+02
1.000000e+02, 3.571938e+02
1.000000e+02, 8.180840e+00
1.000000e+02, 1.714643e+01
1.000000e+02, 2.582652e+01
1.000000e+02, 3.578292e+01
1.000000e+02, 4.905068e+01
1.000000e+02, 6.683102e+01
1.000000e+02, 9.508653e+01
1.000000e+02, 1.349257e+02
1.000000e+02, 1.701139e+02
1.000000e+02, 1.967824e+02
1.000000e+02, 2.157252e+02
1.000000e+02, 2.402692e+02
1.000000e+02, 2.663021e+02
1.000000e+02, 2.938780e+02
1.000000e+02, 1.699719e+02
1.000000e+02, 1.971996e+02
1.000000e+02, 2.150251e+02
1.000000e+02, 2.267255e+02
1.000000e+02, 2.368806e+02
1.000000e+02, 2.426913e+02
1.000000e+02, 2.486846e+02
1.000000e+02, 2.535895e+02
1.000000e+02, 2.581377e+02
1.000000e+02, 2.620327e+02
1.000000e+02, 2.656844e+02
1.000000e+02, 2.685371e+02
1.000000e+02, 2.710308e+02
1.000000e+02, 2.728291e+02
1.000000e+02, 2.737698e+02
1.000000e+02, 2.732661e+02
1.000000e+02, 2.713880e+02
1.000000e+02, 2.679366e+02
1.000000e+02, 2.607907e+02
1.000000e+02, 2.512020e+02
1.000000e+02, 2.390643e+02
1.000000e+02, 2.289888e+02
1.000000e+02, 2.238537e+02
1.000000e+02, 2.222277e+02
1.000000e+02, 2.283037e+02
1.000000e+02, 3.327341e+02
1.000000e+02, 3.527931e+02
1.000000e+02, 3.559986e+02
1.000000e+02, 7.820538e+00
1.000000e+02, 6.176839e+01
1.000000e+02, 1.163089e+02
1.000000e+02, 1.269026e+02
1.000000e+02, 1.317569e+02
1.000000e+02, 1.343852e+02
1.000000e+02, 1.356753e+02
1.000000e+02, 1.353862e+02
1.000000e+02, 1.352586e+02
1.000000e+02, 1.340212e+02
1.000000e+02, 1.328077e+02
1.000000e+02, 1.312026e+02
1.000000e+02, 1.292393e+02
1.000000e+02, 1.281044e+02
1.000000e+02, 1.265986e+02
1.000000e+02, 1.271640e+02
1.000000e+02, 1.313753e+02
1.000000e+02, 1.486056e+02
1.000000e+02, 2.541624e+02
1.000000e+02, 2.954904e+02
1.000000e+02, 3.090533e+02
1.000000e+02, 3.256369e+02
1.000000e+02, 2.139094e+01
1.000000e+02, 1.066803e+02
1.000000e+02, 1.229867e+02
1.000000e+02, 1.265180e+02
1.000000e+02, 1.265110e+02
1.000000e+02, 1.242473e+02
1.000000e+02, 1.215560e+02
1.000000e+02, 1.184277e+02
1.000000e+02, 1.152680e+02
1.000000e+02, 1.131286e+02
1.000000e+02, 1.113958e+02
1.000000e+02, 1.123284e+02
1.000000e+02, 1.158512e+02
1.000000e+02, 1.195025e+02
1.000000e+02, 1.315677e+02
1.000000e+02, 1.429182e+02
1.000000e+02, 1.789184e+02
1.000000e+02, 1.723114e+02
1.000000e+02, 2.999592e+02
1.000000e+02, 2.623752e+02
1.000000e+02, 2.390896e+02
1.000000e+02, 1.902891e+02
1.000000e+02, 1.275133e+02
1.000000e+02, 9.147379e+01
1.000000e+02, 1.181361e+02
1.000000e+02, 2.343509e+02
1.000000e+02, 2.310996e+02
1.000000e+02, 2.293538e+02
1.000000e+02, 2.297021e+02
1.000000e+02, 2.299340e+02
1.000000e+02, 2.309389e+02
1.000000e+02, 2.315832e+02
1.000000e+02, 2.311254e+02
1.000000e+02, 2.293595e+02
1.000000e+02, 2.235074e+02
1.000000e+02, 2.058600e+02
1.000000e+02, 1.432402e+02
1.000000e+02, 8.552619e+01
1.000000e+02, 7.014945e+01
1.000000e+02, 6.581443e+01
1.000000e+02, 6.370054e+01
1.000000e+02, 6.350578e+01
1.000000e+02, 6.375622e+01
1.000000e+02, 6.421498e+01
1.000000e+02, 6.429305e+01
1.000000e+02, 6.407152e+01
1.000000e+02, 6.266281e+01
1.000000e+02, 5.809335e+01
1.000000e+02, 4.757611e+01
1.000000e+02, 2.639911e+01
1.000000e+02, 3.490166e+02
1.000000e+02, 3.271200e+02
1.000000e+02, 3.131134e+02
1.000000e+02, 3.002631e+02
1.000000e+02, 8.620207e+01
1.000000e+02, 6.978472e+01
1.000000e+02, 7.206621e+01
1.000000e+02, 7.665821e+01
1.000000e+02, 8.161494e+01
1.000000e+02, 8.681633e+01
1.000000e+02, 9.234952e+01
1.000000e+02, 9.852362e+01
1.000000e+02, 1.062596e+02
1.000000e+02, 1.194922e+02
1.000000e+02, 1.408207e+02
1.000000e+02, 1.900585e+02
1.000000e+02, 2.396736e+02
1.000000e+02, 2.632640e+02
1.000000e+02, 2.755134e+02
1.000000e+02, 2.833661e+02
1.000000e+02, 2.897808e+02
1.000000e+02, 2.977324e+02
1.000000e+02, 3.039490e+02
1.000000e+02, 2.998237e+02
1.000000e+02, 1.954804e+02
1.000000e+02, 1.102037e+02
1.000000e+02, 1.050383e+02
1.000000e+02, 1.069465e+02
1.000000e+02, 1.074208e+02
1.000000e+02, 1.059092e+02
1.000000e+02, 1.032025e+02
1.000000e+02, 9.307816e+01
1.000000e+02, 7.703296e+01
1.000000e+02, 5.692688e+01
1.000000e+02, 3.714591e+01
1.000000e+02, 2.238879e+01
1.000000e+02, 1.231046e+01
1.000000e+02, 5.091063e+00
1.000000e+02, 3.555801e+02
1.000000e+02, 3.414094e+02
1.000000e+02, 3.156309e+02
1.000000e+02, 1.548304e+02
1.000000e+02, 9.604879e+01
1.000000e+02, 8.558741e+01
1.000000e+02, 7.982105e+01
1.000000e+02, 6.706470e+01
1.000000e+02, 5.266947e+01
1.000000e+02, 3.124271e+01
1.000000e+02, 6.818132e+00
1.000000e+02, 3.369123e+02
1.000000e+02, 3.089107e+02
1.000000e+02, 2.852349e+02
1.000000e+02, 2.673018e+02
1.000000e+02, 2.528503e+02
1.000000e+02, 2.410992e+02
1.000000e+02, 2.311206e+02
1.000000e+02, 2.223766e+02
1.000000e+02, 2.126753e+02
1.000000e+02, 1.930384e+02
1.000000e+02, 2.199232e+02
1.000000e+02, 2.553152e+02
1.000000e+02, 2.396673e+02
1.000000e+02, 2.316348e+02
1.000000e+02, 2.233391e+02
1.000000e+02, 2.054236e+02
1.000000e+02, 1.605203e+02
1.000000e+02, 7.996724e+01
1.000000e+02, 4.220890e+01
1.000000e+02, 2.843281e+01
1.000000e+02, 2.449438e+01
1.000000e+02, 2.638661e+01
1.000000e+02, 3.086302e+01
1.000000e+02, 3.681269e+01
1.000000e+02, 4.173847e+01
1.000000e+02, 4.641893e+01
1.000000e+02, 5.130822e+01
1.000000e+02, 5.563491e+01
1.000000e+02, 6.746403e+01
1.000000e+02, 1.245144e+02
1.000000e+02, 1.558184e+02
1.000000e+02, 1.587461e+02
1.000000e+02, 1.637108e+02
1.000000e+02, 1.654129e+02
1.000000e+02, 1.682918e+02
1.000000e+02, 1.713177e+02
1.000000e+02, 1.781265e+02
1.000000e+02, 2.390194e+02
1.000000e+02, 3.375848e+02
1.000000e+02, 3.448873e+02
1.000000e+02, 3.479965e+02
1.000000e+02, 3.469990e+02
1.000000e+02, 3.471466e+02
1.000000e+02, 3.461360e+02
1.000000e+02, 3.452152e+02
1.000000e+02, 3.442605e+02
1.000000e+02, 3.424877e+02
1.000000e+02, 3.390947e+02
1.000000e+02, 3.340636e+02
1.000000e+02, 3.249094e+02
1.000000e+02, 3.023135e+02
1.000000e+02, 2.499055e+02
1.000000e+02, 1.994909e+02
1.000000e+02, 1.744758e+02
1.000000e+02, 1.500297e+02
1.000000e+02, 8.301532e+01
1.000000e+02, 3.085664e+01
1.000000e+02, 1.557159e+01
1.000000e+02, 7.831780e+00
1.000000e+02, 3.685709e+00
1.000000e+02, 1.175422e-01
1.000000e+02, 3.573459e+02
1.000000e+02, 3.546077e+02
1.000000e+02, 3.515018e+02
1.000000e+02, 3.479894e+02
1.000000e+02, 3.438366e+02
1.000000e+02, 3.375046e+02
1.000000e+02, 3.267574e+02
1.000000e+02, 3.083692e+02
1.000000e+02, 2.770271e+02
1.000000e+02, 2.404911e+02
1.000000e+02, 2.158603e+02
1.000000e+02, 2.024561e+02
1.000000e+02, 1.943596e+02
1.000000e+02, 1.888645e+02
1.000000e+02, 1.850370e+02
1.000000e+02, 1.817424e+02
1.000000e+02, 1.790282e+02
1.000000e+02, 1.759437e+02
1.000000e+02, 1.730757e+02
1.000000e+02, 1.688145e+02
1.000000e+02, 1.649912e+02
1.000000e+02, 1.613247e+02
1.000000e+02, 1.595351e+02
1.000000e+02, 1.594459e+02
1.000000e+02, 1.620827e+02
1.000000e+02, 1.660797e+02
1.000000e+02, 1.707658e+02
1.000000e+02, 1.760622e+02
1.000000e+02, 1.816264e+02
1.000000e+02, 1.885074e+02
1.000000e+02, 1.950698e+02
1.000000e+02, 2.022882e+02
1.000000e+02, 2.091041e+02
1.000000e+02, 2.155781e+02
1.000000e+02, 2.217086e+02
1.000000e+02, 2.276565e+02
1.000000e+02, 2.337882e+02
1.000000e+02, 2.405507e+02
1.000000e+02, 2.485785e+02
1.000000e+02, 2.589432e+02
1.000000e+02, 2.733684e+02
1.000000e+02, 2.923930e+02
1.000000e+02, 3.139940e+02
1.000000e+02, 3.337862e+02
1.000000e+02, 3.482235e+02
1.000000e+02, 3.582312e+02
1.000000e+02, 4.639227e+00
1.000000e+02, 8.939558e+00
1.000000e+02, 1.161843e+01
1.000000e+02, 1.291226e+01
1.000000e+02, 1.259203e+01
1.000000e+02, 1.018338e+01
1.000000e+02, 3.347385e+00
1.000000e+02, 3.441844e+02
1.000000e+02, 2.996993e+02
1.000000e+02, 2.596895e+02
1.000000e+02, 2.422438e+02
1.000000e+02, 2.350231e+02
1.000000e+02, 2.313887e+02
1.000000e+02, 2.294183e+02
1.000000e+02, 2.281108e+02
1.000000e+02, 2.271329e+02
1.000000e+02, 2.260892e+02
1.000000e+02, 2.247465e+02
1.000000e+02, 2.226544e+02
1.000000e+02, 2.199183e+02
1.000000e+02, 2.151757e+02
1.000000e+02, 1.549065e+02
1.000000e+02, 4.914969e+01
1.000000e+02, 4.442413e+01
1.000000e+02, 3.754206e+01
1.000000e+02, 3.039762e+01
1.000000e+02, 2.472786e+01
1.000000e+02, 2.098608e+01
1.000000e+02, 1.845331e+01
1.000000e+02, 1.685640e+01
1.000000e+02, 1.630012e+01
1.000000e+02, 1.566988e+01
1.000000e+02, 1.571472e+01
1.000000e+02, 1.585406e+01
1.000000e+02, 1.632904e+01
1.000000e+02, 1.712231e+01
1.000000e+02, 1.809857e+01
1.000000e+02, 1.968903e+01
1.000000e+02, 2.306571e+01
1.000000e+02, 3.071406e+01
1.000000e+02, 7.676700e+01
1.000000e+02, 1.796580e+02
1.000000e+02, 1.956688e+02
1.000000e+02, 2.209551e+02
1.000000e+02, 7.102869e+00
1.000000e+02, 2.084437e+01
1.000000e+02, 2.273657e+01
1.000000e+02, 2.289966e+01
1.000000e+02, 2.217986e+01
1.000000e+02, 2.137072e+01
1.000000e+02, 1.999534e+01
1.000000e+02, 1.838655e+01
1.000000e+02, 1.649374e+01
1.000000e+02, 1.373455e+01
1.000000e+02, 1.008967e+01
1.000000e+02, 3.105393e+00
1.000000e+02, 3.477702e+02
1.000000e+02, 3.052391e+02
1.000000e+02, 2.565939e+02
1.000000e+02, 2.386780e+02
1.000000e+02, 2.310981e+02
1.000000e+02, 2.271366e+02
1.000000e+02, 2.248682e+02
1.000000e+02, 2.232684e+02
1.000000e+02, 2.225066e+02
1.000000e+02, 2.231062e+02
1.000000e+02, 2.258589e+02
1.000000e+02, 2.334074e+02
1.000000e+02, 2.500189e+02
1.000000e+02, 2.764448e+02
1.000000e+02, 3.020833e+02
1.000000e+02, 3.151299e+02
1.000000e+02, 3.177367e+02
1.000000e+02, 3.143207e+02
1.000000e+02, 3.071637e+02
1.000000e+02, 2.984215e+02
1.000000e+02, 2.882576e+02
1.000000e+02, 2.788494e+02
1.000000e+02, 2.656679e+02
1.000000e+02, 2.331768e+02
1.000000e+02, 1.560230e+02
1.000000e+02, 1.235244e+02
1.000000e+02, 1.103692e+02
1.000000e+02, 1.026379e+02
1.000000e+02, 9.599031e+01
1.000000e+02, 8.939963e+01
1.000000e+02, 8.223319e+01
1.000000e+02, 7.303590e+01
1.000000e+02, 5.795529e+01
1.000000e+02, 2.920299e+01
1.000000e+02, 3.321020e+02
1.000000e+02, 2.870722e+02
1.000000e+02, 2.658743e+02
1.000000e+02, 2.526998e+02
1.000000e+02, 2.430788e+02
1.000000e+02, 2.350614e+02
1.000000e+02, 2.278150e+02
1.000000e+02, 2.218319e+02
1.000000e+02, 2.169372e+02
1.000000e+02, 2.128514e+02
1.000000e+02, 2.099762e+02
1.000000e+02, 2.080287e+02
1.000000e+02, 2.073341e+02
1.000000e+02, 2.077814e+02
1.000000e+02, 2.095835e+02
1.000000e+02, 2.127172e+02
1.000000e+02, 2.170685e+02
1.000000e+02, 2.232491e+02
1.000000e+02, 2.306409e+02
1.000000e+02, 2.403714e+02
1.000000e+02, 2.503838e+02
1.000000e+02, 2.634842e+02
1.000000e+02, 2.807288e+02
1.000000e+02, 1.242037e+00
1.000000e+02, 9.167849e+01
1.000000e+02, 1.090249e+02
1.000000e+02, 1.208790e+02
1.000000e+02, 1.333585e+02
1.000000e+02, 1.471059e+02
1.000000e+02, 1.649624e+02
1.000000e+02, 1.877424e+02
1.000000e+02, 2.126862e+02
1.000000e+02, 2.347956e+02
1.000000e+02, 2.514912e+02
1.000000e+02, 2.645558e+02
1.000000e+02, 2.752520e+02
1.000000e+02, 2.864646e+02
1.000000e+02, 3.019058e+02
1.000000e+02, 3.287159e+02
1.000000e+02, 1.114348e+01
1.000000e+02, 4.640210e+01
1.000000e+02, 6.357869e+01
1.000000e+02, 7.081429e+01
1.000000e+02, 7.264468e+01
1.000000e+02, 6.941526e+01
1.000000e+02, 5.888395e+01
1.000000e+02, 2.592868e+01
1.000000e+02, 3.313376e+02
1.000000e+02, 3.074001e+02
1.000000e+02, 2.962249e+02
1.000000e+02, 2.900313e+02
1.000000e+02, 2.845270e+02
1.000000e+02, 2.798850e+02
1.000000e+02, 2.748209e+02
1.000000e+02, 2.694635e+02
1.000000e+02, 2.632987e+02
1.000000e+02, 2.547577e+02
1.000000e+02, 2.416929e+02
1.000000e+02, 2.060227e+02
1.000000e+02, 1.508098e+02
1.000000e+02, 1.315567e+02
1.000000e+02, 1.220219e+02
1.000000e+02, 1.145516e+02
1.000000e+02, 1.066840e+02
1.000000e+02, 9.285377e+01
1.000000e+02, 1.451470e+01
1.000000e+02, 3.276437e+02
1.000000e+02, 3.153819e+02
1.000000e+02, 3.082575e+02
1.000000e+02, 3.028002e+02
1.000000e+02, 2.984776e+02
1.000000e+02, 2.953310e+02
1.000000e+02, 2.935937e+02
1.000000e+02, 2.933884e+02
1.000000e+02, 2.975909e+02
1.000000e+02, 3.107908e+02
1.000000e+02, 3.493169e+02
1.000000e+02, 3.542911e+01
1.000000e+02, 5.371210e+01
1.000000e+02, 5.827925e+01
1.000000e+02, 5.704021e+01
1.000000e+02, 5.188927e+01
1.000000e+02, 4.403523e+01
1.000000e+02, 3.352027e+01
1.000000e+02, 2.193271e+01
1.000000e+02, 9.897623e+00
1.000000e+02, 3.596925e+02
1.000000e+02, 3.521329e+02
1.000000e+02, 3.469810e+02
1.000000e+02, 3.446843e+02
1.000000e+02, 3.447035e+02
1.000000e+02, 3.478491e+02
1.000000e+02, 3.551406e+02
1.000000e+02, 8.414853e+00
1.000000e+02, 2.984110e+01
1.000000e+02, 5.808525e+01
1.000000e+02, 8.406568e+01
1.000000e+02, 1.031745e+02
1.000000e+02, 1.170544e+02
1.000000e+02, 1.284984e+02
1.000000e+02, 1.389427e+02
1.000000e+02, 1.490998e+02
1.000000e+02, 1.593826e+02
1.000000e+02, 1.695398e+02
1.000000e+02, 1.790210e+02
1.000000e+02, 1.879606e+02
1.000000e+02, 1.958031e+02
1.000000e+02, 2.022102e+02
1.000000e+02, 2.073619e+02
1.000000e+02, 2.107979e+02
1.000000e+02, 2.126180e+02
1.000000e+02, 2.099529e+02
1.000000e+02, 1.902259e+02
1.000000e+02, 9.900218e+01
1.000000e+02, 8.808974e+01
1.000000e+02, 8.654617e+01
1.000000e+02, 8.413619e+01
1.000000e+02, 7.862530e+01
1.000000e+02, 6.329387e+01
1.000000e+02, 3.769254e+01
1.000000e+02, 1.754125e+01
1.000000e+02, 9.053218e+00
1.000000e+02, 8.998450e+00
1.000000e+02, 1.260487e+01
1.000000e+02, 1.846150e+01
1.000000e+02, 2.536144e+01
1.000000e+02, 3.241845e+01
1.000000e+02, 3.979519e+01
1.000000e+02, 4.728260e+01
1.000000e+02, 5.469636e+01
1.000000e+02, 6.247156e+01
1.000000e+02, 7.036908e+01
1.000000e+02, 7.880133e+01
1.000000e+02, 8.650095e+01
1.000000e+02, 9.477550e+01
1.000000e+02, 1.010179e+02
1.000000e+02, 1.052286e+02
1.000000e+02, 8.473208e+01
1.000000e+02, 3.524643e+02
1.000000e+02, 3.516856e+02
1.000000e+02, 3.560603e+02
1.000000e+02, 4.557681e-01
1.000000e+02, 5.010877e+00
1.000000e+02, 9.317285e+00
1.000000e+02, 1.439510e+01
1.000000e+02, 2.102305e+01
1.000000e+02, 3.584855e+01
1.000000e+02, 2.337584e+02
1.000000e+02, 2.532131e+02
1.000000e+02, 2.677744e+02
1.000000e+02, 2.881162e+02
1.000000e+02, 3.152330e+02
1.000000e+02, 3.423632e+02
1.000000e+02, 3.498273e+00
1.000000e+02, 1.764949e+01
1.000000e+02, 2.797592e+01
1.000000e+02, 3.617803e+01
1.000000e+02, 4.435363e+01
1.000000e+02, 5.327244e+01
1.000000e+02, 6.515865e+01
1.000000e+02, 8.230093e+01
1.000000e+02, 1.069009e+02
1.000000e+02, 1.355468e+02
1.000000e+02, 1.588593e+02
1.000000e+02, 1.742281e+02
1.000000e+02, 1.841896e+02
1.000000e+02, 1.913871e+02
1.000000e+02, 1.968233e+02
1.000000e+02, 2.019088e+02
1.000000e+02, 2.077000e+02
1.000000e+02, 2.187800e+02
1.000000e+02, 2.643035e+02
1.000000e+02, 3.478991e+02
1.000000e+02, 4.644996e+00
1.000000e+02, 1.038300e+01
1.000000e+02, 1.358529e+01
1.000000e+02, 1.577063e+01
1.000000e+02, 1.728434e+01
1.000000e+02, 1.873042e+01
1.000000e+02, 2.008144e+01
1.000000e+02, 2.221477e+01
1.000000e+02, 3.190569e+02
1.000000e+02, 2.007987e+02
1.000000e+02, 2.047901e+02
1.000000e+02, 2.088893e+02
1.000000e+02, 2.163351e+02
1.000000e+02, 2.301507e+02
1.000000e+02, 2.573453e+02
1.000000e+02, 2.933915e+02
1.000000e+02, 3.177366e+02
1.000000e+02, 3.304051e+02
1.000000e+02, 3.382493e+02
1.000000e+02, 3.435339e+02
1.000000e+02, 3.479567e+02
1.000000e+02, 3.520458e+02
1.000000e+02, 3.563825e+02
1.000000e+02, 1.183987e+00
1.000000e+02, 7.319096e+00
1.000000e+02, 1.455915e+01
1.000000e+02, 2.363739e+01
1.000000e+02, 3.385213e+01
1.000000e+02, 4.362434e+01
1.000000e+02, 5.036617e+01
1.000000e+02, 5.215656e+01
1.000000e+02, 4.670953e+01
1.000000e+02, 3.245043e+01
1.000000e+02, 1.247694e+01
1.000000e+02, 3.557666e+02
1.000000e+02, 3.442322e+02
1.000000e+02, 3.365836e+02
1.000000e+02, 3.309879e+02
1.000000e+02, 3.267275e+02
1.000000e+02, 3.226677e+02
1.000000e+02, 3.185292e+02
1.000000e+02, 3.134710e+02
1.000000e+02, 3.066367e+02
1.000000e+02, 2.964822e+02
1.000000e+02, 2.823209e+02
1.000000e+02, 2.653019e+02
1.000000e+02, 2.531826e+02
1.000000e+02, 2.439873e+02
1.000000e+02, 2.360920e+02
1.000000e+02, 2.186356e+02
1.000000e+02, 1.823527e+02
1.000000e+02, 1.491404e+02
1.000000e+02, 1.336542e+02
1.000000e+02, 1.263665e+02
1.000000e+02, 1.220205e+02
1.000000e+02, 1.190750e+02
1.000000e+02, 1.172170e+02
1.000000e+02, 1.154393e+02
1.000000e+02, 1.137925e+02
1.000000e+02, 1.123076e+02
1.000000e+02, 1.109894e+02
1.000000e+02, 1.095050e+02
1.000000e+02, 1.080718e+02
1.000000e+02, 1.064444e+02
1.000000e+02, 1.047674e+02
1.000000e+02, 1.037086e+02
1.000000e+02, 1.035205e+02
1.000000e+02, 1.112681e+02
1.000000e+02, 2.080022e+02
1.000000e+02, 2.373398e+02
1.000000e+02, 2.368521e+02
1.000000e+02, 2.320412e+02
1.000000e+02, 2.263487e+02
1.000000e+02, 2.194880e+02
1.000000e+02, 2.124896e+02
1.000000e+02, 2.054314e+02
1.000000e+02, 1.982200e+02
1.000000e+02, 1.913208e+02
1.000000e+02, 1.849231e+02
1.000000e+02, 1.799262e+02
1.000000e+02, 1.767607e+02
1.000000e+02, 1.807596e+02
1.000000e+02, 2.300702e+02
1.000000e+02, 2.904904e+02
1.000000e+02, 2.981199e+02
1.000000e+02, 2.983301e+02
1.000000e+02, 2.974900e+02
1.000000e+02, 2.968977e+02
1.000000e+02, 2.967974e+02
1.000000e+02, 2.985966e+02
1.000000e+02, 3.009116e+02
1.000000e+02, 3.073117e+02
1.000000e+02, 3.191167e+02
1.000000e+02, 3.365794e+02
1.000000e+02, 3.551364e+02
1.000000e+02, 4.140878e+00
1.000000e+02, 2.500433e+00
1.000000e+02, 3.533703e+02
1.000000e+02, 3.410692e+02
1.000000e+02, 3.355553e+02
1.000000e+02, 1.821413e+02
1.000000e+02, 1.245287e+02
1.000000e+02, 1.239363e+02
1.000000e+02, 1.214522e+02
1.000000e+02, 1.186589e+02
1.000000e+02, 1.161874e+02
1.000000e+02, 1.144451e+02
1.000000e+02, 1.123495e+02
1.000000e+02, 1.101983e+02
1.000000e+02, 1.080397e+02
1.000000e+02, 1.056207e+02
1.000000e+02, 1.022212e+02
1.000000e+02, 9.777552e+01
1.000000e+02, 9.007178e+01
1.000000e+02, 7.427697e+01
1.000000e+02, 3.625881e+01
1.000000e+02, 3.457133e+02
1.000000e+02, 3.233534e+02
1.000000e+02, 3.147404e+02
1.000000e+02, 3.122025e+02
1.000000e+02, 3.147885e+02
1.000000e+02, 1.464556e+02
1.000000e+02, 1.147551e+02
1.000000e+02, 1.209170e+02
1.000000e+02, 1.201064e+02
1.000000e+02, 1.188947e+02
1.000000e+02, 1.173701e+02
1.000000e+02, 1.154242e+02
1.000000e+02, 1.131480e+02
1.000000e+02, 1.100538e+02
1.000000e+02, 1.057243e+02
1.000000e+02, 9.929778e+01
1.000000e+02, 9.025146e+01
1.000000e+02, 7.787220e+01
1.000000e+02, 6.417472e+01
1.000000e+02, 5.224195e+01
1.000000e+02, 4.527876e+01
1.000000e+02, 4.278404e+01
1.000000e+02, 4.362685e+01
1.000000e+02, 4.735770e+01
1.000000e+02, 5.227667e+01
1.000000e+02, 5.760469e+01
1.000000e+02, 6.280104e+01
1.000000e+02, 6.742960e+01
1.000000e+02, 7.113901e+01
1.000000e+02, 7.381876e+01
1.000000e+02, 7.540555e+01
1.000000e+02, 7.590133e+01
1.000000e+02, 7.519204e+01
1.000000e+02, 7.280060e+01
1.000000e+02, 6.720500e+01
1.000000e+02, 5.227156e+01
1.000000e+02, 3.561430e+02
1.000000e+02, 3.057481e+02
1.000000e+02, 2.947202e+02
1.000000e+02, 2.897936e+02
1.000000e+02, 2.881630e+02
1.000000e+02, 2.885368e+02
1.000000e+02, 2.996547e+02
1.000000e+02, 1.998959e+02
1.000000e+02, 1.273360e+02
1.000000e+02, 1.363961e+02
1.000000e+02, 1.360774e+02
1.000000e+02, 1.356076e+02
1.000000e+02, 1.339086e+02
1.000000e+02, 1.334348e+02
1.000000e+02, 1.343702e+02
1.000000e+02, 1.373892e+02
1.000000e+02, 1.442306e+02
1.000000e+02, 1.559298e+02
1.000000e+02, 1.715002e+02
1.000000e+02, 1.850833e+02
1.000000e+02, 1.938051e+02
1.000000e+02, 1.991885e+02
1.000000e+02, 2.027327e+02
1.000000e+02, 2.068179e+02
1.000000e+02, 2.125170e+02
1.000000e+02, 2.222870e+02
1.000000e+02, 2.396157e+02
1.000000e+02, 2.654171e+02
1.000000e+02, 2.913149e+02
1.000000e+02, 3.085763e+02
1.000000e+02, 3.184904e+02
1.000000e+02, 3.241888e+02
1.000000e+02, 3.273916e+02
1.000000e+02, 3.281416e+02
1.000000e+02, 3.226481e+02
1.000000e+02, 2.577256e+02
1.000000e+02, 1.982007e+02
1.000000e+02, 1.914524e+02
1.000000e+02, 1.899906e+02
1.000000e+02, 1.904275e+02
1.000000e+02, 1.924823e+02
1.000000e+02, 1.959640e+02
1.000000e+02, 2.015695e+02
1.000000e+02, 2.092208e+02
1.000000e+02, 2.190942e+02
1.000000e+02, 2.304337e+02
1.000000e+02, 2.411656e+02
1.000000e+02, 2.496031e+02
1.000000e+02, 2.548673e+02
1.000000e+02, 2.566388e+02
1.000000e+02, 2.545815e+02
1.000000e+02, 2.475540e+02
1.000000e+02, 2.311120e+02
1.000000e+02, 1.968476e+02
1.000000e+02, 1.537021e+02
1.000000e+02, 1.267524e+02
1.000000e+02, 1.113987e+02
1.000000e+02, 1.008667e+02
1.000000e+02, 9.265100e+01
1.000000e+02, 8.581973e+01
1.000000e+02, 7.987000e+01
1.000000e+02, 7.460740e+01
1.000000e+02, 7.006627e+01
1.000000e+02, 6.680802e+01
1.000000e+02, 6.437907e+01
1.000000e+02, 6.372139e+01
1.000000e+02, 6.602600e+01
1.000000e+02, 7.563317e+01
1.000000e+02, 1.066286e+02
1.000000e+02, 1.577271e+02
1.000000e+02, 1.804276e+02
1.000000e+02, 1.879232e+02
1.000000e+02, 1.902320e+02
1.000000e+02, 1.901608e+02
1.000000e+02, 1.891921e+02
1.000000e+02, 1.868186e+02
1.000000e+02, 1.836032e+02
1.000000e+02, 1.012996e+02
1.000000e+02, 3.538213e+02
1.000000e+02, 3.481753e+02
1.000000e+02, 3.428962e+02
1.000000e+02, 3.370115e+02
1.000000e+02, 3.310471e+02
1.000000e+02, 3.250071e+02
1.000000e+02, 3.194837e+02
1.000000e+02, 3.148414e+02
1.000000e+02, 3.118742e+02
1.000000e+02, 3.112229e+02
1.000000e+02, 3.139684e+02
1.000000e+02, 3.218958e+02
1.000000e+02, 3.363751e+02
1.000000e+02, 3.554755e+02
1.000000e+02, 1.313580e+01
1.000000e+02, 2.532445e+01
1.000000e+02, 3.296817e+01
1.000000e+02, 3.768366e+01
1.000000e+02, 4.030528e+01
1.000000e+02, 4.165715e+01
1.000000e+02, 4.074382e+01
1.000000e+02, 3.661764e+01
1.000000e+02, 2.013478e+01
1.000000e+02, 3.048154e+02
1.000000e+02, 2.527273e+02
1.000000e+02, 2.402950e+02
1.000000e+02, 2.350728e+02
1.000000e+02, 2.313233e+02
1.000000e+02, 2.256417e+02
1.000000e+02, 2.053653e+02
1.000000e+02, 1.026861e+02
1.000000e+02, 6.271813e+01
1.000000e+02, 5.553109e+01
1.000000e+02, 5.835090e+01
1.000000e+02, 9.027831e+01
1.000000e+02, 1.628749e+02
1.000000e+02, 1.732487e+02
1.000000e+02, 1.687210e+02
1.000000e+02, 1.470361e+02
1.000000e+02, 7.564277e+01
1.000000e+02, 3.062737e+01
1.000000e+02, 2.042406e+01
1.000000e+02, 1.774518e+01
1.000000e+02, 1.697766e+01
1.000000e+02, 1.702341e+01
1.000000e+02, 1.652709e+01
1.000000e+02, 1.569962e+01
1.000000e+02, 1.443298e+01
1.000000e+02, 1.204755e+01
1.000000e+02, 7.739386e+00
1.000000e+02, 3.596410e+02
1.000000e+02, 3.440666e+02
1.000000e+02, 3.141920e+02
1.000000e+02, 2.755192e+02
1.000000e+02, 2.484583e+02
1.000000e+02, 2.311796e+02
1.000000e+02, 2.107090e+02
1.000000e+02, 9.601677e+01
1.000000e+02, 5.053088e+01
1.000000e+02, 4.431035e+01
1.000000e+02, 4.289965e+01
1.000000e+02, 4.334762e+01
1.000000e+02, 4.492608e+01
1.000000e+02, 4.738738e+01
1.000000e+02, 5.101285e+01
1.000000e+02, 5.598371e+01
1.000000e+02, 6.271203e+01
1.000000e+02, 7.320774e+01
1.000000e+02, 9.083308e+01
1.000000e+02, 1.251907e+02
1.000000e+02, 1.748518e+02
1.000000e+02, 2.096099e+02
1.000000e+02, 2.328185e+02
1.000000e+02, 2.527833e+02
1.000000e+02, 2.727458e+02
1.000000e+02, 2.927353e+02
1.000000e+02, 3.112922e+02
1.000000e+02, 3.274751e+02
1.000000e+02, 3.415347e+02
1.000000e+02, 3.537823e+02
##END=