##TITLE=auto
##------------Pulse PARAMETERS -----------
##Carrier  = 0.00 ppm
##SpecFreq = 470.60 MHz
##Regions: All: -172.00-172.00(200) 
##Targets: All: 90x 
##Total_Duration = 1000.00 us
##Iterations = 3391 
##Maximum_Amplitude        = 15600.00 Hz
##Equivalent_fullpower_90o = 16.03 us
###fidelity = 0.00173579 Hz (pulse: 0.00173579  miss: -nan)
##MINX= 1.000000E02
##MAXX= 1.000000E02
##MINY= 0.000000E00
##MAXY= 3.600000E02
##$SHAPE_EXMODE= Excitation
##$SHAPE_TOTROT= 9.000000E01
##$SHAPE_TYPE= Excitation
##$SHAPE_USER_DEF= 
##$SHAPE_REPHFAC= 
##$SHAPE_BWFAC= 1.0000E00
##$SHAPE_BWFAC50= 
##$SHAPE_INTEGFAC= 1.603E-02
##$SHAPE_MODE= 0
##NPOINTS= 1400
##XYPOINTS= (XY..XY)
1.000000e+02, 1.085825e+00
1.000000e+02, 3.567560e+02
1.000000e+02, 3.520234e+02
1.000000e+02, 3.464708e+02
1.000000e+02, 3.389264e+02
1.000000e+02, 3.234848e+02
1.000000e+02, 3.256901e+00
1.000000e+02, 1.696165e+02
1.000000e+02, 1.911721e+02
1.000000e+02, 2.652582e+02
1.000000e+02, 2.973079e+02
1.000000e+02, 3.031466e+02
1.000000e+02, 3.036171e+02
1.000000e+02, 3.023040e+02
1.000000e+02, 3.000531e+02
1.000000e+02, 2.970202e+02
1.000000e+02, 2.929799e+02
1.000000e+02, 2.874297e+02
1.000000e+02, 2.795863e+02
1.000000e+02, 2.688536e+02
1.000000e+02, 2.563733e+02
1.000000e+02, 2.461856e+02
1.000000e+02, 2.420665e+02
1.000000e+02, 2.439177e+02
1.000000e+02, 2.490618e+02
1.000000e+02, 2.549656e+02
1.000000e+02, 2.603312e+02
1.000000e+02, 2.648282e+02
1.000000e+02, 2.685374e+02
1.000000e+02, 2.716539e+02
1.000000e+02, 2.743732e+02
1.000000e+02, 2.768710e+02
1.000000e+02, 2.793027e+02
1.000000e+02, 2.818363e+02
1.000000e+02, 2.846717e+02
1.000000e+02, 2.881271e+02
1.000000e+02, 2.928024e+02
1.000000e+02, 3.001484e+02
1.000000e+02, 3.147475e+02
1.000000e+02, 3.524069e+02
1.000000e+02, 4.440711e+01
1.000000e+02, 6.705827e+01
1.000000e+02, 7.745061e+01
1.000000e+02, 8.425641e+01
1.000000e+02, 9.003743e+01
1.000000e+02, 9.589496e+01
1.000000e+02, 1.025679e+02
1.000000e+02, 1.107136e+02
1.000000e+02, 1.208958e+02
1.000000e+02, 1.332463e+02
1.000000e+02, 1.468923e+02
1.000000e+02, 1.599435e+02
1.000000e+02, 1.706314e+02
1.000000e+02, 1.782468e+02
1.000000e+02, 1.829227e+02
1.000000e+02, 1.850258e+02
1.000000e+02, 1.848672e+02
1.000000e+02, 1.825875e+02
1.000000e+02, 1.782001e+02
1.000000e+02, 1.716579e+02
1.000000e+02, 1.629897e+02
1.000000e+02, 1.523688e+02
1.000000e+02, 1.402942e+02
1.000000e+02, 1.273214e+02
1.000000e+02, 1.140694e+02
1.000000e+02, 1.002576e+02
1.000000e+02, 8.699179e+01
1.000000e+02, 4.981900e+01
1.000000e+02, 1.357893e+01
1.000000e+02, 4.918474e+01
1.000000e+02, 4.907256e+01
1.000000e+02, 4.699811e+01
1.000000e+02, 4.287251e+01
1.000000e+02, 3.556209e+01
1.000000e+02, 2.061444e+01
1.000000e+02, 3.408222e+02
1.000000e+02, 2.915550e+02
1.000000e+02, 2.717166e+02
1.000000e+02, 2.615172e+02
1.000000e+02, 2.541417e+02
1.000000e+02, 2.476463e+02
1.000000e+02, 2.411486e+02
1.000000e+02, 2.340299e+02
1.000000e+02, 2.257990e+02
1.000000e+02, 2.160142e+02
1.000000e+02, 2.045152e+02
1.000000e+02, 1.917208e+02
1.000000e+02, 1.787660e+02
1.000000e+02, 1.670615e+02
1.000000e+02, 1.575897e+02
1.000000e+02, 1.507188e+02
1.000000e+02, 1.464829e+02
1.000000e+02, 1.449608e+02
1.000000e+02, 1.465473e+02
1.000000e+02, 1.521780e+02
1.000000e+02, 1.632782e+02
1.000000e+02, 1.803449e+02
1.000000e+02, 1.997653e+02
1.000000e+02, 2.158427e+02
1.000000e+02, 2.269004e+02
1.000000e+02, 2.342634e+02
1.000000e+02, 2.394965e+02
1.000000e+02, 2.437889e+02
1.000000e+02, 2.482224e+02
1.000000e+02, 2.543991e+02
1.000000e+02, 2.664266e+02
1.000000e+02, 2.989174e+02
1.000000e+02, 3.590806e+02
1.000000e+02, 2.887333e+01
1.000000e+02, 4.015692e+01
1.000000e+02, 4.592783e+01
1.000000e+02, 4.992461e+01
1.000000e+02, 5.374468e+01
1.000000e+02, 5.867758e+01
1.000000e+02, 6.676789e+01
1.000000e+02, 8.285930e+01
1.000000e+02, 1.178083e+02
1.000000e+02, 1.638710e+02
1.000000e+02, 1.897301e+02
1.000000e+02, 2.020542e+02
1.000000e+02, 2.093763e+02
1.000000e+02, 2.150430e+02
1.000000e+02, 2.205746e+02
1.000000e+02, 2.268555e+02
1.000000e+02, 2.344035e+02
1.000000e+02, 2.432815e+02
1.000000e+02, 2.528929e+02
1.000000e+02, 2.620639e+02
1.000000e+02, 2.695875e+02
1.000000e+02, 2.747718e+02
1.000000e+02, 2.774943e+02
1.000000e+02, 2.779349e+02
1.000000e+02, 2.763171e+02
1.000000e+02, 2.727655e+02
1.000000e+02, 2.672415e+02
1.000000e+02, 2.595172e+02
1.000000e+02, 2.492245e+02
1.000000e+02, 2.360847e+02
1.000000e+02, 2.205114e+02
1.000000e+02, 2.041752e+02
1.000000e+02, 1.894186e+02
1.000000e+02, 1.777618e+02
1.000000e+02, 1.694845e+02
1.000000e+02, 1.642906e+02
1.000000e+02, 1.618779e+02
1.000000e+02, 1.621424e+02
1.000000e+02, 1.651847e+02
1.000000e+02, 1.711278e+02
1.000000e+02, 1.797553e+02
1.000000e+02, 1.900724e+02
1.000000e+02, 2.004286e+02
1.000000e+02, 2.093863e+02
1.000000e+02, 2.163749e+02
1.000000e+02, 2.215284e+02
1.000000e+02, 2.252783e+02
1.000000e+02, 2.281224e+02
1.000000e+02, 2.307079e+02
1.000000e+02, 2.349755e+02
1.000000e+02, 3.378291e+02
1.000000e+02, 3.356435e+01
1.000000e+02, 3.697778e+01
1.000000e+02, 3.869059e+01
1.000000e+02, 4.044535e+01
1.000000e+02, 4.294844e+01
1.000000e+02, 4.690126e+01
1.000000e+02, 5.322432e+01
1.000000e+02, 6.288336e+01
1.000000e+02, 7.593414e+01
1.000000e+02, 9.000915e+01
1.000000e+02, 1.012858e+02
1.000000e+02, 1.077531e+02
1.000000e+02, 1.096978e+02
1.000000e+02, 1.081866e+02
1.000000e+02, 1.042908e+02
1.000000e+02, 9.894943e+01
1.000000e+02, 9.297253e+01
1.000000e+02, 8.701041e+01
1.000000e+02, 8.153243e+01
1.000000e+02, 7.683693e+01
1.000000e+02, 7.312061e+01
1.000000e+02, 7.057358e+01
1.000000e+02, 6.951685e+01
1.000000e+02, 7.069863e+01
1.000000e+02, 7.612568e+01
1.000000e+02, 9.218765e+01
1.000000e+02, 1.338312e+02
1.000000e+02, 1.759828e+02
1.000000e+02, 1.930897e+02
1.000000e+02, 2.002172e+02
1.000000e+02, 2.039037e+02
1.000000e+02, 2.062631e+02
1.000000e+02, 2.081825e+02
1.000000e+02, 2.101994e+02
1.000000e+02, 2.129076e+02
1.000000e+02, 2.178918e+02
1.000000e+02, 2.450906e+02
1.000000e+02, 4.845644e+01
1.000000e+02, 6.766933e+01
1.000000e+02, 8.049554e+01
1.000000e+02, 9.360888e+01
1.000000e+02, 1.071294e+02
1.000000e+02, 1.198498e+02
1.000000e+02, 1.306561e+02
1.000000e+02, 1.391717e+02
1.000000e+02, 1.456001e+02
1.000000e+02, 1.503501e+02
1.000000e+02, 1.538111e+02
1.000000e+02, 1.562902e+02
1.000000e+02, 1.580123e+02
1.000000e+02, 1.591329e+02
1.000000e+02, 1.597760e+02
1.000000e+02, 1.600652e+02
1.000000e+02, 1.604059e+02
1.000000e+02, 2.167388e+02
1.000000e+02, 3.467820e+02
1.000000e+02, 3.496662e+02
1.000000e+02, 3.501267e+02
1.000000e+02, 3.497411e+02
1.000000e+02, 3.487231e+02
1.000000e+02, 3.468428e+02
1.000000e+02, 3.428293e+02
1.000000e+02, 3.222532e+02
1.000000e+02, 1.944181e+02
1.000000e+02, 1.851937e+02
1.000000e+02, 1.815869e+02
1.000000e+02, 1.788722e+02
1.000000e+02, 1.763304e+02
1.000000e+02, 1.737491e+02
1.000000e+02, 1.710913e+02
1.000000e+02, 1.685064e+02
1.000000e+02, 1.664745e+02
1.000000e+02, 1.662199e+02
1.000000e+02, 1.706472e+02
1.000000e+02, 1.860266e+02
1.000000e+02, 2.170929e+02
1.000000e+02, 2.454448e+02
1.000000e+02, 2.585784e+02
1.000000e+02, 2.634498e+02
1.000000e+02, 2.657458e+02
1.000000e+02, 2.686727e+02
1.000000e+02, 2.750181e+02
1.000000e+02, 2.892279e+02
1.000000e+02, 3.179170e+02
1.000000e+02, 3.537094e+02
1.000000e+02, 1.622304e+01
1.000000e+02, 2.693980e+01
1.000000e+02, 3.191243e+01
1.000000e+02, 3.399808e+01
1.000000e+02, 3.431747e+01
1.000000e+02, 3.316887e+01
1.000000e+02, 3.023196e+01
1.000000e+02, 2.421553e+01
1.000000e+02, 1.118346e+01
1.000000e+02, 3.400551e+02
1.000000e+02, 2.925171e+02
1.000000e+02, 2.657212e+02
1.000000e+02, 2.541088e+02
1.000000e+02, 2.480653e+02
1.000000e+02, 2.441539e+02
1.000000e+02, 2.408825e+02
1.000000e+02, 2.371843e+02
1.000000e+02, 2.316432e+02
1.000000e+02, 2.212436e+02
1.000000e+02, 1.982472e+02
1.000000e+02, 1.558823e+02
1.000000e+02, 1.232059e+02
1.000000e+02, 1.093816e+02
1.000000e+02, 1.040502e+02
1.000000e+02, 1.025598e+02
1.000000e+02, 1.032266e+02
1.000000e+02, 1.054395e+02
1.000000e+02, 1.091193e+02
1.000000e+02, 1.147099e+02
1.000000e+02, 1.237385e+02
1.000000e+02, 1.412521e+02
1.000000e+02, 1.817777e+02
1.000000e+02, 2.307506e+02
1.000000e+02, 2.532604e+02
1.000000e+02, 2.639017e+02
1.000000e+02, 2.703299e+02
1.000000e+02, 2.748147e+02
1.000000e+02, 2.781093e+02
1.000000e+02, 2.803899e+02
1.000000e+02, 2.813588e+02
1.000000e+02, 2.794166e+02
1.000000e+02, 2.612541e+02
1.000000e+02, 1.347002e+02
1.000000e+02, 1.169078e+02
1.000000e+02, 1.136851e+02
1.000000e+02, 1.123511e+02
1.000000e+02, 1.111070e+02
1.000000e+02, 1.091922e+02
1.000000e+02, 1.059183e+02
1.000000e+02, 1.003495e+02
1.000000e+02, 9.114066e+01
1.000000e+02, 7.699511e+01
1.000000e+02, 5.887595e+01
1.000000e+02, 4.173692e+01
1.000000e+02, 2.991758e+01
1.000000e+02, 2.378305e+01
1.000000e+02, 2.212711e+01
1.000000e+02, 2.398547e+01
1.000000e+02, 2.886233e+01
1.000000e+02, 3.649272e+01
1.000000e+02, 4.647974e+01
1.000000e+02, 5.795540e+01
1.000000e+02, 6.960392e+01
1.000000e+02, 8.018069e+01
1.000000e+02, 8.899310e+01
1.000000e+02, 9.587819e+01
1.000000e+02, 1.009090e+02
1.000000e+02, 1.041073e+02
1.000000e+02, 1.052287e+02
1.000000e+02, 1.034605e+02
1.000000e+02, 9.686255e+01
1.000000e+02, 8.189123e+01
1.000000e+02, 5.781218e+01
1.000000e+02, 3.633558e+01
1.000000e+02, 2.608912e+01
1.000000e+02, 2.469162e+01
1.000000e+02, 2.915379e+01
1.000000e+02, 3.794188e+01
1.000000e+02, 5.000530e+01
1.000000e+02, 6.409654e+01
1.000000e+02, 7.883152e+01
1.000000e+02, 9.328471e+01
1.000000e+02, 1.072804e+02
1.000000e+02, 1.211332e+02
1.000000e+02, 1.351199e+02
1.000000e+02, 1.489820e+02
1.000000e+02, 1.617733e+02
1.000000e+02, 1.722847e+02
1.000000e+02, 1.796651e+02
1.000000e+02, 1.836022e+02
1.000000e+02, 1.841098e+02
1.000000e+02, 1.813821e+02
1.000000e+02, 1.758492e+02
1.000000e+02, 1.683354e+02
1.000000e+02, 1.600162e+02
1.000000e+02, 1.520331e+02
1.000000e+02, 1.450913e+02
1.000000e+02, 1.393890e+02
1.000000e+02, 1.348070e+02
1.000000e+02, 1.310949e+02
1.000000e+02, 1.279695e+02
1.000000e+02, 1.251274e+02
1.000000e+02, 1.222071e+02
1.000000e+02, 1.186637e+02
1.000000e+02, 1.134605e+02
1.000000e+02, 1.041681e+02
1.000000e+02, 8.426087e+01
1.000000e+02, 4.393500e+01
1.000000e+02, 6.084280e+00
1.000000e+02, 3.489206e+02
1.000000e+02, 3.420861e+02
1.000000e+02, 3.398092e+02
1.000000e+02, 3.399419e+02
1.000000e+02, 3.415525e+02
1.000000e+02, 3.441365e+02
1.000000e+02, 3.473367e+02
1.000000e+02, 3.508350e+02
1.000000e+02, 3.543127e+02
1.000000e+02, 3.574321e+02
1.000000e+02, 3.598246e+02
1.000000e+02, 1.042779e+00
1.000000e+02, 4.501803e-01
1.000000e+02, 3.569469e+02
1.000000e+02, 3.483782e+02
1.000000e+02, 3.306823e+02
1.000000e+02, 3.010423e+02
1.000000e+02, 2.704968e+02
1.000000e+02, 2.506912e+02
1.000000e+02, 2.391953e+02
1.000000e+02, 2.319288e+02
1.000000e+02, 2.266927e+02
1.000000e+02, 2.223856e+02
1.000000e+02, 2.184249e+02
1.000000e+02, 2.144995e+02
1.000000e+02, 2.104891e+02
1.000000e+02, 2.064786e+02
1.000000e+02, 2.028010e+02
1.000000e+02, 2.001150e+02
1.000000e+02, 1.994336e+02
1.000000e+02, 2.021148e+02
1.000000e+02, 2.095633e+02
1.000000e+02, 2.220386e+02
1.000000e+02, 2.370255e+02
1.000000e+02, 2.507974e+02
1.000000e+02, 2.617858e+02
1.000000e+02, 2.703540e+02
1.000000e+02, 2.772345e+02
1.000000e+02, 2.829083e+02
1.000000e+02, 2.875573e+02
1.000000e+02, 2.910733e+02
1.000000e+02, 2.929664e+02
1.000000e+02, 2.919392e+02
1.000000e+02, 2.841274e+02
1.000000e+02, 2.557382e+02
1.000000e+02, 1.969484e+02
1.000000e+02, 1.675996e+02
1.000000e+02, 1.597581e+02
1.000000e+02, 1.589023e+02
1.000000e+02, 1.609707e+02
1.000000e+02, 1.646341e+02
1.000000e+02, 1.694147e+02
1.000000e+02, 1.751802e+02
1.000000e+02, 1.819638e+02
1.000000e+02, 1.898665e+02
1.000000e+02, 1.989508e+02
1.000000e+02, 2.091038e+02
1.000000e+02, 2.199006e+02
1.000000e+02, 2.305950e+02
1.000000e+02, 2.403139e+02
1.000000e+02, 2.483183e+02
1.000000e+02, 2.540109e+02
1.000000e+02, 2.564713e+02
1.000000e+02, 2.521056e+02
1.000000e+02, 2.056615e+02
1.000000e+02, 1.109535e+02
1.000000e+02, 9.745199e+01
1.000000e+02, 9.353949e+01
1.000000e+02, 9.126732e+01
1.000000e+02, 8.898877e+01
1.000000e+02, 8.606071e+01
1.000000e+02, 8.205490e+01
1.000000e+02, 7.655320e+01
1.000000e+02, 6.905468e+01
1.000000e+02, 5.896179e+01
1.000000e+02, 4.571388e+01
1.000000e+02, 2.922923e+01
1.000000e+02, 1.047971e+01
1.000000e+02, 3.512996e+02
1.000000e+02, 3.330472e+02
1.000000e+02, 3.157243e+02
1.000000e+02, 2.982753e+02
1.000000e+02, 2.792560e+02
1.000000e+02, 2.576819e+02
1.000000e+02, 2.343907e+02
1.000000e+02, 2.122595e+02
1.000000e+02, 1.936511e+02
1.000000e+02, 1.787583e+02
1.000000e+02, 1.665477e+02
1.000000e+02, 1.557643e+02
1.000000e+02, 1.450658e+02
1.000000e+02, 1.325276e+02
1.000000e+02, 1.142327e+02
1.000000e+02, 8.246024e+01
1.000000e+02, 4.093902e+01
1.000000e+02, 1.350355e+01
1.000000e+02, 3.590101e+02
1.000000e+02, 3.504964e+02
1.000000e+02, 3.449278e+02
1.000000e+02, 3.410668e+02
1.000000e+02, 3.383451e+02
1.000000e+02, 3.364740e+02
1.000000e+02, 3.352858e+02
1.000000e+02, 3.346722e+02
1.000000e+02, 3.345530e+02
1.000000e+02, 3.348624e+02
1.000000e+02, 3.355484e+02
1.000000e+02, 3.365831e+02
1.000000e+02, 3.380039e+02
1.000000e+02, 3.400503e+02
1.000000e+02, 3.439244e+02
1.000000e+02, 4.873290e+00
1.000000e+02, 1.436324e+02
1.000000e+02, 1.524578e+02
1.000000e+02, 1.546655e+02
1.000000e+02, 1.553716e+02
1.000000e+02, 1.553048e+02
1.000000e+02, 1.546513e+02
1.000000e+02, 1.534575e+02
1.000000e+02, 1.517189e+02
1.000000e+02, 1.494140e+02
1.000000e+02, 1.465251e+02
1.000000e+02, 1.430822e+02
1.000000e+02, 1.392079e+02
1.000000e+02, 1.351870e+02
1.000000e+02, 1.315140e+02
1.000000e+02, 1.288815e+02
1.000000e+02, 1.280614e+02
1.000000e+02, 1.296809e+02
1.000000e+02, 1.339548e+02
1.000000e+02, 1.404555e+02
1.000000e+02, 1.481802e+02
1.000000e+02, 1.560313e+02
1.000000e+02, 1.633460e+02
1.000000e+02, 1.700462e+02
1.000000e+02, 1.765159e+02
1.000000e+02, 1.835631e+02
1.000000e+02, 1.927529e+02
1.000000e+02, 2.076997e+02
1.000000e+02, 2.368577e+02
1.000000e+02, 2.805888e+02
1.000000e+02, 3.103669e+02
1.000000e+02, 3.253676e+02
1.000000e+02, 3.343363e+02
1.000000e+02, 3.411420e+02
1.000000e+02, 3.476577e+02
1.000000e+02, 3.553609e+02
1.000000e+02, 6.137662e+00
1.000000e+02, 2.271980e+01
1.000000e+02, 4.673136e+01
1.000000e+02, 7.228425e+01
1.000000e+02, 9.071239e+01
1.000000e+02, 1.013982e+02
1.000000e+02, 1.069694e+02
1.000000e+02, 1.092726e+02
1.000000e+02, 1.092057e+02
1.000000e+02, 1.070549e+02
1.000000e+02, 1.026378e+02
1.000000e+02, 9.524369e+01
1.000000e+02, 8.338748e+01
1.000000e+02, 6.480903e+01
1.000000e+02, 3.887614e+01
1.000000e+02, 1.150859e+01
1.000000e+02, 3.493514e+02
1.000000e+02, 3.320131e+02
1.000000e+02, 3.161828e+02
1.000000e+02, 2.980718e+02
1.000000e+02, 2.727572e+02
1.000000e+02, 2.371755e+02
1.000000e+02, 2.013351e+02
1.000000e+02, 1.736301e+02
1.000000e+02, 1.488734e+02
1.000000e+02, 1.198875e+02
1.000000e+02, 8.545081e+01
1.000000e+02, 5.585986e+01
1.000000e+02, 3.631242e+01
1.000000e+02, 2.370149e+01
1.000000e+02, 1.505931e+01
1.000000e+02, 8.837286e+00
1.000000e+02, 4.333634e+00
1.000000e+02, 1.374220e+00
1.000000e+02, 3.493410e-01
1.000000e+02, 2.870527e+00
1.000000e+02, 1.498946e+01
1.000000e+02, 5.725665e+01
1.000000e+02, 1.039516e+02
1.000000e+02, 1.180163e+02
1.000000e+02, 1.209525e+02
1.000000e+02, 1.199777e+02
1.000000e+02, 1.170097e+02
1.000000e+02, 1.126205e+02
1.000000e+02, 1.068773e+02
1.000000e+02, 9.954102e+01
1.000000e+02, 9.006181e+01
1.000000e+02, 7.750214e+01
1.000000e+02, 6.061895e+01
1.000000e+02, 3.886468e+01
1.000000e+02, 1.461498e+01
1.000000e+02, 3.524906e+02
1.000000e+02, 3.347490e+02
1.000000e+02, 3.207374e+02
1.000000e+02, 3.091042e+02
1.000000e+02, 2.987401e+02
1.000000e+02, 2.888238e+02
1.000000e+02, 2.786853e+02
1.000000e+02, 2.677267e+02
1.000000e+02, 2.554294e+02
1.000000e+02, 2.415804e+02
1.000000e+02, 2.266659e+02
1.000000e+02, 2.120568e+02
1.000000e+02, 1.993994e+02
1.000000e+02, 1.897220e+02
1.000000e+02, 1.832478e+02
1.000000e+02, 1.797685e+02
1.000000e+02, 1.789717e+02
1.000000e+02, 1.805514e+02
1.000000e+02, 1.841906e+02
1.000000e+02, 1.895156e+02
1.000000e+02, 1.961044e+02
1.000000e+02, 2.035928e+02
1.000000e+02, 2.118459e+02
1.000000e+02, 2.211668e+02
1.000000e+02, 2.325452e+02
1.000000e+02, 2.479815e+02
1.000000e+02, 2.700713e+02
1.000000e+02, 2.974822e+02
1.000000e+02, 3.213809e+02
1.000000e+02, 3.368485e+02
1.000000e+02, 3.456780e+02
1.000000e+02, 3.502387e+02
1.000000e+02, 3.518600e+02
1.000000e+02, 3.510864e+02
1.000000e+02, 3.479331e+02
1.000000e+02, 3.419728e+02
1.000000e+02, 3.323905e+02
1.000000e+02, 3.184037e+02
1.000000e+02, 3.006887e+02
1.000000e+02, 2.826214e+02
1.000000e+02, 2.678726e+02
1.000000e+02, 2.575082e+02
1.000000e+02, 2.508735e+02
1.000000e+02, 2.471296e+02
1.000000e+02, 2.457561e+02
1.000000e+02, 2.465356e+02
1.000000e+02, 2.494128e+02
1.000000e+02, 2.542576e+02
1.000000e+02, 2.605613e+02
1.000000e+02, 2.672520e+02
1.000000e+02, 2.729598e+02
1.000000e+02, 2.765837e+02
1.000000e+02, 2.775521e+02
1.000000e+02, 2.756377e+02
1.000000e+02, 2.706674e+02
1.000000e+02, 2.623898e+02
1.000000e+02, 2.506289e+02
1.000000e+02, 2.358316e+02
1.000000e+02, 2.196205e+02
1.000000e+02, 2.042360e+02
1.000000e+02, 1.911074e+02
1.000000e+02, 1.804081e+02
1.000000e+02, 1.716402e+02
1.000000e+02, 1.641598e+02
1.000000e+02, 1.573330e+02
1.000000e+02, 1.504625e+02
1.000000e+02, 1.425085e+02
1.000000e+02, 1.312302e+02
1.000000e+02, 1.101876e+02
1.000000e+02, 6.521525e+01
1.000000e+02, 1.995549e+01
1.000000e+02, 3.589993e+02
1.000000e+02, 3.482114e+02
1.000000e+02, 3.409691e+02
1.000000e+02, 3.348825e+02
1.000000e+02, 3.286275e+02
1.000000e+02, 3.208652e+02
1.000000e+02, 3.094131e+02
1.000000e+02, 2.902953e+02
1.000000e+02, 2.605895e+02
1.000000e+02, 2.308420e+02
1.000000e+02, 2.121902e+02
1.000000e+02, 2.021011e+02
1.000000e+02, 1.967045e+02
1.000000e+02, 1.940537e+02
1.000000e+02, 1.933215e+02
1.000000e+02, 1.942791e+02
1.000000e+02, 1.971479e+02
1.000000e+02, 2.027351e+02
1.000000e+02, 2.128708e+02
1.000000e+02, 2.308428e+02
1.000000e+02, 2.579248e+02
1.000000e+02, 2.843468e+02
1.000000e+02, 3.011250e+02
1.000000e+02, 3.099572e+02
1.000000e+02, 3.138781e+02
1.000000e+02, 3.143397e+02
1.000000e+02, 3.116549e+02
1.000000e+02, 3.054450e+02
1.000000e+02, 2.951725e+02
1.000000e+02, 2.814147e+02
1.000000e+02, 2.671901e+02
1.000000e+02, 2.562656e+02
1.000000e+02, 2.503253e+02
1.000000e+02, 2.494545e+02
1.000000e+02, 2.538555e+02
1.000000e+02, 2.647832e+02
1.000000e+02, 2.841764e+02
1.000000e+02, 3.103010e+02
1.000000e+02, 3.346229e+02
1.000000e+02, 3.524564e+02
1.000000e+02, 5.525175e+00
1.000000e+02, 1.631686e+01
1.000000e+02, 2.656206e+01
1.000000e+02, 3.749520e+01
1.000000e+02, 5.010648e+01
1.000000e+02, 6.505155e+01
1.000000e+02, 8.215366e+01
1.000000e+02, 9.998134e+01
1.000000e+02, 1.165883e+02
1.000000e+02, 1.309530e+02
1.000000e+02, 1.433562e+02
1.000000e+02, 1.549573e+02
1.000000e+02, 1.678502e+02
1.000000e+02, 1.865505e+02
1.000000e+02, 2.209162e+02
1.000000e+02, 2.662037e+02
1.000000e+02, 2.926339e+02
1.000000e+02, 3.041943e+02
1.000000e+02, 3.087115e+02
1.000000e+02, 3.088172e+02
1.000000e+02, 3.049587e+02
1.000000e+02, 2.966562e+02
1.000000e+02, 2.835762e+02
1.000000e+02, 2.674237e+02
1.000000e+02, 2.522934e+02
1.000000e+02, 2.411832e+02
1.000000e+02, 2.343815e+02
1.000000e+02, 2.311375e+02
1.000000e+02, 2.309519e+02
1.000000e+02, 2.340131e+02
1.000000e+02, 2.416109e+02
1.000000e+02, 2.568459e+02
1.000000e+02, 2.831534e+02
1.000000e+02, 3.132487e+02
1.000000e+02, 3.340770e+02
1.000000e+02, 3.459598e+02
1.000000e+02, 3.529284e+02
1.000000e+02, 3.573167e+02
1.000000e+02, 2.847774e-01
1.000000e+02, 2.453503e+00
1.000000e+02, 4.247305e+00
1.000000e+02, 6.085506e+00
1.000000e+02, 8.683968e+00
1.000000e+02, 1.403439e+01
1.000000e+02, 3.142957e+01
1.000000e+02, 1.048164e+02
1.000000e+02, 1.451299e+02
1.000000e+02, 1.519359e+02
1.000000e+02, 1.512759e+02
1.000000e+02, 1.470450e+02
1.000000e+02, 1.400586e+02
1.000000e+02, 1.306205e+02
1.000000e+02, 1.192961e+02
1.000000e+02, 1.072157e+02
1.000000e+02, 9.577173e+01
1.000000e+02, 8.597140e+01
1.000000e+02, 7.817230e+01
1.000000e+02, 7.231255e+01
1.000000e+02, 6.824297e+01
1.000000e+02, 6.594871e+01
1.000000e+02, 6.569687e+01
1.000000e+02, 6.811184e+01
1.000000e+02, 7.391614e+01
1.000000e+02, 8.265982e+01
1.000000e+02, 9.126649e+01
1.000000e+02, 9.633975e+01
1.000000e+02, 9.751762e+01
1.000000e+02, 9.641633e+01
1.000000e+02, 9.461384e+01
1.000000e+02, 9.307158e+01
1.000000e+02, 9.228239e+01
1.000000e+02, 9.254805e+01
1.000000e+02, 9.419820e+01
1.000000e+02, 9.783589e+01
1.000000e+02, 1.048071e+02
1.000000e+02, 1.184284e+02
1.000000e+02, 1.460736e+02
1.000000e+02, 1.875820e+02
1.000000e+02, 2.179671e+02
1.000000e+02, 2.345044e+02
1.000000e+02, 2.449811e+02
1.000000e+02, 2.532239e+02
1.000000e+02, 2.609766e+02
1.000000e+02, 2.692271e+02
1.000000e+02, 2.786385e+02
1.000000e+02, 2.895674e+02
1.000000e+02, 3.018411e+02
1.000000e+02, 3.145632e+02
1.000000e+02, 3.263961e+02
1.000000e+02, 3.362604e+02
1.000000e+02, 3.437274e+02
1.000000e+02, 3.488566e+02
1.000000e+02, 3.518843e+02
1.000000e+02, 3.530275e+02
1.000000e+02, 3.524148e+02
1.000000e+02, 3.500762e+02
1.000000e+02, 3.459495e+02
1.000000e+02, 3.399065e+02
1.000000e+02, 3.317752e+02
1.000000e+02, 3.213928e+02
1.000000e+02, 3.086958e+02
1.000000e+02, 2.939171e+02
1.000000e+02, 2.778162e+02
1.000000e+02, 2.617047e+02
1.000000e+02, 2.469609e+02
1.000000e+02, 2.344059e+02
1.000000e+02, 2.241247e+02
1.000000e+02, 2.156919e+02
1.000000e+02, 2.083883e+02
1.000000e+02, 2.012111e+02
1.000000e+02, 1.925149e+02
1.000000e+02, 1.787586e+02
1.000000e+02, 1.515052e+02
1.000000e+02, 1.078181e+02
1.000000e+02, 7.700137e+01
1.000000e+02, 6.250577e+01
1.000000e+02, 5.507395e+01
1.000000e+02, 5.066937e+01
1.000000e+02, 4.766340e+01
1.000000e+02, 4.526563e+01
1.000000e+02, 4.297500e+01
1.000000e+02, 4.035811e+01
1.000000e+02, 3.689290e+01
1.000000e+02, 3.178355e+01
1.000000e+02, 2.369312e+01
1.000000e+02, 1.057766e+01
1.000000e+02, 3.512243e+02
1.000000e+02, 3.301924e+02
1.000000e+02, 3.155470e+02
1.000000e+02, 3.095665e+02
1.000000e+02, 3.112245e+02
1.000000e+02, 3.202192e+02
1.000000e+02, 3.366094e+02
1.000000e+02, 3.575240e+02
1.000000e+02, 1.674317e+01
1.000000e+02, 3.102688e+01
1.000000e+02, 4.116749e+01
1.000000e+02, 4.879068e+01
1.000000e+02, 5.515300e+01
1.000000e+02, 6.118422e+01
1.000000e+02, 6.776199e+01
1.000000e+02, 7.608454e+01
1.000000e+02, 8.839161e+01
1.000000e+02, 1.093298e+02
1.000000e+02, 1.436322e+02
1.000000e+02, 1.785720e+02
1.000000e+02, 2.002631e+02
1.000000e+02, 2.130185e+02
1.000000e+02, 2.216978e+02
1.000000e+02, 2.287079e+02
1.000000e+02, 2.354566e+02
1.000000e+02, 2.432931e+02
1.000000e+02, 2.545267e+02
1.000000e+02, 2.749273e+02
1.000000e+02, 3.153244e+02
1.000000e+02, 3.583960e+02
1.000000e+02, 2.091252e+01
1.000000e+02, 3.287879e+01
1.000000e+02, 4.082247e+01
1.000000e+02, 4.718391e+01
1.000000e+02, 5.303067e+01
1.000000e+02, 5.890883e+01
1.000000e+02, 6.507068e+01
1.000000e+02, 7.149273e+01
1.000000e+02, 7.784701e+01
1.000000e+02, 8.357273e+01
1.000000e+02, 8.807842e+01
1.000000e+02, 9.098498e+01
1.000000e+02, 9.222000e+01
1.000000e+02, 9.195237e+01
1.000000e+02, 9.045606e+01
1.000000e+02, 8.797156e+01
1.000000e+02, 8.459198e+01
1.000000e+02, 8.012733e+01
1.000000e+02, 7.386952e+01
1.000000e+02, 6.404486e+01
1.000000e+02, 4.685457e+01
1.000000e+02, 1.894597e+01
1.000000e+02, 3.509552e+02
1.000000e+02, 3.352618e+02
1.000000e+02, 3.293287e+02
1.000000e+02, 3.291320e+02
1.000000e+02, 3.326528e+02
1.000000e+02, 3.388304e+02
1.000000e+02, 3.468428e+02
1.000000e+02, 3.558417e+02
1.000000e+02, 5.003335e+00
1.000000e+02, 1.371409e+01
1.000000e+02, 2.168667e+01
1.000000e+02, 2.893519e+01
1.000000e+02, 3.568061e+01
1.000000e+02, 4.230016e+01
1.000000e+02, 4.936918e+01
1.000000e+02, 5.788369e+01
1.000000e+02, 6.997108e+01
1.000000e+02, 9.111998e+01
1.000000e+02, 1.318949e+02
1.000000e+02, 1.773780e+02
1.000000e+02, 2.029108e+02
1.000000e+02, 2.175653e+02
1.000000e+02, 2.282862e+02
1.000000e+02, 2.377612e+02
1.000000e+02, 2.471429e+02
1.000000e+02, 2.568772e+02
1.000000e+02, 2.668631e+02
1.000000e+02, 2.764835e+02
1.000000e+02, 2.847972e+02
1.000000e+02, 2.908618e+02
1.000000e+02, 2.939395e+02
1.000000e+02, 2.934864e+02
1.000000e+02, 2.891407e+02
1.000000e+02, 2.810397e+02
1.000000e+02, 2.704526e+02
1.000000e+02, 2.597237e+02
1.000000e+02, 2.509076e+02
1.000000e+02, 2.447898e+02
1.000000e+02, 2.413184e+02
1.000000e+02, 2.403383e+02
1.000000e+02, 2.420789e+02
1.000000e+02, 2.476614e+02
1.000000e+02, 2.602198e+02
1.000000e+02, 2.860390e+02
1.000000e+02, 3.225822e+02
1.000000e+02, 3.486935e+02
1.000000e+02, 2.322231e+00
1.000000e+02, 9.818168e+00
1.000000e+02, 1.446786e+01
1.000000e+02, 1.770406e+01
1.000000e+02, 2.022090e+01
1.000000e+02, 2.241027e+01
1.000000e+02, 2.453950e+01
1.000000e+02, 2.685073e+01
1.000000e+02, 2.961275e+01
1.000000e+02, 3.313207e+01
1.000000e+02, 3.093507e+02
1.000000e+02, 2.347815e+02
1.000000e+02, 2.502865e+02
1.000000e+02, 2.729159e+02
1.000000e+02, 2.975170e+02
1.000000e+02, 3.163712e+02
1.000000e+02, 3.284018e+02
1.000000e+02, 3.358592e+02
1.000000e+02, 3.405726e+02
1.000000e+02, 3.435974e+02
1.000000e+02, 3.455147e+02
1.000000e+02, 3.466505e+02
1.000000e+02, 3.471781e+02
1.000000e+02, 3.471664e+02
1.000000e+02, 3.465554e+02
1.000000e+02, 3.449622e+02
1.000000e+02, 3.400991e+02
1.000000e+02, 2.181723e+02
1.000000e+02, 1.703613e+02
1.000000e+02, 1.658611e+02
1.000000e+02, 1.628337e+02
1.000000e+02, 1.596536e+02
1.000000e+02, 1.555777e+02
1.000000e+02, 1.494066e+02
1.000000e+02, 1.376309e+02
1.000000e+02, 1.054089e+02
1.000000e+02, 3.738226e+01
1.000000e+02, 5.678922e+00
1.000000e+02, 3.540129e+02
1.000000e+02, 3.479019e+02
1.000000e+02, 3.440384e+02
1.000000e+02, 3.414966e+02
1.000000e+02, 3.401231e+02
1.000000e+02, 3.402625e+02
1.000000e+02, 3.429916e+02
1.000000e+02, 3.511541e+02
1.000000e+02, 1.166695e+01
1.000000e+02, 4.743649e+01
1.000000e+02, 7.404324e+01
1.000000e+02, 8.588312e+01
1.000000e+02, 9.113160e+01
1.000000e+02, 9.386509e+01
1.000000e+02, 9.591437e+01
1.000000e+02, 9.849340e+01
1.000000e+02, 1.030820e+02
1.000000e+02, 1.126238e+02
1.000000e+02, 1.338437e+02
1.000000e+02, 1.704832e+02
1.000000e+02, 1.992082e+02
1.000000e+02, 2.122968e+02
1.000000e+02, 2.176235e+02
1.000000e+02, 2.191709e+02
1.000000e+02, 2.183012e+02
1.000000e+02, 2.151746e+02
1.000000e+02, 2.089401e+02
1.000000e+02, 1.969816e+02
1.000000e+02, 1.733173e+02
1.000000e+02, 1.361491e+02
1.000000e+02, 1.060634e+02
1.000000e+02, 8.974652e+01
1.000000e+02, 8.042168e+01
1.000000e+02, 7.407494e+01
1.000000e+02, 6.879028e+01
1.000000e+02, 6.326995e+01
1.000000e+02, 5.588555e+01
1.000000e+02, 4.320639e+01
1.000000e+02, 1.680679e+01
1.000000e+02, 3.341210e+02
1.000000e+02, 3.050164e+02
1.000000e+02, 2.921269e+02
1.000000e+02, 2.863294e+02
1.000000e+02, 2.838805e+02
1.000000e+02, 2.834420e+02
1.000000e+02, 2.845870e+02
1.000000e+02, 2.874056e+02
1.000000e+02, 2.925856e+02
1.000000e+02, 3.020684e+02
1.000000e+02, 3.210918e+02
1.000000e+02, 3.582040e+02
1.000000e+02, 3.765374e+01
1.000000e+02, 5.920114e+01
1.000000e+02, 7.040947e+01
1.000000e+02, 7.717691e+01
1.000000e+02, 8.177218e+01
1.000000e+02, 8.509676e+01
1.000000e+02, 8.749212e+01
1.000000e+02, 8.896447e+01
1.000000e+02, 8.904752e+01
1.000000e+02, 8.549082e+01
1.000000e+02, 5.447903e+01
1.000000e+02, 3.076366e+02
1.000000e+02, 2.967519e+02
1.000000e+02, 2.941550e+02
1.000000e+02, 2.928938e+02
1.000000e+02, 2.916700e+02
1.000000e+02, 2.898848e+02
1.000000e+02, 2.869929e+02
1.000000e+02, 2.822745e+02
1.000000e+02, 2.746648e+02
1.000000e+02, 2.628363e+02
1.000000e+02, 2.463198e+02
1.000000e+02, 2.279485e+02
1.000000e+02, 2.127341e+02
1.000000e+02, 2.028946e+02
1.000000e+02, 1.978390e+02
1.000000e+02, 1.966433e+02
1.000000e+02, 1.990766e+02
1.000000e+02, 2.059168e+02
1.000000e+02, 2.191817e+02
1.000000e+02, 2.408186e+02
1.000000e+02, 2.664039e+02
1.000000e+02, 2.859208e+02
1.000000e+02, 2.967031e+02
1.000000e+02, 3.008637e+02
1.000000e+02, 2.998413e+02
1.000000e+02, 2.937699e+02
1.000000e+02, 2.823174e+02
1.000000e+02, 2.666037e+02
1.000000e+02, 2.506319e+02
1.000000e+02, 2.382895e+02
1.000000e+02, 2.304261e+02
1.000000e+02, 2.262009e+02
1.000000e+02, 2.246977e+02
1.000000e+02, 2.253538e+02
1.000000e+02, 2.279463e+02
1.000000e+02, 2.325306e+02
1.000000e+02, 2.394025e+02
1.000000e+02, 2.490352e+02
1.000000e+02, 2.618648e+02
1.000000e+02, 2.777296e+02
1.000000e+02, 2.952555e+02
1.000000e+02, 3.122444e+02
1.000000e+02, 3.271048e+02
1.000000e+02, 3.394267e+02
1.000000e+02, 3.494241e+02
1.000000e+02, 3.573124e+02
1.000000e+02, 3.008980e+00
1.000000e+02, 6.025047e+00
1.000000e+02, 5.461770e+00
1.000000e+02, 3.094623e-01
1.000000e+02, 3.505338e+02
1.000000e+02, 3.385426e+02
1.000000e+02, 3.279653e+02
1.000000e+02, 3.204910e+02
1.000000e+02, 3.157437e+02
1.000000e+02, 3.127963e+02
1.000000e+02, 3.108822e+02
1.000000e+02, 3.094805e+02
1.000000e+02, 3.082375e+02
1.000000e+02, 3.068829e+02
1.000000e+02, 3.051385e+02
1.000000e+02, 3.025975e+02
1.000000e+02, 2.984295e+02
1.000000e+02, 2.903985e+02
1.000000e+02, 2.706927e+02
1.000000e+02, 2.215905e+02
1.000000e+02, 1.832622e+02
1.000000e+02, 1.702463e+02
1.000000e+02, 1.654952e+02
1.000000e+02, 1.639418e+02
1.000000e+02, 1.640646e+02
1.000000e+02, 1.652708e+02
1.000000e+02, 1.672342e+02
1.000000e+02, 1.696874e+02
1.000000e+02, 1.723291e+02
1.000000e+02, 1.747923e+02
1.000000e+02, 1.766367e+02
1.000000e+02, 1.773442e+02
1.000000e+02, 1.762404e+02
1.000000e+02, 1.722992e+02
1.000000e+02, 1.637282e+02
1.000000e+02, 1.475980e+02
1.000000e+02, 1.228116e+02
1.000000e+02, 9.744830e+01
1.000000e+02, 7.946624e+01
1.000000e+02, 6.773153e+01
1.000000e+02, 5.942517e+01
1.000000e+02, 5.288256e+01
1.000000e+02, 4.726664e+01
1.000000e+02, 4.217184e+01
1.000000e+02, 3.742097e+01
1.000000e+02, 3.298473e+01
1.000000e+02, 2.894688e+01
1.000000e+02, 2.550238e+01
1.000000e+02, 2.297192e+01
1.000000e+02, 2.184529e+01
1.000000e+02, 2.286371e+01
1.000000e+02, 2.713833e+01
1.000000e+02, 3.613074e+01
1.000000e+02, 5.069162e+01
1.000000e+02, 6.847163e+01
1.000000e+02, 8.417030e+01
1.000000e+02, 9.500577e+01
1.000000e+02, 1.016280e+02
1.000000e+02, 1.054555e+02
1.000000e+02, 1.075292e+02
1.000000e+02, 1.084484e+02
1.000000e+02, 1.084744e+02
1.000000e+02, 1.075252e+02
1.000000e+02, 1.048432e+02
1.000000e+02, 9.688510e+01
1.000000e+02, 5.808446e+01
1.000000e+02, 3.477866e+02
1.000000e+02, 3.343568e+02
1.000000e+02, 3.319249e+02
1.000000e+02, 3.327879e+02
1.000000e+02, 3.355878e+02
1.000000e+02, 3.400915e+02
1.000000e+02, 3.464062e+02
1.000000e+02, 3.547077e+02
1.000000e+02, 4.988145e+00
1.000000e+02, 1.675102e+01
1.000000e+02, 2.890362e+01
1.000000e+02, 4.016371e+01
1.000000e+02, 4.967478e+01
1.000000e+02, 5.719624e+01
1.000000e+02, 6.287072e+01
1.000000e+02, 6.693785e+01
1.000000e+02, 6.953094e+01
1.000000e+02, 7.039744e+01
1.000000e+02, 6.713575e+01
1.000000e+02, 3.392523e+02
1.000000e+02, 2.825190e+02
1.000000e+02, 2.778905e+02
1.000000e+02, 2.756543e+02
1.000000e+02, 2.735973e+02
1.000000e+02, 2.711490e+02
1.000000e+02, 2.679398e+02
1.000000e+02, 2.635214e+02
1.000000e+02, 2.571885e+02
1.000000e+02, 2.477449e+02
1.000000e+02, 2.333094e+02
1.000000e+02, 2.123089e+02
1.000000e+02, 1.875088e+02
1.000000e+02, 1.658244e+02
1.000000e+02, 1.497217e+02
1.000000e+02, 1.372677e+02
1.000000e+02, 1.259532e+02
1.000000e+02, 1.133000e+02
1.000000e+02, 9.610153e+01
1.000000e+02, 7.065525e+01
1.000000e+02, 3.965939e+01
1.000000e+02, 1.458528e+01
1.000000e+02, 3.584227e+02
1.000000e+02, 3.477301e+02
1.000000e+02, 3.396974e+02
1.000000e+02, 3.325306e+02
1.000000e+02, 3.245286e+02
1.000000e+02, 3.124963e+02
1.000000e+02, 2.860061e+02
1.000000e+02, 2.254303e+02
1.000000e+02, 1.841430e+02
1.000000e+02, 1.688439e+02
1.000000e+02, 1.615970e+02
1.000000e+02, 1.574356e+02
1.000000e+02, 1.547964e+02
1.000000e+02, 1.530666e+02
1.000000e+02, 1.519740e+02
1.000000e+02, 1.514095e+02
1.000000e+02, 1.513591e+02
1.000000e+02, 1.518943e+02
1.000000e+02, 1.531782e+02
1.000000e+02, 1.555038e+02
1.000000e+02, 1.593005e+02
1.000000e+02, 1.651093e+02
1.000000e+02, 1.732357e+02
1.000000e+02, 1.832296e+02
1.000000e+02, 1.956839e+02
1.000000e+02, 1.022042e+02
1.000000e+02, 3.432213e+02
1.000000e+02, 3.433264e+02
1.000000e+02, 3.394873e+02
1.000000e+02, 3.351406e+02
1.000000e+02, 3.313629e+02
1.000000e+02, 3.283407e+02
1.000000e+02, 3.259574e+02
1.000000e+02, 3.240458e+02
1.000000e+02, 3.224885e+02
1.000000e+02, 3.212168e+02
1.000000e+02, 3.202020e+02
1.000000e+02, 3.194395e+02
1.000000e+02, 3.189535e+02
1.000000e+02, 3.187856e+02
1.000000e+02, 3.189935e+02
1.000000e+02, 3.196437e+02
1.000000e+02, 3.208173e+02
1.000000e+02, 3.225960e+02
1.000000e+02, 3.250631e+02
1.000000e+02, 3.282950e+02
1.000000e+02, 3.323630e+02
1.000000e+02, 3.373405e+02
1.000000e+02, 3.433468e+02
1.000000e+02, 3.506259e+02
1.000000e+02, 3.597732e+02
1.000000e+02, 1.221539e+01
1.000000e+02, 3.122428e+01
1.000000e+02, 6.183905e+01
1.000000e+02, 9.901608e+01
1.000000e+02, 1.263603e+02
1.000000e+02, 1.433147e+02
1.000000e+02, 1.550958e+02
1.000000e+02, 1.648889e+02
1.000000e+02, 1.746854e+02
1.000000e+02, 1.862749e+02
1.000000e+02, 2.016177e+02
1.000000e+02, 2.217856e+02
1.000000e+02, 2.438085e+02
1.000000e+02, 2.619489e+02
1.000000e+02, 2.741227e+02
1.000000e+02, 2.814686e+02
1.000000e+02, 2.854009e+02
1.000000e+02, 2.867919e+02
1.000000e+02, 2.860159e+02
1.000000e+02, 2.830566e+02
1.000000e+02, 2.774996e+02
1.000000e+02, 2.683931e+02
1.000000e+02, 2.540672e+02
1.000000e+02, 2.326727e+02
1.000000e+02, 2.054709e+02
1.000000e+02, 1.788856e+02
1.000000e+02, 1.569009e+02
1.000000e+02, 1.381221e+02
1.000000e+02, 1.198670e+02
1.000000e+02, 9.995096e+01
1.000000e+02, 7.724698e+01
1.000000e+02, 5.234231e+01
1.000000e+02, 2.677124e+01
1.000000e+02, 1.314503e-01
1.000000e+02, 3.274853e+02
1.000000e+02, 2.838004e+02
1.000000e+02, 2.443799e+02
1.000000e+02, 2.205830e+02
1.000000e+02, 2.063603e+02
1.000000e+02, 1.969983e+02
1.000000e+02, 1.904145e+02
1.000000e+02, 1.857036e+02
1.000000e+02, 1.825470e+02
1.000000e+02, 1.810819e+02
1.000000e+02, 1.821384e+02
1.000000e+02, 1.882933e+02
1.000000e+02, 2.075112e+02
1.000000e+02, 2.506253e+02
1.000000e+02, 2.842872e+02
1.000000e+02, 2.959811e+02
1.000000e+02, 2.984554e+02
1.000000e+02, 2.967238e+02
1.000000e+02, 2.923463e+02
1.000000e+02, 2.857278e+02
1.000000e+02, 2.767944e+02
1.000000e+02, 2.652786e+02
1.000000e+02, 2.510313e+02
1.000000e+02, 2.344831e+02
1.000000e+02, 2.169037e+02
1.000000e+02, 1.998623e+02
1.000000e+02, 1.843067e+02
1.000000e+02, 1.703146e+02
1.000000e+02, 1.574873e+02
1.000000e+02, 1.453247e+02
1.000000e+02, 1.334020e+02
1.000000e+02, 1.214248e+02
1.000000e+02, 1.092399e+02
1.000000e+02, 9.681182e+01
1.000000e+02, 8.419510e+01
1.000000e+02, 7.146307e+01
1.000000e+02, 5.867173e+01
1.000000e+02, 4.584759e+01
1.000000e+02, 3.308190e+01
1.000000e+02, 2.064143e+01
1.000000e+02, 9.111902e+00
1.000000e+02, 3.593974e+02
1.000000e+02, 3.525444e+02
1.000000e+02, 3.495399e+02
1.000000e+02, 3.512242e+02
1.000000e+02, 3.579955e+02
1.000000e+02, 9.088104e+00
1.000000e+02, 2.215971e+01
1.000000e+02, 3.476106e+01
1.000000e+02, 4.619603e+01
1.000000e+02, 5.748088e+01
1.000000e+02, 7.055978e+01
1.000000e+02, 8.763830e+01
1.000000e+02, 1.091679e+02
1.000000e+02, 1.308843e+02
1.000000e+02, 1.474675e+02
1.000000e+02, 1.580504e+02
1.000000e+02, 1.641417e+02
1.000000e+02, 1.671129e+02
1.000000e+02, 1.677556e+02
1.000000e+02, 1.663955e+02
1.000000e+02, 1.630043e+02
1.000000e+02, 1.572556e+02
1.000000e+02, 1.486248e+02
1.000000e+02, 1.367542e+02
1.000000e+02, 1.223247e+02
1.000000e+02, 1.076450e+02
1.000000e+02, 9.524803e+01
1.000000e+02, 8.612045e+01
1.000000e+02, 7.996951e+01
1.000000e+02, 7.616855e+01
1.000000e+02, 7.422355e+01
1.000000e+02, 7.385326e+01
1.000000e+02, 7.495780e+01
1.000000e+02, 7.756845e+01
1.000000e+02, 8.174891e+01
1.000000e+02, 8.748146e+01
1.000000e+02, 9.448233e+01
1.000000e+02, 1.020385e+02
1.000000e+02, 1.090860e+02
1.000000e+02, 1.146375e+02
1.000000e+02, 1.178329e+02
1.000000e+02, 1.160635e+02
1.000000e+02, 4.152094e+01
1.000000e+02, 3.050667e+01
1.000000e+02, 2.629804e+01
1.000000e+02, 2.193918e+01
1.000000e+02, 1.649439e+01
1.000000e+02, 9.469204e+00
1.000000e+02, 3.418234e-01
1.000000e+02, 3.485424e+02
1.000000e+02, 3.334947e+02
1.000000e+02, 3.147763e+02
1.000000e+02, 2.913990e+02
1.000000e+02, 2.626971e+02
1.000000e+02, 2.323959e+02
1.000000e+02, 2.075251e+02
1.000000e+02, 1.895490e+02
1.000000e+02, 1.764990e+02
1.000000e+02, 1.666165e+02
1.000000e+02, 1.586994e+02
1.000000e+02, 1.519877e+02
1.000000e+02, 1.457968e+02
1.000000e+02, 1.393457e+02
1.000000e+02, 1.313204e+02
1.000000e+02, 1.186814e+02
1.000000e+02, 9.355437e+01
1.000000e+02, 5.074974e+01
1.000000e+02, 2.020341e+01
1.000000e+02, 7.459649e+00
1.000000e+02, 2.773268e+00
1.000000e+02, 2.332268e+00
1.000000e+02, 5.164451e+00
1.000000e+02, 1.154057e+01
1.000000e+02, 2.259519e+01
1.000000e+02, 3.972458e+01
1.000000e+02, 6.211584e+01
1.000000e+02, 8.439464e+01
1.000000e+02, 1.015967e+02
1.000000e+02, 1.133462e+02
1.000000e+02, 1.211695e+02
1.000000e+02, 1.263667e+02
1.000000e+02, 1.296929e+02
1.000000e+02, 1.314665e+02
1.000000e+02, 1.316238e+02
1.000000e+02, 1.296414e+02
1.000000e+02, 1.242460e+02
1.000000e+02, 1.131701e+02
1.000000e+02, 9.508945e+01
1.000000e+02, 7.631421e+01
1.000000e+02, 6.575830e+01
1.000000e+02, 6.433309e+01
1.000000e+02, 7.038075e+01
1.000000e+02, 8.345872e+01
1.000000e+02, 1.034577e+02
1.000000e+02, 1.277792e+02
1.000000e+02, 1.510930e+02
1.000000e+02, 1.703659e+02
1.000000e+02, 1.861710e+02
1.000000e+02, 2.000664e+02
1.000000e+02, 2.133080e+02
1.000000e+02, 2.266358e+02
1.000000e+02, 2.403267e+02
1.000000e+02, 2.542467e+02
1.000000e+02, 2.679803e+02
1.000000e+02, 2.810793e+02
1.000000e+02, 2.933930e+02
1.000000e+02, 3.052848e+02
1.000000e+02, 3.181155e+02
1.000000e+02, 3.360353e+02
1.000000e+02, 1.262505e+01
1.000000e+02, 6.693069e+01
1.000000e+02, 9.451390e+01
1.000000e+02, 1.066625e+02
1.000000e+02, 1.130737e+02
1.000000e+02, 1.166265e+02
1.000000e+02, 1.183499e+02
1.000000e+02, 1.186789e+02
1.000000e+02, 1.178121e+02
1.000000e+02, 1.158416e+02
1.000000e+02, 1.128103e+02
1.000000e+02, 1.087544e+02
1.000000e+02, 1.037262e+02
1.000000e+02, 9.781946e+01
1.000000e+02, 9.117025e+01
1.000000e+02, 8.393963e+01
1.000000e+02, 7.626722e+01
1.000000e+02, 6.819887e+01
1.000000e+02, 5.966656e+01
1.000000e+02, 5.051055e+01
1.000000e+02, 4.059253e+01
1.000000e+02, 3.007835e+01
1.000000e+02, 1.957206e+01
1.000000e+02, 1.002525e+01
1.000000e+02, 2.208512e+00
1.000000e+02, 3.563918e+02
##END=
