##TITLE=auto
##------------Pulse PARAMETERS -----------
##Carrier  = 0.00 ppm
##SpecFreq = 470.60 MHz
##Regions: All: -172.00-172.00(200) 
##Targets: All: 90x 
##Total_Duration = 600.00 us
##Iterations = 527 
##Maximum_Amplitude        = 15600.00 Hz
##Equivalent_fullpower_90o = 16.03 us
###fidelity = 0.01393120 Hz (pulse: 0.01393120  miss: -nan)
##MINX= 1.000000E02
##MAXX= 1.000000E02
##MINY= 0.000000E00
##MAXY= 3.600000E02
##$SHAPE_EXMODE= Excitation
##$SHAPE_TOTROT= 9.000000E01
##$SHAPE_TYPE= Excitation
##$SHAPE_USER_DEF= 
##$SHAPE_REPHFAC= 
##$SHAPE_BWFAC= 1.0000E00
##$SHAPE_BWFAC50= 
##$SHAPE_INTEGFAC= 1.0
##$SHAPE_MODE= 0
##NPOINTS= 1400
##XYPOINTS= (XY..XY)
1.000000e+02, 3.595167e+02
1.000000e+02, 3.556058e+02
1.000000e+02, 3.515300e+02
1.000000e+02, 3.473435e+02
1.000000e+02, 3.431118e+02
1.000000e+02, 3.389056e+02
1.000000e+02, 3.347916e+02
1.000000e+02, 3.308246e+02
1.000000e+02, 3.270421e+02
1.000000e+02, 3.234580e+02
1.000000e+02, 3.200626e+02
1.000000e+02, 3.168220e+02
1.000000e+02, 3.136789e+02
1.000000e+02, 3.105540e+02
1.000000e+02, 3.073483e+02
1.000000e+02, 3.039436e+02
1.000000e+02, 3.002086e+02
1.000000e+02, 2.960045e+02
1.000000e+02, 2.912028e+02
1.000000e+02, 2.857030e+02
1.000000e+02, 2.794608e+02
1.000000e+02, 2.725215e+02
1.000000e+02, 2.650272e+02
1.000000e+02, 2.571882e+02
1.000000e+02, 2.492266e+02
1.000000e+02, 2.412987e+02
1.000000e+02, 2.334412e+02
1.000000e+02, 2.255484e+02
1.000000e+02, 2.173714e+02
1.000000e+02, 2.085198e+02
1.000000e+02, 1.984678e+02
1.000000e+02, 1.866080e+02
1.000000e+02, 1.724785e+02
1.000000e+02, 1.562865e+02
1.000000e+02, 1.393829e+02
1.000000e+02, 1.237268e+02
1.000000e+02, 1.105745e+02
1.000000e+02, 1.000726e+02
1.000000e+02, 9.176549e+01
1.000000e+02, 8.509065e+01
1.000000e+02, 7.956812e+01
1.000000e+02, 7.482867e+01
1.000000e+02, 7.058340e+01
1.000000e+02, 6.659019e+01
1.000000e+02, 6.261981e+01
1.000000e+02, 5.841740e+01
1.000000e+02, 5.364982e+01
1.000000e+02, 4.781626e+01
1.000000e+02, 4.009454e+01
1.000000e+02, 2.908938e+01
1.000000e+02, 1.275016e+01
1.000000e+02, 3.500501e+02
1.000000e+02, 3.254664e+02
1.000000e+02, 3.060810e+02
1.000000e+02, 2.932862e+02
1.000000e+02, 2.851406e+02
1.000000e+02, 2.799013e+02
1.000000e+02, 2.765251e+02
1.000000e+02, 2.744296e+02
1.000000e+02, 2.732878e+02
1.000000e+02, 2.729189e+02
1.000000e+02, 2.732262e+02
1.000000e+02, 2.741669e+02
1.000000e+02, 2.757344e+02
1.000000e+02, 2.779426e+02
1.000000e+02, 2.808169e+02
1.000000e+02, 2.843779e+02
1.000000e+02, 2.886227e+02
1.000000e+02, 2.935016e+02
1.000000e+02, 2.988966e+02
1.000000e+02, 3.046124e+02
1.000000e+02, 3.103918e+02
1.000000e+02, 3.159559e+02
1.000000e+02, 3.210549e+02
1.000000e+02, 3.255063e+02
1.000000e+02, 3.292065e+02
1.000000e+02, 3.321212e+02
1.000000e+02, 3.342648e+02
1.000000e+02, 3.356826e+02
1.000000e+02, 3.364364e+02
1.000000e+02, 3.366025e+02
1.000000e+02, 3.362698e+02
1.000000e+02, 3.355451e+02
1.000000e+02, 3.345616e+02
1.000000e+02, 3.334814e+02
1.000000e+02, 3.324999e+02
1.000000e+02, 3.318336e+02
1.000000e+02, 3.317031e+02
1.000000e+02, 3.323059e+02
1.000000e+02, 3.337744e+02
1.000000e+02, 3.361372e+02
1.000000e+02, 3.392902e+02
1.000000e+02, 3.430039e+02
1.000000e+02, 3.469677e+02
1.000000e+02, 3.508696e+02
1.000000e+02, 3.544659e+02
1.000000e+02, 3.576144e+02
1.000000e+02, 2.679363e-01
1.000000e+02, 2.450682e+00
1.000000e+02, 4.230482e+00
1.000000e+02, 5.702900e+00
1.000000e+02, 6.985285e+00
1.000000e+02, 8.220980e+00
1.000000e+02, 9.602748e+00
1.000000e+02, 1.140852e+01
1.000000e+02, 1.406236e+01
1.000000e+02, 1.825320e+01
1.000000e+02, 2.505392e+01
1.000000e+02, 3.582862e+01
1.000000e+02, 5.092973e+01
1.000000e+02, 6.724718e+01
1.000000e+02, 7.985618e+01
1.000000e+02, 8.701587e+01
1.000000e+02, 8.974073e+01
1.000000e+02, 8.942597e+01
1.000000e+02, 8.709538e+01
1.000000e+02, 8.343358e+01
1.000000e+02, 7.890032e+01
1.000000e+02, 7.381587e+01
1.000000e+02, 6.840514e+01
1.000000e+02, 6.282353e+01
1.000000e+02, 5.717133e+01
1.000000e+02, 5.150845e+01
1.000000e+02, 4.586239e+01
1.000000e+02, 4.024090e+01
1.000000e+02, 3.463796e+01
1.000000e+02, 2.904422e+01
1.000000e+02, 2.345117e+01
1.000000e+02, 1.785684e+01
1.000000e+02, 1.226980e+01
1.000000e+02, 6.712992e+00
1.000000e+02, 1.222255e+00
1.000000e+02, 3.558479e+02
1.000000e+02, 3.506501e+02
1.000000e+02, 3.456957e+02
1.000000e+02, 3.410514e+02
1.000000e+02, 3.367800e+02
1.000000e+02, 3.329361e+02
1.000000e+02, 3.295635e+02
1.000000e+02, 3.266948e+02
1.000000e+02, 3.243498e+02
1.000000e+02, 3.225372e+02
1.000000e+02, 3.212527e+02
1.000000e+02, 3.204785e+02
1.000000e+02, 3.201808e+02
1.000000e+02, 3.203068e+02
1.000000e+02, 3.207826e+02
1.000000e+02, 3.215117e+02
1.000000e+02, 3.223769e+02
1.000000e+02, 3.232438e+02
1.000000e+02, 3.239670e+02
1.000000e+02, 3.243965e+02
1.000000e+02, 3.243795e+02
1.000000e+02, 3.237607e+02
1.000000e+02, 3.223734e+02
1.000000e+02, 3.200279e+02
1.000000e+02, 3.164918e+02
1.000000e+02, 3.114710e+02
1.000000e+02, 3.046071e+02
1.000000e+02, 2.955280e+02
1.000000e+02, 2.840283e+02
1.000000e+02, 2.704137e+02
1.000000e+02, 2.557476e+02
1.000000e+02, 2.414948e+02
1.000000e+02, 2.287168e+02
1.000000e+02, 2.177048e+02
1.000000e+02, 2.082212e+02
1.000000e+02, 1.998447e+02
1.000000e+02, 1.921522e+02
1.000000e+02, 1.847696e+02
1.000000e+02, 1.773665e+02
1.000000e+02, 1.696341e+02
1.000000e+02, 1.612658e+02
1.000000e+02, 1.519493e+02
1.000000e+02, 1.413878e+02
1.000000e+02, 1.293722e+02
1.000000e+02, 1.159248e+02
1.000000e+02, 1.014496e+02
1.000000e+02, 8.671891e+01
1.000000e+02, 7.258443e+01
1.000000e+02, 5.962018e+01
1.000000e+02, 4.799972e+01
1.000000e+02, 3.760825e+01
1.000000e+02, 2.820582e+01
1.000000e+02, 1.953615e+01
1.000000e+02, 1.137149e+01
1.000000e+02, 3.528055e+00
1.000000e+02, 3.558650e+02
1.000000e+02, 3.482786e+02
1.000000e+02, 3.406982e+02
1.000000e+02, 3.330815e+02
1.000000e+02, 3.254064e+02
1.000000e+02, 3.176642e+02
1.000000e+02, 3.098492e+02
1.000000e+02, 3.019447e+02
1.000000e+02, 2.939074e+02
1.000000e+02, 2.856476e+02
1.000000e+02, 2.770048e+02
1.000000e+02, 2.677115e+02
1.000000e+02, 2.573545e+02
1.000000e+02, 2.453330e+02
1.000000e+02, 2.309149e+02
1.000000e+02, 2.136290e+02
1.000000e+02, 1.941864e+02
1.000000e+02, 1.749755e+02
1.000000e+02, 1.585058e+02
1.000000e+02, 1.456836e+02
1.000000e+02, 1.361193e+02
1.000000e+02, 1.290938e+02
1.000000e+02, 1.240003e+02
1.000000e+02, 1.204182e+02
1.000000e+02, 1.180816e+02
1.000000e+02, 1.168341e+02
1.000000e+02, 1.165998e+02
1.000000e+02, 1.173623e+02
1.000000e+02, 1.191516e+02
1.000000e+02, 1.220342e+02
1.000000e+02, 1.260990e+02
1.000000e+02, 1.314330e+02
1.000000e+02, 1.380819e+02
1.000000e+02, 1.459959e+02
1.000000e+02, 1.549828e+02
1.000000e+02, 1.647020e+02
1.000000e+02, 1.747390e+02
1.000000e+02, 1.847313e+02
1.000000e+02, 1.944674e+02
1.000000e+02, 2.039077e+02
1.000000e+02, 2.131419e+02
1.000000e+02, 2.223226e+02
1.000000e+02, 2.316028e+02
1.000000e+02, 2.410838e+02
1.000000e+02, 2.507762e+02
1.000000e+02, 2.605828e+02
1.000000e+02, 2.703147e+02
1.000000e+02, 2.797447e+02
1.000000e+02, 2.886707e+02
1.000000e+02, 2.969705e+02
1.000000e+02, 3.046117e+02
1.000000e+02, 3.116446e+02
1.000000e+02, 3.181715e+02
1.000000e+02, 3.243305e+02
1.000000e+02, 3.302778e+02
1.000000e+02, 3.361814e+02
1.000000e+02, 3.422186e+02
1.000000e+02, 3.485741e+02
1.000000e+02, 3.554338e+02
1.000000e+02, 2.967076e+00
1.000000e+02, 1.128904e+01
1.000000e+02, 2.040079e+01
1.000000e+02, 3.012574e+01
1.000000e+02, 4.009055e+01
1.000000e+02, 4.980107e+01
1.000000e+02, 5.879157e+01
1.000000e+02, 6.675289e+01
1.000000e+02, 7.356614e+01
1.000000e+02, 7.925802e+01
1.000000e+02, 8.393144e+01
1.000000e+02, 8.771553e+01
1.000000e+02, 9.073452e+01
1.000000e+02, 9.309475e+01
1.000000e+02, 9.488163e+01
1.000000e+02, 9.616015e+01
1.000000e+02, 9.697743e+01
1.000000e+02, 9.736522e+01
1.000000e+02, 9.734318e+01
1.000000e+02, 9.692141e+01
1.000000e+02, 9.610384e+01
1.000000e+02, 9.489204e+01
1.000000e+02, 9.328957e+01
1.000000e+02, 9.130800e+01
1.000000e+02, 8.897263e+01
1.000000e+02, 8.632715e+01
1.000000e+02, 8.343742e+01
1.000000e+02, 8.038824e+01
1.000000e+02, 7.727828e+01
1.000000e+02, 7.420334e+01
1.000000e+02, 7.124818e+01
1.000000e+02, 6.847179e+01
1.000000e+02, 6.590286e+01
1.000000e+02, 6.353976e+01
1.000000e+02, 6.135548e+01
1.000000e+02, 5.930510e+01
1.000000e+02, 5.733387e+01
1.000000e+02, 5.538441e+01
1.000000e+02, 5.340323e+01
1.000000e+02, 5.134595e+01
1.000000e+02, 4.918219e+01
1.000000e+02, 4.689972e+01
1.000000e+02, 4.450812e+01
1.000000e+02, 4.204255e+01
1.000000e+02, 3.956464e+01
1.000000e+02, 3.716301e+01
1.000000e+02, 3.495045e+01
1.000000e+02, 3.306029e+01
1.000000e+02, 3.164204e+01
1.000000e+02, 3.085950e+01
1.000000e+02, 3.089093e+01
1.000000e+02, 3.193253e+01
1.000000e+02, 3.420366e+01
1.000000e+02, 3.794228e+01
1.000000e+02, 4.337532e+01
1.000000e+02, 5.063784e+01
1.000000e+02, 5.963095e+01
1.000000e+02, 6.988073e+01
1.000000e+02, 8.057507e+01
1.000000e+02, 9.086260e+01
1.000000e+02, 1.001876e+02
1.000000e+02, 1.083907e+02
1.000000e+02, 1.155902e+02
1.000000e+02, 1.220301e+02
1.000000e+02, 1.279852e+02
1.000000e+02, 1.337214e+02
1.000000e+02, 1.394922e+02
1.000000e+02, 1.455473e+02
1.000000e+02, 1.521456e+02
1.000000e+02, 1.595630e+02
1.000000e+02, 1.680857e+02
1.000000e+02, 1.779668e+02
1.000000e+02, 1.893233e+02
1.000000e+02, 2.019834e+02
1.000000e+02, 2.153887e+02
1.000000e+02, 2.287262e+02
1.000000e+02, 2.412744e+02
1.000000e+02, 2.526753e+02
1.000000e+02, 2.629454e+02
1.000000e+02, 2.723349e+02
1.000000e+02, 2.811952e+02
1.000000e+02, 2.899122e+02
1.000000e+02, 2.988849e+02
1.000000e+02, 3.085176e+02
1.000000e+02, 3.191885e+02
1.000000e+02, 3.311551e+02
1.000000e+02, 3.443695e+02
1.000000e+02, 3.583013e+02
1.000000e+02, 1.200371e+01
1.000000e+02, 2.452999e+01
1.000000e+02, 3.533684e+01
1.000000e+02, 4.433685e+01
1.000000e+02, 5.171314e+01
1.000000e+02, 5.772925e+01
1.000000e+02, 6.263238e+01
1.000000e+02, 6.661628e+01
1.000000e+02, 6.981664e+01
1.000000e+02, 7.231334e+01
1.000000e+02, 7.413075e+01
1.000000e+02, 7.523406e+01
1.000000e+02, 7.550922e+01
1.000000e+02, 7.473347e+01
1.000000e+02, 7.250992e+01
1.000000e+02, 6.816909e+01
1.000000e+02, 6.067603e+01
1.000000e+02, 4.884118e+01
1.000000e+02, 3.268973e+01
1.000000e+02, 1.550534e+01
1.000000e+02, 1.766339e+00
1.000000e+02, 3.529495e+02
1.000000e+02, 3.481898e+02
1.000000e+02, 3.463239e+02
1.000000e+02, 3.465369e+02
1.000000e+02, 3.483415e+02
1.000000e+02, 3.514673e+02
1.000000e+02, 3.557707e+02
1.000000e+02, 1.175934e+00
1.000000e+02, 7.633701e+00
1.000000e+02, 1.508278e+01
1.000000e+02, 2.342126e+01
1.000000e+02, 3.249016e+01
1.000000e+02, 4.207946e+01
1.000000e+02, 5.196197e+01
1.000000e+02, 6.193971e+01
1.000000e+02, 7.188525e+01
1.000000e+02, 8.175859e+01
1.000000e+02, 9.159968e+01
1.000000e+02, 1.015044e+02
1.000000e+02, 1.115935e+02
1.000000e+02, 1.219754e+02
1.000000e+02, 1.327077e+02
1.000000e+02, 1.437585e+02
1.000000e+02, 1.549841e+02
1.000000e+02, 1.661417e+02
1.000000e+02, 1.769453e+02
1.000000e+02, 1.871403e+02
1.000000e+02, 1.965589e+02
1.000000e+02, 2.051377e+02
1.000000e+02, 2.128989e+02
1.000000e+02, 2.199202e+02
1.000000e+02, 2.263069e+02
1.000000e+02, 2.321738e+02
1.000000e+02, 2.376364e+02
1.000000e+02, 2.428077e+02
1.000000e+02, 2.477994e+02
1.000000e+02, 2.527245e+02
1.000000e+02, 2.577016e+02
1.000000e+02, 2.628565e+02
1.000000e+02, 2.683203e+02
1.000000e+02, 2.742161e+02
1.000000e+02, 2.806245e+02
1.000000e+02, 2.875251e+02
1.000000e+02, 2.947187e+02
1.000000e+02, 3.017894e+02
1.000000e+02, 3.081720e+02
1.000000e+02, 3.133426e+02
1.000000e+02, 3.170024e+02
1.000000e+02, 3.191479e+02
1.000000e+02, 3.200039e+02
1.000000e+02, 3.199126e+02
1.000000e+02, 3.192195e+02
1.000000e+02, 3.182104e+02
1.000000e+02, 3.170825e+02
1.000000e+02, 3.159499e+02
1.000000e+02, 3.148617e+02
1.000000e+02, 3.138216e+02
1.000000e+02, 3.128059e+02
1.000000e+02, 3.117756e+02
1.000000e+02, 3.106821e+02
1.000000e+02, 3.094713e+02
1.000000e+02, 3.080866e+02
1.000000e+02, 3.064682e+02
1.000000e+02, 3.045540e+02
1.000000e+02, 3.022802e+02
1.000000e+02, 2.995818e+02
1.000000e+02, 2.963960e+02
1.000000e+02, 2.926664e+02
1.000000e+02, 2.883510e+02
1.000000e+02, 2.834327e+02
1.000000e+02, 2.779303e+02
1.000000e+02, 2.719078e+02
1.000000e+02, 2.654738e+02
1.000000e+02, 2.587690e+02
1.000000e+02, 2.519404e+02
1.000000e+02, 2.451097e+02
1.000000e+02, 2.383469e+02
1.000000e+02, 2.316532e+02
1.000000e+02, 2.249555e+02
1.000000e+02, 2.181037e+02
1.000000e+02, 2.108674e+02
1.000000e+02, 2.029288e+02
1.000000e+02, 1.938796e+02
1.000000e+02, 1.832574e+02
1.000000e+02, 1.706959e+02
1.000000e+02, 1.562695e+02
1.000000e+02, 1.408723e+02
1.000000e+02, 1.260345e+02
1.000000e+02, 1.130499e+02
1.000000e+02, 1.023833e+02
1.000000e+02, 9.384871e+01
1.000000e+02, 8.701990e+01
1.000000e+02, 8.147096e+01
1.000000e+02, 7.684977e+01
1.000000e+02, 7.288177e+01
1.000000e+02, 6.934898e+01
1.000000e+02, 6.606832e+01
1.000000e+02, 6.287175e+01
1.000000e+02, 5.958653e+01
1.000000e+02, 5.601294e+01
1.000000e+02, 5.189603e+01
1.000000e+02, 4.688576e+01
1.000000e+02, 4.048996e+01
1.000000e+02, 3.204181e+01
1.000000e+02, 2.081084e+01
1.000000e+02, 6.542255e+00
1.000000e+02, 3.504547e+02
1.000000e+02, 3.352576e+02
1.000000e+02, 3.231622e+02
1.000000e+02, 3.146505e+02
1.000000e+02, 3.092041e+02
1.000000e+02, 3.061717e+02
1.000000e+02, 3.050809e+02
1.000000e+02, 3.056732e+02
1.000000e+02, 3.078719e+02
1.000000e+02, 3.117514e+02
1.000000e+02, 3.175080e+02
1.000000e+02, 3.254009e+02
1.000000e+02, 3.356018e+02
1.000000e+02, 3.479141e+02
1.000000e+02, 1.513307e+00
1.000000e+02, 1.511205e+01
1.000000e+02, 2.760699e+01
1.000000e+02, 3.854300e+01
1.000000e+02, 4.802885e+01
1.000000e+02, 5.643730e+01
1.000000e+02, 6.419631e+01
1.000000e+02, 7.171018e+01
1.000000e+02, 7.934430e+01
1.000000e+02, 8.742335e+01
1.000000e+02, 9.621467e+01
1.000000e+02, 1.058758e+02
1.000000e+02, 1.163664e+02
1.000000e+02, 1.273690e+02
1.000000e+02, 1.383129e+02
1.000000e+02, 1.485541e+02
1.000000e+02, 1.575982e+02
1.000000e+02, 1.652094e+02
1.000000e+02, 1.713678e+02
1.000000e+02, 1.761682e+02
1.000000e+02, 1.797344e+02
1.000000e+02, 1.821702e+02
1.000000e+02, 1.835356e+02
1.000000e+02, 1.838373e+02
1.000000e+02, 1.830248e+02
1.000000e+02, 1.809920e+02
1.000000e+02, 1.775916e+02
1.000000e+02, 1.726760e+02
1.000000e+02, 1.661959e+02
1.000000e+02, 1.583505e+02
1.000000e+02, 1.497154e+02
1.000000e+02, 1.411709e+02
1.000000e+02, 1.335928e+02
1.000000e+02, 1.275534e+02
1.000000e+02, 1.232696e+02
1.000000e+02, 1.207405e+02
1.000000e+02, 1.199069e+02
1.000000e+02, 1.207551e+02
1.000000e+02, 1.233728e+02
1.000000e+02, 1.279685e+02
1.000000e+02, 1.348449e+02
1.000000e+02, 1.442600e+02
1.000000e+02, 1.560908e+02
1.000000e+02, 1.694326e+02
1.000000e+02, 1.827021e+02
1.000000e+02, 1.944829e+02
1.000000e+02, 2.041872e+02
1.000000e+02, 2.119244e+02
1.000000e+02, 2.180839e+02
1.000000e+02, 2.230729e+02
1.000000e+02, 2.272307e+02
1.000000e+02, 2.308234e+02
1.000000e+02, 2.340652e+02
1.000000e+02, 2.371409e+02
1.000000e+02, 2.402327e+02
1.000000e+02, 2.435502e+02
1.000000e+02, 2.473771e+02
1.000000e+02, 2.521507e+02
1.000000e+02, 2.586212e+02
1.000000e+02, 2.681581e+02
1.000000e+02, 2.831408e+02
1.000000e+02, 3.059636e+02
1.000000e+02, 3.329533e+02
1.000000e+02, 3.544276e+02
1.000000e+02, 7.824830e+00
1.000000e+02, 1.571852e+01
1.000000e+02, 2.031637e+01
1.000000e+02, 2.282564e+01
1.000000e+02, 2.385708e+01
1.000000e+02, 2.370191e+01
1.000000e+02, 2.246373e+01
1.000000e+02, 2.011859e+01
1.000000e+02, 1.653860e+01
1.000000e+02, 1.150489e+01
1.000000e+02, 4.737780e+00
1.000000e+02, 3.559912e+02
1.000000e+02, 3.452685e+02
1.000000e+02, 3.331092e+02
1.000000e+02, 3.206413e+02
1.000000e+02, 3.091174e+02
1.000000e+02, 2.993156e+02
1.000000e+02, 2.914047e+02
1.000000e+02, 2.851916e+02
1.000000e+02, 2.803788e+02
1.000000e+02, 2.766956e+02
1.000000e+02, 2.739378e+02
1.000000e+02, 2.719706e+02
1.000000e+02, 2.707192e+02
1.000000e+02, 2.701611e+02
1.000000e+02, 2.703174e+02
1.000000e+02, 2.712487e+02
1.000000e+02, 2.730442e+02
1.000000e+02, 2.758059e+02
1.000000e+02, 2.796099e+02
1.000000e+02, 2.844493e+02
1.000000e+02, 2.901573e+02
1.000000e+02, 2.963624e+02
1.000000e+02, 3.025343e+02
1.000000e+02, 3.081298e+02
1.000000e+02, 3.127461e+02
1.000000e+02, 3.161850e+02
1.000000e+02, 3.184186e+02
1.000000e+02, 3.195131e+02
1.000000e+02, 3.195649e+02
1.000000e+02, 3.186599e+02
1.000000e+02, 3.168529e+02
1.000000e+02, 3.141560e+02
1.000000e+02, 3.105321e+02
1.000000e+02, 3.058909e+02
1.000000e+02, 3.000875e+02
1.000000e+02, 2.929332e+02
1.000000e+02, 2.842396e+02
1.000000e+02, 2.739215e+02
1.000000e+02, 2.621637e+02
1.000000e+02, 2.495583e+02
1.000000e+02, 2.370127e+02
1.000000e+02, 2.253939e+02
1.000000e+02, 2.152074e+02
1.000000e+02, 2.065607e+02
1.000000e+02, 1.993195e+02
1.000000e+02, 1.932641e+02
1.000000e+02, 1.881813e+02
1.000000e+02, 1.838967e+02
1.000000e+02, 1.802841e+02
1.000000e+02, 1.772638e+02
1.000000e+02, 1.748023e+02
1.000000e+02, 1.729155e+02
1.000000e+02, 1.716816e+02
1.000000e+02, 1.712649e+02
1.000000e+02, 1.719662e+02
1.000000e+02, 1.743095e+02
1.000000e+02, 1.791684e+02
1.000000e+02, 1.878345e+02
1.000000e+02, 2.014002e+02
1.000000e+02, 2.184802e+02
1.000000e+02, 2.341869e+02
1.000000e+02, 2.449149e+02
1.000000e+02, 2.507553e+02
1.000000e+02, 2.530755e+02
1.000000e+02, 2.530185e+02
1.000000e+02, 2.513231e+02
1.000000e+02, 2.484486e+02
1.000000e+02, 2.446893e+02
1.000000e+02, 2.402426e+02
1.000000e+02, 2.352469e+02
1.000000e+02, 2.298009e+02
1.000000e+02, 2.239735e+02
1.000000e+02, 2.178078e+02
1.000000e+02, 2.113238e+02
1.000000e+02, 2.045197e+02
1.000000e+02, 1.973763e+02
1.000000e+02, 1.898621e+02
1.000000e+02, 1.819427e+02
1.000000e+02, 1.735939e+02
1.000000e+02, 1.648191e+02
1.000000e+02, 1.556662e+02
1.000000e+02, 1.462395e+02
1.000000e+02, 1.366972e+02
1.000000e+02, 1.272289e+02
1.000000e+02, 1.180208e+02
1.000000e+02, 1.092182e+02
1.000000e+02, 1.009046e+02
1.000000e+02, 9.309529e+01
1.000000e+02, 8.574696e+01
1.000000e+02, 7.877067e+01
1.000000e+02, 7.204336e+01
1.000000e+02, 6.541472e+01
1.000000e+02, 5.871053e+01
1.000000e+02, 5.173132e+01
1.000000e+02, 4.425764e+01
1.000000e+02, 3.606636e+01
1.000000e+02, 2.697487e+01
1.000000e+02, 1.692811e+01
1.000000e+02, 6.116313e+00
1.000000e+02, 3.550366e+02
1.000000e+02, 3.443921e+02
1.000000e+02, 3.348379e+02
1.000000e+02, 3.267701e+02
1.000000e+02, 3.202960e+02
1.000000e+02, 3.153321e+02
1.000000e+02, 3.117144e+02
1.000000e+02, 3.092691e+02
1.000000e+02, 3.078440e+02
1.000000e+02, 3.073159e+02
1.000000e+02, 3.075914e+02
1.000000e+02, 3.086000e+02
1.000000e+02, 3.102923e+02
1.000000e+02, 3.126364e+02
1.000000e+02, 3.156208e+02
1.000000e+02, 3.192651e+02
1.000000e+02, 3.236467e+02
1.000000e+02, 3.289655e+02
1.000000e+02, 3.357186e+02
1.000000e+02, 3.452344e+02
1.000000e+02, 1.756995e+00
1.000000e+02, 4.020537e+01
1.000000e+02, 9.877256e+01
1.000000e+02, 1.274565e+02
1.000000e+02, 1.406394e+02
1.000000e+02, 1.487065e+02
1.000000e+02, 1.545946e+02
1.000000e+02, 1.593437e+02
1.000000e+02, 1.634141e+02
1.000000e+02, 1.670523e+02
1.000000e+02, 1.704160e+02
1.000000e+02, 1.736258e+02
1.000000e+02, 1.767946e+02
1.000000e+02, 1.800496e+02
1.000000e+02, 1.835592e+02
1.000000e+02, 1.875805e+02
1.000000e+02, 1.925606e+02
1.000000e+02, 1.993701e+02
1.000000e+02, 2.099268e+02
1.000000e+02, 2.286928e+02
1.000000e+02, 2.620497e+02
1.000000e+02, 2.989087e+02
1.000000e+02, 3.212719e+02
1.000000e+02, 3.333089e+02
1.000000e+02, 3.405345e+02
1.000000e+02, 3.454037e+02
1.000000e+02, 3.489997e+02
1.000000e+02, 3.518580e+02
1.000000e+02, 3.542802e+02
1.000000e+02, 3.564595e+02
1.000000e+02, 3.585417e+02
1.000000e+02, 6.585389e-01
1.000000e+02, 2.954692e+00
1.000000e+02, 5.617885e+00
1.000000e+02, 8.924807e+00
1.000000e+02, 1.332691e+01
1.000000e+02, 1.961082e+01
1.000000e+02, 2.919139e+01
1.000000e+02, 4.435328e+01
1.000000e+02, 6.671865e+01
1.000000e+02, 9.168714e+01
1.000000e+02, 1.108830e+02
1.000000e+02, 1.227191e+02
1.000000e+02, 1.295025e+02
1.000000e+02, 1.331455e+02
1.000000e+02, 1.347078e+02
1.000000e+02, 1.347194e+02
1.000000e+02, 1.334111e+02
1.000000e+02, 1.308237e+02
1.000000e+02, 1.268582e+02
1.000000e+02, 1.212941e+02
1.000000e+02, 1.138167e+02
1.000000e+02, 1.041008e+02
1.000000e+02, 9.203359e+01
1.000000e+02, 7.806371e+01
1.000000e+02, 6.334769e+01
1.000000e+02, 4.926385e+01
1.000000e+02, 3.665892e+01
1.000000e+02, 2.563462e+01
1.000000e+02, 1.583334e+01
1.000000e+02, 6.741775e+00
1.000000e+02, 3.578334e+02
1.000000e+02, 3.486048e+02
1.000000e+02, 3.385910e+02
1.000000e+02, 3.274166e+02
1.000000e+02, 3.149302e+02
1.000000e+02, 3.014007e+02
1.000000e+02, 2.875876e+02
1.000000e+02, 2.744698e+02
1.000000e+02, 2.627798e+02
1.000000e+02, 2.527745e+02
1.000000e+02, 2.443407e+02
1.000000e+02, 2.371960e+02
1.000000e+02, 2.310244e+02
1.000000e+02, 2.255293e+02
1.000000e+02, 2.204402e+02
1.000000e+02, 2.154929e+02
1.000000e+02, 2.104019e+02
1.000000e+02, 2.048121e+02
1.000000e+02, 1.982288e+02
1.000000e+02, 1.899108e+02
1.000000e+02, 1.787648e+02
1.000000e+02, 1.635155e+02
1.000000e+02, 1.440017e+02
1.000000e+02, 1.233133e+02
1.000000e+02, 1.060039e+02
1.000000e+02, 9.370004e+01
1.000000e+02, 8.555135e+01
1.000000e+02, 8.034984e+01
1.000000e+02, 7.723919e+01
1.000000e+02, 7.571111e+01
1.000000e+02, 7.549386e+01
1.000000e+02, 7.647106e+01
1.000000e+02, 7.863086e+01
1.000000e+02, 8.203136e+01
1.000000e+02, 8.676236e+01
1.000000e+02, 9.288590e+01
1.000000e+02, 1.003427e+02
1.000000e+02, 1.088492e+02
1.000000e+02, 1.178594e+02
1.000000e+02, 1.266824e+02
1.000000e+02, 1.347095e+02
1.000000e+02, 1.415802e+02
1.000000e+02, 1.471911e+02
1.000000e+02, 1.516067e+02
1.000000e+02, 1.549618e+02
1.000000e+02, 1.574031e+02
1.000000e+02, 1.590614e+02
1.000000e+02, 1.600457e+02
1.000000e+02, 1.604467e+02
1.000000e+02, 1.603467e+02
1.000000e+02, 1.598295e+02
1.000000e+02, 1.589908e+02
1.000000e+02, 1.579460e+02
1.000000e+02, 1.568320e+02
1.000000e+02, 1.557997e+02
1.000000e+02, 1.549983e+02
1.000000e+02, 1.545546e+02
1.000000e+02, 1.545534e+02
1.000000e+02, 1.550294e+02
1.000000e+02, 1.559679e+02
1.000000e+02, 1.573175e+02
1.000000e+02, 1.590063e+02
1.000000e+02, 1.609601e+02
1.000000e+02, 1.631148e+02
1.000000e+02, 1.654256e+02
1.000000e+02, 1.678718e+02
1.000000e+02, 1.704590e+02
1.000000e+02, 1.732193e+02
1.000000e+02, 1.762130e+02
1.000000e+02, 1.795320e+02
1.000000e+02, 1.833033e+02
1.000000e+02, 1.876945e+02
1.000000e+02, 1.929145e+02
1.000000e+02, 1.991978e+02
1.000000e+02, 2.067493e+02
1.000000e+02, 2.156232e+02
1.000000e+02, 2.255428e+02
1.000000e+02, 2.358004e+02
1.000000e+02, 2.454304e+02
1.000000e+02, 2.536048e+02
1.000000e+02, 2.598969e+02
1.000000e+02, 2.642465e+02
1.000000e+02, 2.667856e+02
1.000000e+02, 2.676953e+02
1.000000e+02, 2.671396e+02
1.000000e+02, 2.652493e+02
1.000000e+02, 2.621344e+02
1.000000e+02, 2.579085e+02
1.000000e+02, 2.527154e+02
1.000000e+02, 2.467489e+02
1.000000e+02, 2.402538e+02
1.000000e+02, 2.335023e+02
1.000000e+02, 2.267524e+02
1.000000e+02, 2.202072e+02
1.000000e+02, 2.139914e+02
1.000000e+02, 2.081534e+02
1.000000e+02, 2.026795e+02
1.000000e+02, 1.975135e+02
1.000000e+02, 1.925751e+02
1.000000e+02, 1.877720e+02
1.000000e+02, 1.830088e+02
1.000000e+02, 1.781945e+02
1.000000e+02, 1.732510e+02
1.000000e+02, 1.681256e+02
1.000000e+02, 1.628101e+02
1.000000e+02, 1.573619e+02
1.000000e+02, 1.519260e+02
1.000000e+02, 1.467377e+02
1.000000e+02, 1.420998e+02
1.000000e+02, 1.383296e+02
1.000000e+02, 1.356899e+02
1.000000e+02, 1.343320e+02
1.000000e+02, 1.342611e+02
1.000000e+02, 1.353302e+02
1.000000e+02, 1.372631e+02
1.000000e+02, 1.397086e+02
1.000000e+02, 1.423097e+02
1.000000e+02, 1.447648e+02
1.000000e+02, 1.468608e+02
1.000000e+02, 1.484679e+02
1.000000e+02, 1.495174e+02
1.000000e+02, 1.499722e+02
1.000000e+02, 1.497990e+02
1.000000e+02, 1.489423e+02
1.000000e+02, 1.472974e+02
1.000000e+02, 1.446701e+02
1.000000e+02, 1.407084e+02
1.000000e+02, 1.347691e+02
1.000000e+02, 1.256750e+02
1.000000e+02, 1.114360e+02
1.000000e+02, 9.001502e+01
1.000000e+02, 6.385961e+01
1.000000e+02, 4.112814e+01
1.000000e+02, 2.536188e+01
1.000000e+02, 1.478029e+01
1.000000e+02, 7.252343e+00
1.000000e+02, 1.457012e+00
1.000000e+02, 3.566384e+02
1.000000e+02, 3.523419e+02
1.000000e+02, 3.482639e+02
1.000000e+02, 3.441694e+02
1.000000e+02, 3.398410e+02
1.000000e+02, 3.350353e+02
1.000000e+02, 3.294355e+02
1.000000e+02, 3.225789e+02
1.000000e+02, 3.137515e+02
1.000000e+02, 3.018640e+02
1.000000e+02, 2.855622e+02
1.000000e+02, 2.644297e+02
1.000000e+02, 2.413478e+02
1.000000e+02, 2.211209e+02
1.000000e+02, 2.056397e+02
1.000000e+02, 1.940234e+02
1.000000e+02, 1.849311e+02
1.000000e+02, 1.773715e+02
1.000000e+02, 1.707021e+02
1.000000e+02, 1.645050e+02
1.000000e+02, 1.584936e+02
1.000000e+02, 1.524585e+02
1.000000e+02, 1.462355e+02
1.000000e+02, 1.396879e+02
1.000000e+02, 1.326974e+02
1.000000e+02, 1.251596e+02
1.000000e+02, 1.169809e+02
1.000000e+02, 1.080743e+02
1.000000e+02, 9.835080e+01
1.000000e+02, 8.770563e+01
1.000000e+02, 7.599887e+01
1.000000e+02, 6.305533e+01
1.000000e+02, 4.871324e+01
1.000000e+02, 3.298626e+01
1.000000e+02, 1.631620e+01
1.000000e+02, 3.596899e+02
1.000000e+02, 3.443167e+02
1.000000e+02, 3.310564e+02
1.000000e+02, 3.201789e+02
1.000000e+02, 3.115407e+02
1.000000e+02, 3.048411e+02
1.000000e+02, 2.997818e+02
1.000000e+02, 2.961228e+02
1.000000e+02, 2.936933e+02
1.000000e+02, 2.923884e+02
1.000000e+02, 2.921590e+02
1.000000e+02, 2.930067e+02
1.000000e+02, 2.949791e+02
1.000000e+02, 2.981637e+02
1.000000e+02, 3.026751e+02
1.000000e+02, 3.086265e+02
1.000000e+02, 3.160748e+02
1.000000e+02, 3.249368e+02
1.000000e+02, 3.349139e+02
1.000000e+02, 3.454970e+02
1.000000e+02, 3.561023e+02
1.000000e+02, 6.266592e+00
1.000000e+02, 1.576442e+01
1.000000e+02, 2.459585e+01
1.000000e+02, 3.290592e+01
1.000000e+02, 4.090513e+01
1.000000e+02, 4.881895e+01
1.000000e+02, 5.685712e+01
1.000000e+02, 6.519475e+01
1.000000e+02, 7.395131e+01
1.000000e+02, 8.316796e+01
1.000000e+02, 9.278544e+01
1.000000e+02, 1.026441e+02
1.000000e+02, 1.125112e+02
1.000000e+02, 1.221403e+02
1.000000e+02, 1.313349e+02
1.000000e+02, 1.399869e+02
1.000000e+02, 1.480829e+02
1.000000e+02, 1.556847e+02
1.000000e+02, 1.629063e+02
1.000000e+02, 1.698915e+02
1.000000e+02, 1.768017e+02
1.000000e+02, 1.838063e+02
1.000000e+02, 1.910749e+02
1.000000e+02, 1.987639e+02
1.000000e+02, 2.069933e+02
1.000000e+02, 2.158039e+02
1.000000e+02, 2.251094e+02
1.000000e+02, 2.346627e+02
1.000000e+02, 2.440758e+02
1.000000e+02, 2.529094e+02
1.000000e+02, 2.607868e+02
1.000000e+02, 2.674656e+02
1.000000e+02, 2.728407e+02
1.000000e+02, 2.769022e+02
1.000000e+02, 2.796880e+02
1.000000e+02, 2.812519e+02
1.000000e+02, 2.816513e+02
1.000000e+02, 2.809538e+02
1.000000e+02, 2.792551e+02
1.000000e+02, 2.767031e+02
1.000000e+02, 2.735153e+02
1.000000e+02, 2.699732e+02
1.000000e+02, 2.663905e+02
1.000000e+02, 2.630578e+02
1.000000e+02, 2.601957e+02
1.000000e+02, 2.579318e+02
1.000000e+02, 2.563067e+02
1.000000e+02, 2.552935e+02
1.000000e+02, 2.548214e+02
1.000000e+02, 2.547931e+02
1.000000e+02, 2.550974e+02
1.000000e+02, 2.556147e+02
1.000000e+02, 2.562201e+02
1.000000e+02, 2.567841e+02
1.000000e+02, 2.571713e+02
1.000000e+02, 2.572389e+02
1.000000e+02, 2.568359e+02
1.000000e+02, 2.558016e+02
1.000000e+02, 2.539713e+02
1.000000e+02, 2.511923e+02
1.000000e+02, 2.473572e+02
1.000000e+02, 2.424645e+02
1.000000e+02, 2.366888e+02
1.000000e+02, 2.304142e+02
1.000000e+02, 2.241752e+02
1.000000e+02, 2.185055e+02
1.000000e+02, 2.137927e+02
1.000000e+02, 2.102260e+02
1.000000e+02, 2.078374e+02
1.000000e+02, 2.065732e+02
1.000000e+02, 2.063549e+02
1.000000e+02, 2.071137e+02
1.000000e+02, 2.088068e+02
1.000000e+02, 2.114232e+02
1.000000e+02, 2.149813e+02
1.000000e+02, 2.195221e+02
1.000000e+02, 2.250945e+02
1.000000e+02, 2.317301e+02
1.000000e+02, 2.394066e+02
1.000000e+02, 2.480070e+02
1.000000e+02, 2.572945e+02
1.000000e+02, 2.669313e+02
1.000000e+02, 2.765504e+02
1.000000e+02, 2.858470e+02
1.000000e+02, 2.946408e+02
1.000000e+02, 3.028851e+02
1.000000e+02, 3.106368e+02
1.000000e+02, 3.180209e+02
1.000000e+02, 3.251999e+02
1.000000e+02, 3.323580e+02
1.000000e+02, 3.396947e+02
1.000000e+02, 3.474230e+02
1.000000e+02, 3.557658e+02
1.000000e+02, 4.942263e+00
1.000000e+02, 1.513112e+01
1.000000e+02, 2.640310e+01
1.000000e+02, 3.863427e+01
1.000000e+02, 5.145774e+01
1.000000e+02, 6.433400e+01
1.000000e+02, 7.674052e+01
1.000000e+02, 8.835344e+01
1.000000e+02, 9.910354e+01
1.000000e+02, 1.091225e+02
1.000000e+02, 1.186577e+02
1.000000e+02, 1.280084e+02
1.000000e+02, 1.374888e+02
1.000000e+02, 1.473986e+02
1.000000e+02, 1.579797e+02
1.000000e+02, 1.693412e+02
1.000000e+02, 1.813620e+02
1.000000e+02, 1.936354e+02
1.000000e+02, 2.055526e+02
1.000000e+02, 2.165188e+02
1.000000e+02, 2.261487e+02
1.000000e+02, 2.343135e+02
1.000000e+02, 2.410645e+02
1.000000e+02, 2.465326e+02
1.000000e+02, 2.508555e+02
1.000000e+02, 2.541390e+02
1.000000e+02, 2.564365e+02
1.000000e+02, 2.577369e+02
1.000000e+02, 2.579452e+02
1.000000e+02, 2.568562e+02
1.000000e+02, 2.541114e+02
1.000000e+02, 2.491569e+02
1.000000e+02, 2.412758e+02
1.000000e+02, 2.299409e+02
1.000000e+02, 2.157670e+02
1.000000e+02, 2.011874e+02
1.000000e+02, 1.889530e+02
1.000000e+02, 1.801490e+02
1.000000e+02, 1.744302e+02
1.000000e+02, 1.710699e+02
1.000000e+02, 1.694587e+02
1.000000e+02, 1.691856e+02
1.000000e+02, 1.700044e+02
1.000000e+02, 1.717883e+02
1.000000e+02, 1.744997e+02
1.000000e+02, 1.781722e+02
1.000000e+02, 1.829027e+02
1.000000e+02, 1.888414e+02
1.000000e+02, 1.961765e+02
1.000000e+02, 2.050849e+02
1.000000e+02, 2.156368e+02
1.000000e+02, 2.276515e+02
1.000000e+02, 2.405998e+02
1.000000e+02, 2.536985e+02
1.000000e+02, 2.662132e+02
1.000000e+02, 2.777224e+02
1.000000e+02, 2.881544e+02
1.000000e+02, 2.976601e+02
1.000000e+02, 3.064788e+02
1.000000e+02, 3.148557e+02
1.000000e+02, 3.230030e+02
1.000000e+02, 3.310851e+02
1.000000e+02, 3.392142e+02
1.000000e+02, 3.474456e+02
1.000000e+02, 3.557780e+02
1.000000e+02, 4.157349e+00
1.000000e+02, 1.249018e+01
1.000000e+02, 2.066419e+01
1.000000e+02, 2.857120e+01
1.000000e+02, 3.612777e+01
1.000000e+02, 4.328545e+01
1.000000e+02, 5.003166e+01
1.000000e+02, 5.638506e+01
1.000000e+02, 6.238573e+01
1.000000e+02, 6.808663e+01
1.000000e+02, 7.354589e+01
1.000000e+02, 7.882060e+01
1.000000e+02, 8.396184e+01
1.000000e+02, 8.901083e+01
1.000000e+02, 9.399455e+01
1.000000e+02, 9.892247e+01
1.000000e+02, 1.037844e+02
1.000000e+02, 1.085497e+02
1.000000e+02, 1.131677e+02
1.000000e+02, 1.175739e+02
1.000000e+02, 1.216956e+02
1.000000e+02, 1.254608e+02
1.000000e+02, 1.288067e+02
1.000000e+02, 1.316840e+02
1.000000e+02, 1.340605e+02
1.000000e+02, 1.359210e+02
1.000000e+02, 1.372653e+02
1.000000e+02, 1.381018e+02
1.000000e+02, 1.384459e+02
1.000000e+02, 1.383140e+02
1.000000e+02, 1.377203e+02
1.000000e+02, 1.366721e+02
1.000000e+02, 1.351681e+02
1.000000e+02, 1.331947e+02
1.000000e+02, 1.307256e+02
1.000000e+02, 1.277224e+02
1.000000e+02, 1.241377e+02
1.000000e+02, 1.199239e+02
1.000000e+02, 1.150462e+02
1.000000e+02, 1.095037e+02
1.000000e+02, 1.033545e+02
1.000000e+02, 9.673117e+01
1.000000e+02, 8.983814e+01
1.000000e+02, 8.292016e+01
1.000000e+02, 7.620905e+01
1.000000e+02, 6.987368e+01
1.000000e+02, 6.399234e+01
1.000000e+02, 5.855304e+01
1.000000e+02, 5.346914e+01
1.000000e+02, 4.859616e+01
1.000000e+02, 4.374078e+01
1.000000e+02, 3.865899e+01
1.000000e+02, 3.303924e+01
1.000000e+02, 2.647497e+01
1.000000e+02, 1.843610e+01
1.000000e+02, 8.286485e+00
1.000000e+02, 3.554797e+02
1.000000e+02, 3.401280e+02
1.000000e+02, 3.236407e+02
1.000000e+02, 3.082442e+02
1.000000e+02, 2.954239e+02
1.000000e+02, 2.853605e+02
1.000000e+02, 2.775412e+02
1.000000e+02, 2.713490e+02
1.000000e+02, 2.662716e+02
1.000000e+02, 2.619248e+02
1.000000e+02, 2.580188e+02
1.000000e+02, 2.543235e+02
1.000000e+02, 2.506405e+02
1.000000e+02, 2.467773e+02
1.000000e+02, 2.425290e+02
1.000000e+02, 2.376588e+02
1.000000e+02, 2.318839e+02
1.000000e+02, 2.248773e+02
1.000000e+02, 2.163176e+02
1.000000e+02, 2.060368e+02
1.000000e+02, 1.942798e+02
1.000000e+02, 1.819001e+02
1.000000e+02, 1.701312e+02
1.000000e+02, 1.599847e+02
1.000000e+02, 1.518832e+02
1.000000e+02, 1.457776e+02
1.000000e+02, 1.414162e+02
1.000000e+02, 1.385366e+02
1.000000e+02, 1.369386e+02
1.000000e+02, 1.365058e+02
1.000000e+02, 1.372075e+02
1.000000e+02, 1.390972e+02
1.000000e+02, 1.423171e+02
1.000000e+02, 1.470976e+02
1.000000e+02, 1.537302e+02
1.000000e+02, 1.624746e+02
1.000000e+02, 1.733313e+02
1.000000e+02, 1.857394e+02
1.000000e+02, 1.985325e+02
1.000000e+02, 2.104465e+02
1.000000e+02, 2.207424e+02
1.000000e+02, 2.293223e+02
1.000000e+02, 2.364596e+02
1.000000e+02, 2.425418e+02
1.000000e+02, 2.479488e+02
1.000000e+02, 2.530289e+02
1.000000e+02, 2.581165e+02
1.000000e+02, 2.635646e+02
1.000000e+02, 2.697868e+02
1.000000e+02, 2.772923e+02
1.000000e+02, 2.866713e+02
1.000000e+02, 2.984138e+02
1.000000e+02, 3.123919e+02
1.000000e+02, 3.272694e+02
1.000000e+02, 3.409038e+02
1.000000e+02, 3.517636e+02
1.000000e+02, 3.595261e+02
1.000000e+02, 4.547933e+00
1.000000e+02, 7.297371e+00
1.000000e+02, 8.125001e+00
1.000000e+02, 7.231245e+00
1.000000e+02, 4.697961e+00
1.000000e+02, 5.456474e-01
1.000000e+02, 3.548164e+02
1.000000e+02, 3.476852e+02
1.000000e+02, 3.395612e+02
1.000000e+02, 3.310892e+02
1.000000e+02, 3.229900e+02
1.000000e+02, 3.158380e+02
1.000000e+02, 3.099451e+02
1.000000e+02, 3.053953e+02
1.000000e+02, 3.021499e+02
1.000000e+02, 3.001439e+02
1.000000e+02, 2.993472e+02
1.000000e+02, 2.998048e+02
1.000000e+02, 3.016694e+02
1.000000e+02, 3.052385e+02
1.000000e+02, 3.109856e+02
1.000000e+02, 3.195204e+02
1.000000e+02, 3.312927e+02
1.000000e+02, 3.458251e+02
1.000000e+02, 1.111375e+00
1.000000e+02, 1.467476e+01
1.000000e+02, 2.531006e+01
1.000000e+02, 3.316079e+01
1.000000e+02, 3.886303e+01
1.000000e+02, 4.302896e+01
1.000000e+02, 4.611676e+01
1.000000e+02, 4.844925e+01
1.000000e+02, 5.025565e+01
1.000000e+02, 5.170763e+01
1.000000e+02, 5.295055e+01
1.000000e+02, 5.413547e+01
1.000000e+02, 5.546299e+01
1.000000e+02, 5.728973e+01
1.000000e+02, 6.043050e+01
1.000000e+02, 6.742180e+01
1.000000e+02, 9.056604e+01
1.000000e+02, 1.646644e+02
1.000000e+02, 1.977576e+02
1.000000e+02, 2.059077e+02
1.000000e+02, 2.083470e+02
1.000000e+02, 2.086028e+02
1.000000e+02, 2.076616e+02
1.000000e+02, 2.058645e+02
1.000000e+02, 2.033277e+02
1.000000e+02, 2.000586e+02
1.000000e+02, 1.960053e+02
1.000000e+02, 1.910771e+02
1.000000e+02, 1.851646e+02
1.000000e+02, 1.781714e+02
1.000000e+02, 1.700654e+02
1.000000e+02, 1.609496e+02
1.000000e+02, 1.511193e+02
1.000000e+02, 1.410508e+02
1.000000e+02, 1.312876e+02
1.000000e+02, 1.222814e+02
1.000000e+02, 1.142992e+02
1.000000e+02, 1.074282e+02
1.000000e+02, 1.016425e+02
1.000000e+02, 9.687333e+01
1.000000e+02, 9.305852e+01
1.000000e+02, 9.017298e+01
1.000000e+02, 8.824812e+01
1.000000e+02, 8.738570e+01
1.000000e+02, 8.777080e+01
1.000000e+02, 8.967206e+01
1.000000e+02, 9.339735e+01
1.000000e+02, 9.915034e+01
1.000000e+02, 1.067352e+02
1.000000e+02, 1.152895e+02
1.000000e+02, 1.234678e+02
1.000000e+02, 1.301331e+02
1.000000e+02, 1.348243e+02
1.000000e+02, 1.376389e+02
1.000000e+02, 1.389106e+02
1.000000e+02, 1.389931e+02
1.000000e+02, 1.381817e+02
1.000000e+02, 1.366996e+02
1.000000e+02, 1.347062e+02
1.000000e+02, 1.323108e+02
1.000000e+02, 1.295832e+02
1.000000e+02, 1.265609e+02
1.000000e+02, 1.232545e+02
1.000000e+02, 1.196496e+02
1.000000e+02, 1.157078e+02
1.000000e+02, 1.113653e+02
1.000000e+02, 1.065313e+02
1.000000e+02, 1.010863e+02
1.000000e+02, 9.488496e+01
1.000000e+02, 8.776691e+01
1.000000e+02, 7.959390e+01
1.000000e+02, 7.031473e+01
1.000000e+02, 6.006437e+01
1.000000e+02, 4.923841e+01
1.000000e+02, 3.845367e+01
1.000000e+02, 2.836126e+01
1.000000e+02, 1.943942e+01
1.000000e+02, 1.190890e+01
1.000000e+02, 5.786547e+00
1.000000e+02, 9.898911e-01
1.000000e+02, 3.574168e+02
1.000000e+02, 3.549959e+02
1.000000e+02, 3.537140e+02
1.000000e+02, 3.536356e+02
1.000000e+02, 3.549192e+02
1.000000e+02, 3.578360e+02
1.000000e+02, 2.762956e+00
1.000000e+02, 1.008887e+01
1.000000e+02, 1.990844e+01
1.000000e+02, 3.153014e+01
1.000000e+02, 4.333036e+01
1.000000e+02, 5.358251e+01
1.000000e+02, 6.141050e+01
1.000000e+02, 6.680784e+01
1.000000e+02, 7.014087e+01
1.000000e+02, 7.180118e+01
1.000000e+02, 7.208202e+01
1.000000e+02, 7.116362e+01
1.000000e+02, 6.912911e+01
1.000000e+02, 6.598345e+01
1.000000e+02, 6.167268e+01
1.000000e+02, 5.610773e+01
1.000000e+02, 4.920569e+01
1.000000e+02, 4.095509e+01
1.000000e+02, 3.150271e+01
1.000000e+02, 2.121368e+01
1.000000e+02, 1.063232e+01
1.000000e+02, 3.260143e-01
1.000000e+02, 3.507029e+02
1.000000e+02, 3.419339e+02
1.000000e+02, 3.339899e+02
1.000000e+02, 3.267234e+02
1.000000e+02, 3.199360e+02
1.000000e+02, 3.134182e+02
1.000000e+02, 3.069667e+02
1.000000e+02, 3.003904e+02
1.000000e+02, 2.935146e+02
1.000000e+02, 2.861887e+02
1.000000e+02, 2.783021e+02
1.000000e+02, 2.698100e+02
1.000000e+02, 2.607623e+02
1.000000e+02, 2.513219e+02
1.000000e+02, 2.417486e+02
1.000000e+02, 2.323432e+02
1.000000e+02, 2.233748e+02
1.000000e+02, 2.150226e+02
1.000000e+02, 2.073625e+02
1.000000e+02, 2.003842e+02
1.000000e+02, 1.940239e+02
1.000000e+02, 1.881924e+02
1.000000e+02, 1.827948e+02
1.000000e+02, 1.777424e+02
1.000000e+02, 1.729571e+02
1.000000e+02, 1.683744e+02
1.000000e+02, 1.639423e+02
1.000000e+02, 1.596216e+02
1.000000e+02, 1.553840e+02
1.000000e+02, 1.512113e+02
1.000000e+02, 1.470933e+02
1.000000e+02, 1.430267e+02
1.000000e+02, 1.390132e+02
1.000000e+02, 1.350558e+02
1.000000e+02, 1.311547e+02
1.000000e+02, 1.273127e+02
1.000000e+02, 1.235159e+02
1.000000e+02, 1.197347e+02
1.000000e+02, 1.159039e+02
1.000000e+02, 1.118418e+02
1.000000e+02, 1.071253e+02
1.000000e+02, 1.000545e+02
1.000000e+02, 7.557068e+01
1.000000e+02, 3.094693e+02
1.000000e+02, 2.915814e+02
1.000000e+02, 2.859579e+02
1.000000e+02, 2.827877e+02
1.000000e+02, 2.808373e+02
1.000000e+02, 2.798999e+02
1.000000e+02, 2.802348e+02
1.000000e+02, 2.826153e+02
1.000000e+02, 2.891317e+02
1.000000e+02, 3.057020e+02
1.000000e+02, 3.423436e+02
1.000000e+02, 1.879396e+01
1.000000e+02, 3.536013e+01
1.000000e+02, 4.209937e+01
1.000000e+02, 4.478404e+01
1.000000e+02, 4.552276e+01
1.000000e+02, 4.513566e+01
1.000000e+02, 4.400418e+01
1.000000e+02, 4.232342e+01
1.000000e+02, 4.018937e+01
1.000000e+02, 3.766408e+01
1.000000e+02, 3.478868e+01
1.000000e+02, 3.159612e+01
1.000000e+02, 2.812378e+01
1.000000e+02, 2.441412e+01
1.000000e+02, 2.051869e+01
1.000000e+02, 1.649802e+01
1.000000e+02, 1.241827e+01
1.000000e+02, 8.347591e+00
1.000000e+02, 4.349452e+00
1.000000e+02, 4.771425e-01
##END=
