##TITLE= 
##JCAMPDX= 5.0
##DATATYPE= 
##ORIGIN= Bruker BioSpin GmbH
##OWNER= 
##$SHAPE_PARAMETERS= 
##MINX= 100.00000000
##MAXX= 100.00000000
##MINY= 0.34316600
##MAXY= 359.89720000
##$SHAPE_EXMODE= Excitation
##$SHAPE_TOTROT= 90.00000000
##$SHAPE_TYPE= Excitation
##$SHAPE_USER_DEF= 
##$SHAPE_REPHFAC= 
##$SHAPE_BWFAC= 1.08000000
##$SHAPE_BWFAC50= 
##$SHAPE_INTEGFAC= 0.09430409
##$SHAPE_MODE= 0
##NPOINTS= 1400
##XYPOINTS= (XY..XY)
100.000000, 0.410718
100.000000, 3.446913
100.000000, 4.031777
100.000000, 8.846524
100.000000, 12.232260
100.000000, 22.281480
100.000000, 68.904920
100.000000, 147.699700
100.000000, 157.736800
100.000000, 161.481000
100.000000, 165.029600
100.000000, 165.811000
100.000000, 168.818800
100.000000, 169.012900
100.000000, 169.532300
100.000000, 170.292500
100.000000, 108.000900
100.000000, 347.928600
100.000000, 343.625300
100.000000, 345.086500
100.000000, 344.449400
100.000000, 344.795700
100.000000, 346.932200
100.000000, 348.436900
100.000000, 351.782800
100.000000, 356.954400
100.000000, 7.495135
100.000000, 35.562690
100.000000, 90.783420
100.000000, 121.625700
100.000000, 132.197700
100.000000, 137.169000
100.000000, 139.744400
100.000000, 140.271500
100.000000, 138.536200
100.000000, 129.085200
100.000000, 264.030400
100.000000, 307.758200
100.000000, 150.744200
100.000000, 116.902900
100.000000, 112.577700
100.000000, 120.977600
100.000000, 126.667600
100.000000, 128.856800
100.000000, 131.304100
100.000000, 133.571500
100.000000, 136.755000
100.000000, 138.354700
100.000000, 139.390400
100.000000, 141.770700
100.000000, 143.102000
100.000000, 142.833400
100.000000, 136.987900
100.000000, 68.438600
100.000000, 337.506700
100.000000, 331.499100
100.000000, 336.133700
100.000000, 342.290100
100.000000, 351.627700
100.000000, 5.371928
100.000000, 21.911860
100.000000, 38.064470
100.000000, 52.518580
100.000000, 61.577970
100.000000, 69.410560
100.000000, 74.210290
100.000000, 77.835650
100.000000, 81.776120
100.000000, 82.279940
100.000000, 81.332070
100.000000, 78.212170
100.000000, 68.748760
100.000000, 45.880070
100.000000, 356.416200
100.000000, 325.562900
100.000000, 311.058800
100.000000, 303.477200
100.000000, 14.418020
100.000000, 121.701900
100.000000, 123.559200
100.000000, 123.788500
100.000000, 122.393500
100.000000, 126.105300
100.000000, 129.204000
100.000000, 133.804800
100.000000, 141.471000
100.000000, 152.816200
100.000000, 166.822300
100.000000, 182.451700
100.000000, 196.289500
100.000000, 201.963300
100.000000, 201.475800
100.000000, 167.142100
100.000000, 91.562070
100.000000, 70.819990
100.000000, 69.310820
100.000000, 68.166860
100.000000, 68.931720
100.000000, 66.304350
100.000000, 68.621700
100.000000, 70.537260
100.000000, 69.411030
100.000000, 66.839800
100.000000, 65.593860
100.000000, 61.934040
100.000000, 56.301840
100.000000, 50.460140
100.000000, 40.558290
100.000000, 29.272950
100.000000, 13.100950
100.000000, 357.706400
100.000000, 343.678000
100.000000, 330.401600
100.000000, 318.097000
100.000000, 304.128200
100.000000, 282.362500
100.000000, 232.318300
100.000000, 172.488100
100.000000, 150.128700
100.000000, 139.061000
100.000000, 135.599800
100.000000, 129.082000
100.000000, 125.590900
100.000000, 113.958200
100.000000, 41.479920
100.000000, 318.828100
100.000000, 309.411300
100.000000, 304.903900
100.000000, 305.312600
100.000000, 305.004000
100.000000, 304.910100
100.000000, 303.804600
100.000000, 302.212900
100.000000, 299.687400
100.000000, 295.292700
100.000000, 286.006700
100.000000, 276.920900
100.000000, 265.244400
100.000000, 256.481800
100.000000, 249.984600
100.000000, 248.365600
100.000000, 247.053000
100.000000, 248.291600
100.000000, 252.491500
100.000000, 258.552900
100.000000, 264.529200
100.000000, 274.165000
100.000000, 284.482800
100.000000, 300.689600
100.000000, 315.238000
100.000000, 330.427600
100.000000, 344.307500
100.000000, 357.458300
100.000000, 6.125748
100.000000, 17.096650
100.000000, 29.709550
100.000000, 51.286490
100.000000, 83.153420
100.000000, 121.472400
100.000000, 146.147400
100.000000, 157.551700
100.000000, 164.590200
100.000000, 160.399100
100.000000, 152.208600
100.000000, 127.977000
100.000000, 91.513640
100.000000, 65.975550
100.000000, 54.296600
100.000000, 47.860320
100.000000, 42.928540
100.000000, 41.876320
100.000000, 39.856630
100.000000, 39.356790
100.000000, 39.908220
100.000000, 42.915860
100.000000, 51.816210
100.000000, 98.136980
100.000000, 169.339500
100.000000, 180.757200
100.000000, 180.515500
100.000000, 176.613100
100.000000, 169.496800
100.000000, 158.167200
100.000000, 148.444700
100.000000, 135.649500
100.000000, 125.969200
100.000000, 114.730400
100.000000, 106.284800
100.000000, 99.834320
100.000000, 95.222130
100.000000, 91.728780
100.000000, 89.004030
100.000000, 87.160980
100.000000, 86.893600
100.000000, 160.671300
100.000000, 255.991400
100.000000, 255.886500
100.000000, 256.014300
100.000000, 256.446700
100.000000, 254.787500
100.000000, 253.646600
100.000000, 250.634700
100.000000, 249.014200
100.000000, 224.528400
100.000000, 104.343100
100.000000, 85.729770
100.000000, 83.609910
100.000000, 80.064370
100.000000, 79.092770
100.000000, 79.315420
100.000000, 78.871900
100.000000, 85.206520
100.000000, 97.415060
100.000000, 195.194100
100.000000, 225.794600
100.000000, 231.570200
100.000000, 230.102000
100.000000, 226.286100
100.000000, 223.942000
100.000000, 202.822600
100.000000, 104.175100
100.000000, 69.062400
100.000000, 57.130870
100.000000, 53.566950
100.000000, 54.080250
100.000000, 51.483250
100.000000, 55.184580
100.000000, 106.329300
100.000000, 214.574300
100.000000, 218.364700
100.000000, 216.944000
100.000000, 217.068800
100.000000, 214.380800
100.000000, 211.390000
100.000000, 206.122500
100.000000, 198.797200
100.000000, 189.597800
100.000000, 173.959700
100.000000, 157.242900
100.000000, 139.659000
100.000000, 124.600800
100.000000, 114.706200
100.000000, 107.728800
100.000000, 101.154400
100.000000, 95.989080
100.000000, 94.929650
100.000000, 89.932820
100.000000, 74.575450
100.000000, 39.805750
100.000000, 6.683718
100.000000, 359.897200
100.000000, 3.348718
100.000000, 10.024140
100.000000, 19.034460
100.000000, 32.369260
100.000000, 49.347960
100.000000, 73.146590
100.000000, 102.780900
100.000000, 141.375100
100.000000, 169.660800
100.000000, 186.360500
100.000000, 199.734900
100.000000, 209.330000
100.000000, 217.697800
100.000000, 226.083200
100.000000, 232.788600
100.000000, 237.955300
100.000000, 244.412300
100.000000, 249.162600
100.000000, 256.447100
100.000000, 261.625700
100.000000, 267.696300
100.000000, 273.592900
100.000000, 281.191700
100.000000, 290.802700
100.000000, 305.407500
100.000000, 319.602400
100.000000, 338.128000
100.000000, 353.853700
100.000000, 6.457260
100.000000, 14.081210
100.000000, 19.610820
100.000000, 20.825040
100.000000, 22.187990
100.000000, 24.081630
100.000000, 23.440270
100.000000, 22.970900
100.000000, 22.096720
100.000000, 20.659450
100.000000, 20.002640
100.000000, 17.018530
100.000000, 15.108320
100.000000, 11.246480
100.000000, 358.528700
100.000000, 304.422600
100.000000, 225.517100
100.000000, 215.832700
100.000000, 209.708000
100.000000, 207.830100
100.000000, 205.873900
100.000000, 203.498300
100.000000, 204.555300
100.000000, 203.367200
100.000000, 202.478600
100.000000, 202.719300
100.000000, 202.070000
100.000000, 201.820300
100.000000, 197.866200
100.000000, 190.399200
100.000000, 93.018980
100.000000, 44.463930
100.000000, 35.629050
100.000000, 36.630430
100.000000, 46.096370
100.000000, 59.780240
100.000000, 81.370900
100.000000, 98.691730
100.000000, 114.993200
100.000000, 126.551000
100.000000, 132.717900
100.000000, 139.525800
100.000000, 143.736800
100.000000, 148.109600
100.000000, 149.894900
100.000000, 153.183400
100.000000, 154.343300
100.000000, 157.606900
100.000000, 162.227700
100.000000, 164.071000
100.000000, 173.317400
100.000000, 256.633500
100.000000, 328.181600
100.000000, 333.878300
100.000000, 339.655700
100.000000, 344.028400
100.000000, 347.588400
100.000000, 352.499700
100.000000, 357.778900
100.000000, 5.397779
100.000000, 17.853910
100.000000, 33.721790
100.000000, 58.382820
100.000000, 85.614820
100.000000, 109.288600
100.000000, 122.983400
100.000000, 134.532200
100.000000, 141.172700
100.000000, 146.840500
100.000000, 152.510000
100.000000, 156.218600
100.000000, 160.253600
100.000000, 159.098400
100.000000, 157.968500
100.000000, 141.167100
100.000000, 97.869930
100.000000, 64.024290
100.000000, 53.279710
100.000000, 54.675460
100.000000, 58.337960
100.000000, 60.857540
100.000000, 65.608240
100.000000, 70.171170
100.000000, 75.933930
100.000000, 78.794290
100.000000, 85.971710
100.000000, 91.194720
100.000000, 101.751400
100.000000, 112.584000
100.000000, 128.904400
100.000000, 153.063700
100.000000, 160.283300
100.000000, 125.938000
100.000000, 102.682500
100.000000, 93.721210
100.000000, 92.043180
100.000000, 89.399670
100.000000, 87.463590
100.000000, 84.566850
100.000000, 79.597780
100.000000, 72.632190
100.000000, 57.433940
100.000000, 41.442350
100.000000, 14.661590
100.000000, 355.320500
100.000000, 338.909800
100.000000, 326.649300
100.000000, 318.248800
100.000000, 311.914200
100.000000, 305.623900
100.000000, 298.225900
100.000000, 290.210400
100.000000, 279.849600
100.000000, 268.944600
100.000000, 254.723900
100.000000, 239.754200
100.000000, 225.929700
100.000000, 213.791100
100.000000, 205.384500
100.000000, 199.703500
100.000000, 194.460600
100.000000, 190.313300
100.000000, 189.029000
100.000000, 186.849000
100.000000, 184.176400
100.000000, 182.294400
100.000000, 183.544200
100.000000, 188.370800
100.000000, 29.707180
100.000000, 29.755730
100.000000, 31.199950
100.000000, 34.029120
100.000000, 38.653770
100.000000, 44.444160
100.000000, 50.075290
100.000000, 57.638690
100.000000, 66.468640
100.000000, 75.977060
100.000000, 83.166980
100.000000, 86.305310
100.000000, 90.395450
100.000000, 92.780200
100.000000, 93.647230
100.000000, 94.570760
100.000000, 94.331770
100.000000, 95.278610
100.000000, 101.939300
100.000000, 115.105100
100.000000, 132.322800
100.000000, 147.626100
100.000000, 157.857500
100.000000, 166.144600
100.000000, 171.993800
100.000000, 175.296800
100.000000, 177.808700
100.000000, 180.659300
100.000000, 182.994700
100.000000, 183.835600
100.000000, 186.365700
100.000000, 186.322400
100.000000, 189.563400
100.000000, 193.507300
100.000000, 200.099100
100.000000, 157.317700
100.000000, 6.018718
100.000000, 17.801450
100.000000, 20.510270
100.000000, 22.707220
100.000000, 22.954570
100.000000, 20.317690
100.000000, 10.544270
100.000000, 337.459900
100.000000, 300.953900
100.000000, 267.954100
100.000000, 179.450200
100.000000, 45.855050
100.000000, 67.055710
100.000000, 94.914130
100.000000, 101.193200
100.000000, 90.355510
100.000000, 78.327820
100.000000, 73.639290
100.000000, 72.334740
100.000000, 71.700730
100.000000, 71.324420
100.000000, 74.565810
100.000000, 106.770000
100.000000, 354.502700
100.000000, 225.098900
100.000000, 228.818900
100.000000, 230.812700
100.000000, 229.853700
100.000000, 229.804700
100.000000, 227.362000
100.000000, 224.440500
100.000000, 222.170400
100.000000, 220.992000
100.000000, 220.411400
100.000000, 219.970400
100.000000, 220.530900
100.000000, 222.029400
100.000000, 225.003700
100.000000, 231.037000
100.000000, 240.533000
100.000000, 254.941000
100.000000, 270.380200
100.000000, 282.049100
100.000000, 289.974500
100.000000, 295.206900
100.000000, 298.101800
100.000000, 298.743100
100.000000, 298.313600
100.000000, 297.560500
100.000000, 297.345000
100.000000, 292.031100
100.000000, 288.197200
100.000000, 281.168500
100.000000, 268.425100
100.000000, 243.466500
100.000000, 211.284500
100.000000, 185.532900
100.000000, 228.786600
100.000000, 337.451600
100.000000, 330.067900
100.000000, 327.395300
100.000000, 318.590500
100.000000, 310.783300
100.000000, 303.509000
100.000000, 293.916500
100.000000, 282.848100
100.000000, 269.697300
100.000000, 254.154000
100.000000, 236.169300
100.000000, 212.030000
100.000000, 185.070800
100.000000, 161.804400
100.000000, 142.715500
100.000000, 125.761700
100.000000, 108.775000
100.000000, 101.423300
100.000000, 95.780330
100.000000, 95.716100
100.000000, 98.296580
100.000000, 101.858600
100.000000, 107.912300
100.000000, 110.569200
100.000000, 112.714200
100.000000, 114.710500
100.000000, 116.735600
100.000000, 117.116600
100.000000, 112.587300
100.000000, 108.162400
100.000000, 95.799480
100.000000, 79.553550
100.000000, 50.765370
100.000000, 22.616190
100.000000, 1.914136
100.000000, 352.077300
100.000000, 344.643300
100.000000, 339.757300
100.000000, 336.423400
100.000000, 331.121600
100.000000, 325.096500
100.000000, 314.955800
100.000000, 274.198700
100.000000, 209.403800
100.000000, 198.089100
100.000000, 195.631900
100.000000, 198.358900
100.000000, 205.418900
100.000000, 219.256000
100.000000, 250.919100
100.000000, 311.732400
100.000000, 345.307100
100.000000, 1.528740
100.000000, 11.195060
100.000000, 18.014830
100.000000, 26.034320
100.000000, 37.351270
100.000000, 64.864460
100.000000, 163.151100
100.000000, 205.835800
100.000000, 219.258300
100.000000, 224.616700
100.000000, 228.613100
100.000000, 230.425800
100.000000, 235.209100
100.000000, 238.048400
100.000000, 243.846600
100.000000, 254.727400
100.000000, 275.922000
100.000000, 327.612400
100.000000, 23.869150
100.000000, 44.884260
100.000000, 55.493010
100.000000, 61.483380
100.000000, 66.526380
100.000000, 71.634580
100.000000, 77.990440
100.000000, 85.706270
100.000000, 102.688000
100.000000, 127.287800
100.000000, 170.750500
100.000000, 203.760700
100.000000, 222.278900
100.000000, 230.333200
100.000000, 236.418900
100.000000, 241.656400
100.000000, 246.344700
100.000000, 252.222700
100.000000, 257.939400
100.000000, 269.559700
100.000000, 289.616100
100.000000, 328.572300
100.000000, 0.556001
100.000000, 17.148520
100.000000, 26.520360
100.000000, 29.137340
100.000000, 31.264260
100.000000, 33.383590
100.000000, 34.752910
100.000000, 34.992080
100.000000, 31.889850
100.000000, 31.853040
100.000000, 28.508200
100.000000, 26.665170
100.000000, 23.732430
100.000000, 18.431110
100.000000, 353.281800
100.000000, 240.811100
100.000000, 221.029100
100.000000, 216.999100
100.000000, 207.598100
100.000000, 205.334700
100.000000, 201.959900
100.000000, 198.412700
100.000000, 194.657800
100.000000, 191.922200
100.000000, 188.640200
100.000000, 186.476100
100.000000, 191.587600
100.000000, 199.309900
100.000000, 233.123900
100.000000, 268.655400
100.000000, 279.209800
100.000000, 281.636600
100.000000, 277.823000
100.000000, 275.872200
100.000000, 271.017800
100.000000, 265.078700
100.000000, 259.971500
100.000000, 254.620300
100.000000, 247.234100
100.000000, 237.860300
100.000000, 228.616600
100.000000, 217.469500
100.000000, 204.588500
100.000000, 192.970400
100.000000, 183.315500
100.000000, 171.775200
100.000000, 164.247100
100.000000, 158.956800
100.000000, 154.657200
100.000000, 152.565300
100.000000, 153.826400
100.000000, 155.802700
100.000000, 162.205900
100.000000, 170.489500
100.000000, 181.418700
100.000000, 191.511500
100.000000, 203.902300
100.000000, 215.294600
100.000000, 220.876500
100.000000, 226.429600
100.000000, 227.529700
100.000000, 229.167400
100.000000, 231.492800
100.000000, 229.399100
100.000000, 236.540400
100.000000, 240.962900
100.000000, 268.027900
100.000000, 265.431400
100.000000, 291.179300
100.000000, 76.547810
100.000000, 171.553200
100.000000, 199.330000
100.000000, 208.361800
100.000000, 210.439700
100.000000, 211.323000
100.000000, 210.987100
100.000000, 209.707200
100.000000, 208.709400
100.000000, 206.380700
100.000000, 206.018600
100.000000, 207.502400
100.000000, 212.537000
100.000000, 259.042300
100.000000, 358.279500
100.000000, 25.030220
100.000000, 28.190540
100.000000, 27.682650
100.000000, 24.702260
100.000000, 18.492070
100.000000, 10.920490
100.000000, 0.343166
100.000000, 345.045200
100.000000, 327.053800
100.000000, 308.559600
100.000000, 296.559100
100.000000, 287.045100
100.000000, 276.046500
100.000000, 267.266600
100.000000, 261.590900
100.000000, 256.284600
100.000000, 252.579600
100.000000, 250.562500
100.000000, 253.248600
100.000000, 63.640810
100.000000, 147.890300
100.000000, 132.947600
100.000000, 122.623300
100.000000, 111.912800
100.000000, 103.993500
100.000000, 102.046300
100.000000, 100.152800
100.000000, 60.872540
100.000000, 41.295900
100.000000, 40.563310
100.000000, 33.528910
100.000000, 19.707300
100.000000, 8.131785
100.000000, 9.884095
100.000000, 305.458900
100.000000, 293.533100
100.000000, 266.904800
100.000000, 229.927300
100.000000, 74.446850
100.000000, 152.214900
100.000000, 102.501600
100.000000, 76.113690
100.000000, 41.918450
100.000000, 23.350470
100.000000, 2.716213
100.000000, 348.130800
100.000000, 330.350800
100.000000, 322.336100
100.000000, 314.729000
100.000000, 305.844600
100.000000, 298.958000
100.000000, 294.084500
100.000000, 288.047700
100.000000, 280.100600
100.000000, 275.399800
100.000000, 265.389900
100.000000, 256.336900
100.000000, 242.042300
100.000000, 224.712400
100.000000, 205.415200
100.000000, 183.481400
100.000000, 162.110700
100.000000, 144.395800
100.000000, 130.870000
100.000000, 128.964200
100.000000, 195.784900
100.000000, 244.747000
100.000000, 246.669600
100.000000, 242.473100
100.000000, 225.003900
100.000000, 195.927900
100.000000, 170.111800
100.000000, 147.968400
100.000000, 130.072100
100.000000, 121.272400
100.000000, 112.583400
100.000000, 107.483900
100.000000, 102.294600
100.000000, 97.109150
100.000000, 94.558500
100.000000, 88.504720
100.000000, 54.352190
100.000000, 293.734700
100.000000, 270.237700
100.000000, 266.107700
100.000000, 265.362900
100.000000, 268.884400
100.000000, 279.689800
100.000000, 302.786900
100.000000, 334.643200
100.000000, 354.296400
100.000000, 8.334718
100.000000, 16.283530
100.000000, 18.432920
100.000000, 21.127970
100.000000, 21.933810
100.000000, 23.801910
100.000000, 24.120480
100.000000, 24.272660
100.000000, 26.389660
100.000000, 28.525750
100.000000, 30.054590
100.000000, 32.681750
100.000000, 36.581550
100.000000, 41.985530
100.000000, 54.020450
100.000000, 68.017170
100.000000, 98.594240
100.000000, 125.338700
100.000000, 136.560600
100.000000, 136.016200
100.000000, 97.618840
100.000000, 355.704800
100.000000, 330.758800
100.000000, 321.230100
100.000000, 316.547700
100.000000, 303.201400
100.000000, 210.205600
100.000000, 160.309500
100.000000, 145.590700
100.000000, 147.254000
100.000000, 149.963200
100.000000, 152.065500
100.000000, 157.267700
100.000000, 158.857100
100.000000, 163.172200
100.000000, 175.833900
100.000000, 251.892700
100.000000, 304.519700
100.000000, 314.992100
100.000000, 321.060800
100.000000, 324.725800
100.000000, 325.887500
100.000000, 329.190300
100.000000, 330.471000
100.000000, 332.360600
100.000000, 333.115300
100.000000, 333.801700
100.000000, 335.140400
100.000000, 335.258900
100.000000, 335.401900
100.000000, 335.502300
100.000000, 336.238300
100.000000, 337.707200
100.000000, 334.665900
100.000000, 335.609800
100.000000, 23.950930
100.000000, 161.141700
100.000000, 149.998900
100.000000, 148.902200
100.000000, 149.492900
100.000000, 150.115100
100.000000, 152.229600
100.000000, 146.264200
100.000000, 240.063200
100.000000, 20.153010
100.000000, 29.711240
100.000000, 38.687440
100.000000, 51.992320
100.000000, 71.107380
100.000000, 93.277950
100.000000, 114.240700
100.000000, 126.357800
100.000000, 129.406300
100.000000, 122.111700
100.000000, 92.750730
100.000000, 77.944160
100.000000, 73.004420
100.000000, 57.981840
100.000000, 59.171210
100.000000, 68.081970
100.000000, 79.658930
100.000000, 95.285620
100.000000, 110.080300
100.000000, 121.045600
100.000000, 129.397400
100.000000, 134.049200
100.000000, 135.526100
100.000000, 135.490200
100.000000, 133.676500
100.000000, 127.207300
100.000000, 117.574100
100.000000, 106.359400
100.000000, 95.209650
100.000000, 91.515850
100.000000, 84.049820
100.000000, 88.743680
100.000000, 91.831120
100.000000, 93.668180
100.000000, 107.797700
100.000000, 132.583900
100.000000, 165.772200
100.000000, 206.259700
100.000000, 239.840300
100.000000, 264.719100
100.000000, 286.186100
100.000000, 307.077000
100.000000, 330.315300
100.000000, 358.436700
100.000000, 33.862910
100.000000, 77.997520
100.000000, 128.172100
100.000000, 186.095100
100.000000, 231.121900
100.000000, 263.434200
100.000000, 288.219400
100.000000, 294.833600
100.000000, 303.546700
100.000000, 311.399500
100.000000, 319.260000
100.000000, 324.083300
100.000000, 332.690700
100.000000, 339.911600
100.000000, 61.169700
100.000000, 106.612500
100.000000, 118.179700
100.000000, 120.983100
100.000000, 113.635100
100.000000, 96.013110
100.000000, 71.978400
100.000000, 42.781570
100.000000, 24.793890
100.000000, 9.752114
100.000000, 359.884400
100.000000, 354.801500
100.000000, 350.627800
100.000000, 346.437500
100.000000, 344.392300
100.000000, 342.123800
100.000000, 339.809100
100.000000, 338.455900
100.000000, 329.438400
100.000000, 326.629900
100.000000, 317.775700
100.000000, 307.224500
100.000000, 290.344200
100.000000, 258.016500
100.000000, 201.761400
100.000000, 157.151300
100.000000, 134.777500
100.000000, 120.436400
100.000000, 114.220600
100.000000, 108.170800
100.000000, 102.868000
100.000000, 97.562990
100.000000, 91.470820
100.000000, 82.485720
100.000000, 71.530530
100.000000, 55.413980
100.000000, 31.772540
100.000000, 11.421810
100.000000, 354.523800
100.000000, 343.680000
100.000000, 337.679300
100.000000, 333.242700
100.000000, 333.297200
100.000000, 333.802900
100.000000, 334.950000
100.000000, 338.361800
100.000000, 344.046500
100.000000, 348.934400
100.000000, 358.058200
100.000000, 9.288661
100.000000, 20.393300
100.000000, 32.797070
100.000000, 46.475310
100.000000, 55.829630
100.000000, 65.368110
100.000000, 71.766780
100.000000, 77.530520
100.000000, 84.309080
100.000000, 86.307880
100.000000, 92.443850
100.000000, 87.081180
100.000000, 259.176500
100.000000, 242.108800
100.000000, 241.994400
100.000000, 240.307400
100.000000, 237.040600
100.000000, 233.445000
100.000000, 228.101400
100.000000, 214.343300
100.000000, 194.131500
100.000000, 166.254000
100.000000, 149.599300
100.000000, 142.546800
100.000000, 141.519200
100.000000, 146.569200
100.000000, 158.593300
100.000000, 182.426800
100.000000, 218.292000
100.000000, 244.316700
100.000000, 259.618400
100.000000, 269.467900
100.000000, 278.452100
100.000000, 285.800100
100.000000, 293.477200
100.000000, 300.691500
100.000000, 313.809400
100.000000, 329.278100
100.000000, 2.402180
100.000000, 51.824380
100.000000, 85.328670
100.000000, 107.544900
100.000000, 120.134200
100.000000, 129.294400
100.000000, 135.196600
100.000000, 139.484800
100.000000, 145.154900
100.000000, 145.960400
100.000000, 148.040000
100.000000, 144.993400
100.000000, 145.431500
100.000000, 141.143600
100.000000, 139.390400
100.000000, 136.076400
100.000000, 135.118400
100.000000, 131.971900
100.000000, 130.050200
100.000000, 128.080500
100.000000, 126.623500
100.000000, 125.558700
100.000000, 124.421800
100.000000, 127.315800
100.000000, 121.889100
100.000000, 207.098600
100.000000, 340.403600
100.000000, 337.299800
100.000000, 342.021700
100.000000, 352.122900
100.000000, 8.963823
100.000000, 29.302560
100.000000, 50.179640
100.000000, 69.622120
100.000000, 81.390120
100.000000, 88.518230
100.000000, 93.977650
100.000000, 96.794210
100.000000, 95.469580
100.000000, 93.795720
100.000000, 94.702150
100.000000, 59.123590
100.000000, 332.661600
100.000000, 293.482700
100.000000, 284.634900
100.000000, 271.644200
100.000000, 257.592500
100.000000, 239.624400
100.000000, 220.547300
100.000000, 199.570100
100.000000, 183.547400
100.000000, 171.404400
100.000000, 164.520200
100.000000, 157.512800
100.000000, 153.884100
100.000000, 152.075800
100.000000, 150.437300
100.000000, 148.016200
100.000000, 150.123800
100.000000, 153.082100
100.000000, 155.709500
100.000000, 158.307400
100.000000, 164.525200
100.000000, 165.444500
100.000000, 166.065900
100.000000, 159.717000
100.000000, 158.879000
100.000000, 158.350500
100.000000, 145.724200
100.000000, 129.881500
100.000000, 117.935700
100.000000, 104.350900
100.000000, 97.419730
100.000000, 87.571860
100.000000, 78.874400
100.000000, 72.980180
100.000000, 61.754840
100.000000, 47.801660
100.000000, 277.910700
100.000000, 223.584000
100.000000, 211.128500
100.000000, 197.097900
100.000000, 188.097200
100.000000, 178.916100
100.000000, 159.778700
100.000000, 128.597400
100.000000, 80.463990
100.000000, 45.541610
100.000000, 28.219090
100.000000, 19.576400
100.000000, 12.564740
100.000000, 8.943499
100.000000, 5.584890
100.000000, 2.529155
100.000000, 1.297906
100.000000, 359.799100
100.000000, 358.121000
100.000000, 353.735900
100.000000, 359.614100
100.000000, 3.466424
100.000000, 24.895470
100.000000, 62.333830
100.000000, 65.537290
100.000000, 95.453510
100.000000, 145.403700
100.000000, 326.939900
100.000000, 33.889470
100.000000, 63.833050
100.000000, 85.678550
100.000000, 112.911600
100.000000, 121.149900
100.000000, 124.062300
100.000000, 126.108700
100.000000, 127.570700
100.000000, 123.893100
100.000000, 123.269700
100.000000, 123.141300
100.000000, 119.952700
100.000000, 117.800800
100.000000, 111.397600
100.000000, 107.118100
100.000000, 102.695300
100.000000, 96.038490
100.000000, 84.075130
100.000000, 78.829450
100.000000, 59.126540
100.000000, 71.367590
100.000000, 32.727750
100.000000, 358.951600
100.000000, 334.960100
100.000000, 5.332132
100.000000, 263.446600
100.000000, 13.479040
100.000000, 164.029800
100.000000, 215.283400
100.000000, 214.745200
100.000000, 228.868500
100.000000, 235.425400
100.000000, 245.653300
100.000000, 255.307400
100.000000, 266.003100
100.000000, 278.150400
100.000000, 299.774500
100.000000, 338.426500
100.000000, 45.808120
100.000000, 101.196200
100.000000, 125.951200
100.000000, 137.179600
100.000000, 142.658300
100.000000, 146.360500
100.000000, 148.591300
100.000000, 149.940800
100.000000, 150.260400
100.000000, 162.077000
100.000000, 153.135900
100.000000, 175.355900
100.000000, 268.879400
100.000000, 330.155100
100.000000, 357.007100
100.000000, 5.514684
100.000000, 10.673600
100.000000, 13.663540
100.000000, 18.156160
100.000000, 36.495140
100.000000, 140.504800
100.000000, 236.220100
100.000000, 232.270200
100.000000, 234.882600
100.000000, 241.950800
100.000000, 251.584900
100.000000, 262.843800
100.000000, 270.352800
100.000000, 290.384900
100.000000, 298.827000
100.000000, 311.136100
100.000000, 322.755800
100.000000, 340.386900
100.000000, 338.508300
100.000000, 352.871000
100.000000, 359.415000
100.000000, 7.431480
100.000000, 18.210760
100.000000, 71.671380
100.000000, 172.106300
100.000000, 247.300900
100.000000, 301.092400
100.000000, 345.679000
100.000000, 15.193040
100.000000, 35.267070
100.000000, 45.523360
100.000000, 50.300760
100.000000, 52.438700
100.000000, 55.053030
100.000000, 54.993390
100.000000, 55.225190
100.000000, 53.833680
100.000000, 51.396830
100.000000, 55.576540
100.000000, 63.798960
100.000000, 43.281050
100.000000, 106.947200
100.000000, 179.850800
100.000000, 146.886000
100.000000, 265.125600
100.000000, 288.970100
100.000000, 244.693400
100.000000, 223.699400
100.000000, 200.302200
100.000000, 150.187500
100.000000, 90.884500
100.000000, 23.277210
100.000000, 333.273200
100.000000, 328.123600
100.000000, 311.433300
100.000000, 291.317000
100.000000, 273.100400
100.000000, 259.594100
100.000000, 248.131900
100.000000, 262.699100
100.000000, 251.085800
100.000000, 235.487700
100.000000, 189.889900
100.000000, 139.162800
100.000000, 93.824530
100.000000, 69.990240
100.000000, 50.142580
100.000000, 40.779560
100.000000, 19.046390
100.000000, 53.955050
100.000000, 13.391560
100.000000, 255.580200
100.000000, 176.696400
100.000000, 167.480700
100.000000, 160.244300
100.000000, 151.960300
100.000000, 137.584300
100.000000, 128.810600
100.000000, 119.644400
100.000000, 104.021500
100.000000, 56.839000
100.000000, 163.030600
100.000000, 77.878340
100.000000, 121.042100
100.000000, 304.337900
100.000000, 99.898400
100.000000, 150.354100
100.000000, 322.031900
100.000000, 69.155530
100.000000, 154.451400
100.000000, 257.356600
100.000000, 48.530810
100.000000, 286.499100
100.000000, 223.380500
100.000000, 337.490600
100.000000, 9.595098
100.000000, 271.643200
100.000000, 12.192320
100.000000, 355.891800
100.000000, 337.157700
100.000000, 273.424800
100.000000, 14.649610
100.000000, 336.867000
100.000000, 326.491800
100.000000, 307.196700
100.000000, 295.372100
100.000000, 290.721000
100.000000, 279.670600
100.000000, 273.060800
100.000000, 256.844400
100.000000, 245.268500
100.000000, 223.246400
100.000000, 185.630600
100.000000, 126.980200
100.000000, 71.151400
100.000000, 27.464980
100.000000, 341.186800
100.000000, 280.861700
100.000000, 227.151200
100.000000, 196.949100
100.000000, 180.164100
100.000000, 168.102900
100.000000, 161.463600
100.000000, 152.436900
100.000000, 146.827700
100.000000, 146.657800
100.000000, 173.802700
100.000000, 141.917400
100.000000, 330.728000
100.000000, 27.154410
100.000000, 29.679540
100.000000, 42.969420
100.000000, 50.916920
100.000000, 58.433900
100.000000, 64.751040
100.000000, 76.349030
100.000000, 89.006470
100.000000, 112.608800
100.000000, 167.519700
100.000000, 234.980800
100.000000, 275.676300
100.000000, 296.554100
100.000000, 313.224500
100.000000, 325.179400
100.000000, 344.862800
100.000000, 348.374200
100.000000, 1.540225
100.000000, 13.659660
100.000000, 34.769860
100.000000, 90.607660
100.000000, 158.466700
100.000000, 216.533500
100.000000, 237.677700
100.000000, 235.423600
100.000000, 245.671200
100.000000, 246.356700
100.000000, 243.518700
100.000000, 227.301100
100.000000, 165.675400
100.000000, 114.342200
100.000000, 76.541470
100.000000, 60.426900
100.000000, 52.662410
100.000000, 33.784210
100.000000, 355.793900
100.000000, 290.417600
100.000000, 238.123100
100.000000, 214.084000
100.000000, 197.938400
100.000000, 185.451500
100.000000, 172.244500
100.000000, 155.025800
100.000000, 133.794800
100.000000, 98.592620
100.000000, 58.991390
100.000000, 22.201530
100.000000, 347.573400
100.000000, 335.107900
100.000000, 322.441800
100.000000, 312.300700
100.000000, 59.847120
100.000000, 176.332300
100.000000, 319.425800
100.000000, 117.089900
100.000000, 155.783600
100.000000, 210.625600
100.000000, 137.353300
100.000000, 246.726100
100.000000, 319.749200
100.000000, 42.792870
100.000000, 13.346000
100.000000, 151.844500
100.000000, 305.226200
100.000000, 28.280920
100.000000, 317.380300
100.000000, 39.885920
100.000000, 236.111900
100.000000, 43.281570
100.000000, 258.583400
100.000000, 140.227900
100.000000, 296.978600
100.000000, 221.073600
100.000000, 128.619500
100.000000, 211.119500
100.000000, 44.130710
100.000000, 266.130600
100.000000, 173.878500
100.000000, 59.737510
100.000000, 31.260040
100.000000, 19.150290
100.000000, 303.452200
100.000000, 1.568930
100.000000, 267.403000
100.000000, 251.298700
100.000000, 177.077600
100.000000, 131.219100
100.000000, 207.932800
100.000000, 159.200300
100.000000, 153.980100
100.000000, 194.616400
100.000000, 7.420966
100.000000, 52.665930
100.000000, 228.965300
100.000000, 28.602210
100.000000, 283.775400
100.000000, 3.161740
100.000000, 20.578430
100.000000, 48.333910
100.000000, 86.533010
100.000000, 132.578800
100.000000, 172.637500
100.000000, 197.238800
100.000000, 206.144900
100.000000, 217.446800
100.000000, 250.957200
100.000000, 326.077800
100.000000, 24.604170
100.000000, 45.128260
100.000000, 45.518040
100.000000, 39.794250
100.000000, 32.737170
100.000000, 10.322290
100.000000, 178.640500
100.000000, 319.330400
100.000000, 232.012900
100.000000, 220.785500
100.000000, 206.451100
100.000000, 204.096900
100.000000, 186.333100
100.000000, 139.806700
100.000000, 14.880040
100.000000, 346.912400
100.000000, 1.117694
100.000000, 16.142470
100.000000, 16.814500
100.000000, 88.484610
100.000000, 195.604200
100.000000, 216.582300
100.000000, 211.448400
100.000000, 209.126600
100.000000, 215.957700
100.000000, 96.613660
100.000000, 7.433886
100.000000, 16.834470
##END=
