##TITLE=auto
##------------Pulse PARAMETERS -----------
##Carrier  = 0.00 ppm
##SpecFreq = 470.60 MHz
##Regions: All: -172.00-172.00(200) 
##Targets: All: Iz->-Iy 
##Total_Duration = 1000.00 us
##Iterations = 5000 
##Maximum_Amplitude        = 15600.00 Hz
##Equivalent_fullpower_90o = 16.03 us
###fidelity = 0.00094585 Hz (pulse: 0.00094585  miss: -nan)
##MINX= 1.000000E02
##MAXX= 1.000000E02
##MINY= 0.000000E00
##MAXY= 3.600000E02
##$SHAPE_EXMODE= Excitation
##$SHAPE_TOTROT= 9.000000E01
##$SHAPE_TYPE= Excitation
##$SHAPE_USER_DEF= 
##$SHAPE_REPHFAC= 
##$SHAPE_BWFAC= 1.0000E00
##$SHAPE_BWFAC50= 
##$SHAPE_INTEGFAC= 1.603E-02
##$SHAPE_MODE= 0
##NPOINTS= 1400
##XYPOINTS= (XY..XY)
1.000000e+02, 1.683447e+01
1.000000e+02, 7.433886e+00
1.000000e+02, 9.661366e+01
1.000000e+02, 2.159577e+02
1.000000e+02, 2.091266e+02
1.000000e+02, 2.114484e+02
1.000000e+02, 2.165823e+02
1.000000e+02, 1.956042e+02
1.000000e+02, 8.848461e+01
1.000000e+02, 1.681450e+01
1.000000e+02, 1.614247e+01
1.000000e+02, 1.117694e+00
1.000000e+02, 3.469124e+02
1.000000e+02, 1.488004e+01
1.000000e+02, 1.398067e+02
1.000000e+02, 1.863331e+02
1.000000e+02, 2.040969e+02
1.000000e+02, 2.064511e+02
1.000000e+02, 2.207855e+02
1.000000e+02, 2.320129e+02
1.000000e+02, 3.193304e+02
1.000000e+02, 1.786405e+02
1.000000e+02, 1.032229e+01
1.000000e+02, 3.273717e+01
1.000000e+02, 3.979425e+01
1.000000e+02, 4.551804e+01
1.000000e+02, 4.512826e+01
1.000000e+02, 2.460417e+01
1.000000e+02, 3.260778e+02
1.000000e+02, 2.509572e+02
1.000000e+02, 2.174468e+02
1.000000e+02, 2.061449e+02
1.000000e+02, 1.972388e+02
1.000000e+02, 1.726375e+02
1.000000e+02, 1.325788e+02
1.000000e+02, 8.653301e+01
1.000000e+02, 4.833391e+01
1.000000e+02, 2.057843e+01
1.000000e+02, 3.161740e+00
1.000000e+02, 2.837754e+02
1.000000e+02, 2.860221e+01
1.000000e+02, 2.289653e+02
1.000000e+02, 5.266593e+01
1.000000e+02, 7.420966e+00
1.000000e+02, 1.946164e+02
1.000000e+02, 1.539801e+02
1.000000e+02, 1.592003e+02
1.000000e+02, 2.079328e+02
1.000000e+02, 1.312191e+02
1.000000e+02, 1.770776e+02
1.000000e+02, 2.512987e+02
1.000000e+02, 2.674030e+02
1.000000e+02, 1.568930e+00
1.000000e+02, 3.034522e+02
1.000000e+02, 1.915029e+01
1.000000e+02, 3.126004e+01
1.000000e+02, 5.973751e+01
1.000000e+02, 1.738785e+02
1.000000e+02, 2.661306e+02
1.000000e+02, 4.413071e+01
1.000000e+02, 2.111195e+02
1.000000e+02, 1.286195e+02
1.000000e+02, 2.210736e+02
1.000000e+02, 2.969786e+02
1.000000e+02, 1.402279e+02
1.000000e+02, 2.585834e+02
1.000000e+02, 4.328157e+01
1.000000e+02, 2.361119e+02
1.000000e+02, 3.988592e+01
1.000000e+02, 3.173803e+02
1.000000e+02, 2.828092e+01
1.000000e+02, 3.052262e+02
1.000000e+02, 1.518445e+02
1.000000e+02, 1.334600e+01
1.000000e+02, 4.279287e+01
1.000000e+02, 3.197492e+02
1.000000e+02, 2.467261e+02
1.000000e+02, 1.373533e+02
1.000000e+02, 2.106256e+02
1.000000e+02, 1.557836e+02
1.000000e+02, 1.170899e+02
1.000000e+02, 3.194258e+02
1.000000e+02, 1.763323e+02
1.000000e+02, 5.984712e+01
1.000000e+02, 3.123007e+02
1.000000e+02, 3.224418e+02
1.000000e+02, 3.351079e+02
1.000000e+02, 3.475734e+02
1.000000e+02, 2.220153e+01
1.000000e+02, 5.899139e+01
1.000000e+02, 9.859262e+01
1.000000e+02, 1.337948e+02
1.000000e+02, 1.550258e+02
1.000000e+02, 1.722445e+02
1.000000e+02, 1.854515e+02
1.000000e+02, 1.979384e+02
1.000000e+02, 2.140840e+02
1.000000e+02, 2.381231e+02
1.000000e+02, 2.904176e+02
1.000000e+02, 3.557939e+02
1.000000e+02, 3.378421e+01
1.000000e+02, 5.266241e+01
1.000000e+02, 6.042690e+01
1.000000e+02, 7.654147e+01
1.000000e+02, 1.143422e+02
1.000000e+02, 1.656754e+02
1.000000e+02, 2.273011e+02
1.000000e+02, 2.435187e+02
1.000000e+02, 2.463567e+02
1.000000e+02, 2.456712e+02
1.000000e+02, 2.354236e+02
1.000000e+02, 2.376777e+02
1.000000e+02, 2.165335e+02
1.000000e+02, 1.584667e+02
1.000000e+02, 9.060766e+01
1.000000e+02, 3.476986e+01
1.000000e+02, 1.365966e+01
1.000000e+02, 1.540225e+00
1.000000e+02, 3.483742e+02
1.000000e+02, 3.448628e+02
1.000000e+02, 3.251794e+02
1.000000e+02, 3.132245e+02
1.000000e+02, 2.965541e+02
1.000000e+02, 2.756763e+02
1.000000e+02, 2.349808e+02
1.000000e+02, 1.675197e+02
1.000000e+02, 1.126088e+02
1.000000e+02, 8.900647e+01
1.000000e+02, 7.634903e+01
1.000000e+02, 6.475104e+01
1.000000e+02, 5.843390e+01
1.000000e+02, 5.091692e+01
1.000000e+02, 4.296942e+01
1.000000e+02, 2.967954e+01
1.000000e+02, 2.715441e+01
1.000000e+02, 3.307280e+02
1.000000e+02, 1.419174e+02
1.000000e+02, 1.738027e+02
1.000000e+02, 1.466578e+02
1.000000e+02, 1.468277e+02
1.000000e+02, 1.524369e+02
1.000000e+02, 1.614636e+02
1.000000e+02, 1.681029e+02
1.000000e+02, 1.801641e+02
1.000000e+02, 1.969491e+02
1.000000e+02, 2.271512e+02
1.000000e+02, 2.808617e+02
1.000000e+02, 3.411868e+02
1.000000e+02, 2.746498e+01
1.000000e+02, 7.115140e+01
1.000000e+02, 1.269802e+02
1.000000e+02, 1.856306e+02
1.000000e+02, 2.232464e+02
1.000000e+02, 2.452685e+02
1.000000e+02, 2.568444e+02
1.000000e+02, 2.730608e+02
1.000000e+02, 2.796706e+02
1.000000e+02, 2.907210e+02
1.000000e+02, 2.953721e+02
1.000000e+02, 3.071967e+02
1.000000e+02, 3.264918e+02
1.000000e+02, 3.368670e+02
1.000000e+02, 1.464961e+01
1.000000e+02, 2.734248e+02
1.000000e+02, 3.371577e+02
1.000000e+02, 3.558918e+02
1.000000e+02, 1.219232e+01
1.000000e+02, 2.716432e+02
1.000000e+02, 9.595098e+00
1.000000e+02, 3.374906e+02
1.000000e+02, 2.233805e+02
1.000000e+02, 2.864991e+02
1.000000e+02, 4.853081e+01
1.000000e+02, 2.573566e+02
1.000000e+02, 1.544514e+02
1.000000e+02, 6.915553e+01
1.000000e+02, 3.220319e+02
1.000000e+02, 1.503541e+02
1.000000e+02, 9.989840e+01
1.000000e+02, 3.043379e+02
1.000000e+02, 1.210421e+02
1.000000e+02, 7.787834e+01
1.000000e+02, 1.630306e+02
1.000000e+02, 5.683900e+01
1.000000e+02, 1.040215e+02
1.000000e+02, 1.196444e+02
1.000000e+02, 1.288106e+02
1.000000e+02, 1.375843e+02
1.000000e+02, 1.519603e+02
1.000000e+02, 1.602443e+02
1.000000e+02, 1.674807e+02
1.000000e+02, 1.766964e+02
1.000000e+02, 2.555802e+02
1.000000e+02, 1.339156e+01
1.000000e+02, 5.395505e+01
1.000000e+02, 1.904639e+01
1.000000e+02, 4.077956e+01
1.000000e+02, 5.014258e+01
1.000000e+02, 6.999024e+01
1.000000e+02, 9.382453e+01
1.000000e+02, 1.391628e+02
1.000000e+02, 1.898899e+02
1.000000e+02, 2.354877e+02
1.000000e+02, 2.510858e+02
1.000000e+02, 2.626991e+02
1.000000e+02, 2.481319e+02
1.000000e+02, 2.595941e+02
1.000000e+02, 2.731004e+02
1.000000e+02, 2.913170e+02
1.000000e+02, 3.114333e+02
1.000000e+02, 3.281236e+02
1.000000e+02, 3.332732e+02
1.000000e+02, 2.327721e+01
1.000000e+02, 9.088450e+01
1.000000e+02, 1.501875e+02
1.000000e+02, 2.003022e+02
1.000000e+02, 2.236994e+02
1.000000e+02, 2.446934e+02
1.000000e+02, 2.889701e+02
1.000000e+02, 2.651256e+02
1.000000e+02, 1.468860e+02
1.000000e+02, 1.798508e+02
1.000000e+02, 1.069472e+02
1.000000e+02, 4.328105e+01
1.000000e+02, 6.379896e+01
1.000000e+02, 5.557654e+01
1.000000e+02, 5.139683e+01
1.000000e+02, 5.383368e+01
1.000000e+02, 5.522519e+01
1.000000e+02, 5.499339e+01
1.000000e+02, 5.505303e+01
1.000000e+02, 5.243870e+01
1.000000e+02, 5.030076e+01
1.000000e+02, 4.552336e+01
1.000000e+02, 3.526707e+01
1.000000e+02, 1.519304e+01
1.000000e+02, 3.456790e+02
1.000000e+02, 3.010924e+02
1.000000e+02, 2.473009e+02
1.000000e+02, 1.721063e+02
1.000000e+02, 7.167138e+01
1.000000e+02, 1.821076e+01
1.000000e+02, 7.431480e+00
1.000000e+02, 3.594150e+02
1.000000e+02, 3.528710e+02
1.000000e+02, 3.385083e+02
1.000000e+02, 3.403869e+02
1.000000e+02, 3.227558e+02
1.000000e+02, 3.111361e+02
1.000000e+02, 2.988270e+02
1.000000e+02, 2.903849e+02
1.000000e+02, 2.703528e+02
1.000000e+02, 2.628438e+02
1.000000e+02, 2.515849e+02
1.000000e+02, 2.419508e+02
1.000000e+02, 2.348826e+02
1.000000e+02, 2.322702e+02
1.000000e+02, 2.362201e+02
1.000000e+02, 1.405048e+02
1.000000e+02, 3.649514e+01
1.000000e+02, 1.815616e+01
1.000000e+02, 1.366354e+01
1.000000e+02, 1.067360e+01
1.000000e+02, 5.514684e+00
1.000000e+02, 3.570071e+02
1.000000e+02, 3.301551e+02
1.000000e+02, 2.688794e+02
1.000000e+02, 1.753559e+02
1.000000e+02, 1.531359e+02
1.000000e+02, 1.620770e+02
1.000000e+02, 1.502604e+02
1.000000e+02, 1.499408e+02
1.000000e+02, 1.485913e+02
1.000000e+02, 1.463605e+02
1.000000e+02, 1.426583e+02
1.000000e+02, 1.371796e+02
1.000000e+02, 1.259512e+02
1.000000e+02, 1.011962e+02
1.000000e+02, 4.580812e+01
1.000000e+02, 3.384265e+02
1.000000e+02, 2.997745e+02
1.000000e+02, 2.781504e+02
1.000000e+02, 2.660031e+02
1.000000e+02, 2.553074e+02
1.000000e+02, 2.456533e+02
1.000000e+02, 2.354254e+02
1.000000e+02, 2.288685e+02
1.000000e+02, 2.147452e+02
1.000000e+02, 2.152834e+02
1.000000e+02, 1.640298e+02
1.000000e+02, 1.347904e+01
1.000000e+02, 2.634466e+02
1.000000e+02, 5.332132e+00
1.000000e+02, 3.349601e+02
1.000000e+02, 3.589516e+02
1.000000e+02, 3.272775e+01
1.000000e+02, 7.136759e+01
1.000000e+02, 5.912654e+01
1.000000e+02, 7.882945e+01
1.000000e+02, 8.407513e+01
1.000000e+02, 9.603849e+01
1.000000e+02, 1.026953e+02
1.000000e+02, 1.071181e+02
1.000000e+02, 1.113976e+02
1.000000e+02, 1.178008e+02
1.000000e+02, 1.199527e+02
1.000000e+02, 1.231413e+02
1.000000e+02, 1.232697e+02
1.000000e+02, 1.238931e+02
1.000000e+02, 1.275707e+02
1.000000e+02, 1.261087e+02
1.000000e+02, 1.240623e+02
1.000000e+02, 1.211499e+02
1.000000e+02, 1.129116e+02
1.000000e+02, 8.567855e+01
1.000000e+02, 6.383305e+01
1.000000e+02, 3.388947e+01
1.000000e+02, 3.269399e+02
1.000000e+02, 1.454037e+02
1.000000e+02, 9.545351e+01
1.000000e+02, 6.553729e+01
1.000000e+02, 6.233383e+01
1.000000e+02, 2.489547e+01
1.000000e+02, 3.466424e+00
1.000000e+02, 3.596141e+02
1.000000e+02, 3.537359e+02
1.000000e+02, 3.581210e+02
1.000000e+02, 3.597991e+02
1.000000e+02, 1.297906e+00
1.000000e+02, 2.529155e+00
1.000000e+02, 5.584890e+00
1.000000e+02, 8.943499e+00
1.000000e+02, 1.256474e+01
1.000000e+02, 1.957640e+01
1.000000e+02, 2.821909e+01
1.000000e+02, 4.554161e+01
1.000000e+02, 8.046399e+01
1.000000e+02, 1.285974e+02
1.000000e+02, 1.597787e+02
1.000000e+02, 1.789161e+02
1.000000e+02, 1.880972e+02
1.000000e+02, 1.970979e+02
1.000000e+02, 2.111285e+02
1.000000e+02, 2.235840e+02
1.000000e+02, 2.779107e+02
1.000000e+02, 4.780166e+01
1.000000e+02, 6.175484e+01
1.000000e+02, 7.298018e+01
1.000000e+02, 7.887440e+01
1.000000e+02, 8.757186e+01
1.000000e+02, 9.741973e+01
1.000000e+02, 1.043509e+02
1.000000e+02, 1.179357e+02
1.000000e+02, 1.298815e+02
1.000000e+02, 1.457242e+02
1.000000e+02, 1.583505e+02
1.000000e+02, 1.588790e+02
1.000000e+02, 1.597170e+02
1.000000e+02, 1.660659e+02
1.000000e+02, 1.654445e+02
1.000000e+02, 1.645252e+02
1.000000e+02, 1.583074e+02
1.000000e+02, 1.557095e+02
1.000000e+02, 1.530821e+02
1.000000e+02, 1.501238e+02
1.000000e+02, 1.480162e+02
1.000000e+02, 1.504373e+02
1.000000e+02, 1.520758e+02
1.000000e+02, 1.538841e+02
1.000000e+02, 1.575128e+02
1.000000e+02, 1.645202e+02
1.000000e+02, 1.714044e+02
1.000000e+02, 1.835474e+02
1.000000e+02, 1.995701e+02
1.000000e+02, 2.205473e+02
1.000000e+02, 2.396244e+02
1.000000e+02, 2.575925e+02
1.000000e+02, 2.716442e+02
1.000000e+02, 2.846349e+02
1.000000e+02, 2.934827e+02
1.000000e+02, 3.326616e+02
1.000000e+02, 5.912359e+01
1.000000e+02, 9.470215e+01
1.000000e+02, 9.379572e+01
1.000000e+02, 9.546958e+01
1.000000e+02, 9.679421e+01
1.000000e+02, 9.397765e+01
1.000000e+02, 8.851823e+01
1.000000e+02, 8.139012e+01
1.000000e+02, 6.962212e+01
1.000000e+02, 5.017964e+01
1.000000e+02, 2.930256e+01
1.000000e+02, 8.963823e+00
1.000000e+02, 3.521229e+02
1.000000e+02, 3.420217e+02
1.000000e+02, 3.372998e+02
1.000000e+02, 3.404036e+02
1.000000e+02, 2.070986e+02
1.000000e+02, 1.218891e+02
1.000000e+02, 1.273158e+02
1.000000e+02, 1.244218e+02
1.000000e+02, 1.255587e+02
1.000000e+02, 1.266235e+02
1.000000e+02, 1.280805e+02
1.000000e+02, 1.300502e+02
1.000000e+02, 1.319719e+02
1.000000e+02, 1.351184e+02
1.000000e+02, 1.360764e+02
1.000000e+02, 1.393904e+02
1.000000e+02, 1.411436e+02
1.000000e+02, 1.454315e+02
1.000000e+02, 1.449934e+02
1.000000e+02, 1.480400e+02
1.000000e+02, 1.459604e+02
1.000000e+02, 1.451549e+02
1.000000e+02, 1.394848e+02
1.000000e+02, 1.351966e+02
1.000000e+02, 1.292944e+02
1.000000e+02, 1.201342e+02
1.000000e+02, 1.075449e+02
1.000000e+02, 8.532867e+01
1.000000e+02, 5.182438e+01
1.000000e+02, 2.402180e+00
1.000000e+02, 3.292781e+02
1.000000e+02, 3.138094e+02
1.000000e+02, 3.006915e+02
1.000000e+02, 2.934772e+02
1.000000e+02, 2.858001e+02
1.000000e+02, 2.784521e+02
1.000000e+02, 2.694679e+02
1.000000e+02, 2.596184e+02
1.000000e+02, 2.443167e+02
1.000000e+02, 2.182920e+02
1.000000e+02, 1.824268e+02
1.000000e+02, 1.585933e+02
1.000000e+02, 1.465692e+02
1.000000e+02, 1.415192e+02
1.000000e+02, 1.425468e+02
1.000000e+02, 1.495993e+02
1.000000e+02, 1.662540e+02
1.000000e+02, 1.941315e+02
1.000000e+02, 2.143433e+02
1.000000e+02, 2.281014e+02
1.000000e+02, 2.334450e+02
1.000000e+02, 2.370406e+02
1.000000e+02, 2.403074e+02
1.000000e+02, 2.419944e+02
1.000000e+02, 2.421088e+02
1.000000e+02, 2.591765e+02
1.000000e+02, 8.708118e+01
1.000000e+02, 9.244385e+01
1.000000e+02, 8.630788e+01
1.000000e+02, 8.430908e+01
1.000000e+02, 7.753052e+01
1.000000e+02, 7.176678e+01
1.000000e+02, 6.536811e+01
1.000000e+02, 5.582963e+01
1.000000e+02, 4.647531e+01
1.000000e+02, 3.279707e+01
1.000000e+02, 2.039330e+01
1.000000e+02, 9.288661e+00
1.000000e+02, 3.580582e+02
1.000000e+02, 3.489344e+02
1.000000e+02, 3.440465e+02
1.000000e+02, 3.383618e+02
1.000000e+02, 3.349500e+02
1.000000e+02, 3.338029e+02
1.000000e+02, 3.332972e+02
1.000000e+02, 3.332427e+02
1.000000e+02, 3.376793e+02
1.000000e+02, 3.436800e+02
1.000000e+02, 3.545238e+02
1.000000e+02, 1.142181e+01
1.000000e+02, 3.177254e+01
1.000000e+02, 5.541398e+01
1.000000e+02, 7.153053e+01
1.000000e+02, 8.248572e+01
1.000000e+02, 9.147082e+01
1.000000e+02, 9.756299e+01
1.000000e+02, 1.028680e+02
1.000000e+02, 1.081708e+02
1.000000e+02, 1.142206e+02
1.000000e+02, 1.204364e+02
1.000000e+02, 1.347775e+02
1.000000e+02, 1.571513e+02
1.000000e+02, 2.017614e+02
1.000000e+02, 2.580165e+02
1.000000e+02, 2.903442e+02
1.000000e+02, 3.072245e+02
1.000000e+02, 3.177757e+02
1.000000e+02, 3.266299e+02
1.000000e+02, 3.294384e+02
1.000000e+02, 3.384559e+02
1.000000e+02, 3.398091e+02
1.000000e+02, 3.421238e+02
1.000000e+02, 3.443923e+02
1.000000e+02, 3.464375e+02
1.000000e+02, 3.506278e+02
1.000000e+02, 3.548015e+02
1.000000e+02, 3.598844e+02
1.000000e+02, 9.752114e+00
1.000000e+02, 2.479389e+01
1.000000e+02, 4.278157e+01
1.000000e+02, 7.197840e+01
1.000000e+02, 9.601311e+01
1.000000e+02, 1.136351e+02
1.000000e+02, 1.209831e+02
1.000000e+02, 1.181797e+02
1.000000e+02, 1.066125e+02
1.000000e+02, 6.116970e+01
1.000000e+02, 3.399116e+02
1.000000e+02, 3.326907e+02
1.000000e+02, 3.240833e+02
1.000000e+02, 3.192600e+02
1.000000e+02, 3.113995e+02
1.000000e+02, 3.035467e+02
1.000000e+02, 2.948336e+02
1.000000e+02, 2.882194e+02
1.000000e+02, 2.634342e+02
1.000000e+02, 2.311219e+02
1.000000e+02, 1.860951e+02
1.000000e+02, 1.281721e+02
1.000000e+02, 7.799752e+01
1.000000e+02, 3.386291e+01
1.000000e+02, 3.584367e+02
1.000000e+02, 3.303153e+02
1.000000e+02, 3.070770e+02
1.000000e+02, 2.861861e+02
1.000000e+02, 2.647191e+02
1.000000e+02, 2.398403e+02
1.000000e+02, 2.062597e+02
1.000000e+02, 1.657722e+02
1.000000e+02, 1.325839e+02
1.000000e+02, 1.077977e+02
1.000000e+02, 9.366818e+01
1.000000e+02, 9.183112e+01
1.000000e+02, 8.874368e+01
1.000000e+02, 8.404982e+01
1.000000e+02, 9.151585e+01
1.000000e+02, 9.520965e+01
1.000000e+02, 1.063594e+02
1.000000e+02, 1.175741e+02
1.000000e+02, 1.272073e+02
1.000000e+02, 1.336765e+02
1.000000e+02, 1.354902e+02
1.000000e+02, 1.355261e+02
1.000000e+02, 1.340492e+02
1.000000e+02, 1.293974e+02
1.000000e+02, 1.210456e+02
1.000000e+02, 1.100803e+02
1.000000e+02, 9.528562e+01
1.000000e+02, 7.965893e+01
1.000000e+02, 6.808197e+01
1.000000e+02, 5.917121e+01
1.000000e+02, 5.798184e+01
1.000000e+02, 7.300442e+01
1.000000e+02, 7.794416e+01
1.000000e+02, 9.275073e+01
1.000000e+02, 1.221117e+02
1.000000e+02, 1.294063e+02
1.000000e+02, 1.263578e+02
1.000000e+02, 1.142407e+02
1.000000e+02, 9.327795e+01
1.000000e+02, 7.110738e+01
1.000000e+02, 5.199232e+01
1.000000e+02, 3.868744e+01
1.000000e+02, 2.971124e+01
1.000000e+02, 2.015301e+01
1.000000e+02, 2.400632e+02
1.000000e+02, 1.462642e+02
1.000000e+02, 1.522296e+02
1.000000e+02, 1.501151e+02
1.000000e+02, 1.494929e+02
1.000000e+02, 1.489022e+02
1.000000e+02, 1.499989e+02
1.000000e+02, 1.611417e+02
1.000000e+02, 2.395093e+01
1.000000e+02, 3.356098e+02
1.000000e+02, 3.346659e+02
1.000000e+02, 3.377072e+02
1.000000e+02, 3.362383e+02
1.000000e+02, 3.355023e+02
1.000000e+02, 3.354019e+02
1.000000e+02, 3.352589e+02
1.000000e+02, 3.351404e+02
1.000000e+02, 3.338017e+02
1.000000e+02, 3.331153e+02
1.000000e+02, 3.323606e+02
1.000000e+02, 3.304710e+02
1.000000e+02, 3.291903e+02
1.000000e+02, 3.258875e+02
1.000000e+02, 3.247258e+02
1.000000e+02, 3.210608e+02
1.000000e+02, 3.149921e+02
1.000000e+02, 3.045197e+02
1.000000e+02, 2.518927e+02
1.000000e+02, 1.758339e+02
1.000000e+02, 1.631722e+02
1.000000e+02, 1.588571e+02
1.000000e+02, 1.572677e+02
1.000000e+02, 1.520655e+02
1.000000e+02, 1.499632e+02
1.000000e+02, 1.472540e+02
1.000000e+02, 1.455907e+02
1.000000e+02, 1.603095e+02
1.000000e+02, 2.102056e+02
1.000000e+02, 3.032014e+02
1.000000e+02, 3.165477e+02
1.000000e+02, 3.212301e+02
1.000000e+02, 3.307588e+02
1.000000e+02, 3.557048e+02
1.000000e+02, 9.761884e+01
1.000000e+02, 1.360162e+02
1.000000e+02, 1.365606e+02
1.000000e+02, 1.253387e+02
1.000000e+02, 9.859424e+01
1.000000e+02, 6.801717e+01
1.000000e+02, 5.402045e+01
1.000000e+02, 4.198553e+01
1.000000e+02, 3.658155e+01
1.000000e+02, 3.268175e+01
1.000000e+02, 3.005459e+01
1.000000e+02, 2.852575e+01
1.000000e+02, 2.638966e+01
1.000000e+02, 2.427266e+01
1.000000e+02, 2.412048e+01
1.000000e+02, 2.380191e+01
1.000000e+02, 2.193381e+01
1.000000e+02, 2.112797e+01
1.000000e+02, 1.843292e+01
1.000000e+02, 1.628353e+01
1.000000e+02, 8.334718e+00
1.000000e+02, 3.542964e+02
1.000000e+02, 3.346432e+02
1.000000e+02, 3.027869e+02
1.000000e+02, 2.796898e+02
1.000000e+02, 2.688844e+02
1.000000e+02, 2.653629e+02
1.000000e+02, 2.661077e+02
1.000000e+02, 2.702377e+02
1.000000e+02, 2.937347e+02
1.000000e+02, 5.435219e+01
1.000000e+02, 8.850472e+01
1.000000e+02, 9.455850e+01
1.000000e+02, 9.710915e+01
1.000000e+02, 1.022946e+02
1.000000e+02, 1.074839e+02
1.000000e+02, 1.125834e+02
1.000000e+02, 1.212724e+02
1.000000e+02, 1.300721e+02
1.000000e+02, 1.479684e+02
1.000000e+02, 1.701118e+02
1.000000e+02, 1.959279e+02
1.000000e+02, 2.250039e+02
1.000000e+02, 2.424731e+02
1.000000e+02, 2.466696e+02
1.000000e+02, 2.447470e+02
1.000000e+02, 1.957849e+02
1.000000e+02, 1.289642e+02
1.000000e+02, 1.308700e+02
1.000000e+02, 1.443958e+02
1.000000e+02, 1.621107e+02
1.000000e+02, 1.834814e+02
1.000000e+02, 2.054152e+02
1.000000e+02, 2.247124e+02
1.000000e+02, 2.420423e+02
1.000000e+02, 2.563369e+02
1.000000e+02, 2.653899e+02
1.000000e+02, 2.753998e+02
1.000000e+02, 2.801006e+02
1.000000e+02, 2.880477e+02
1.000000e+02, 2.940845e+02
1.000000e+02, 2.989580e+02
1.000000e+02, 3.058446e+02
1.000000e+02, 3.147290e+02
1.000000e+02, 3.223361e+02
1.000000e+02, 3.303508e+02
1.000000e+02, 3.481308e+02
1.000000e+02, 2.716213e+00
1.000000e+02, 2.335047e+01
1.000000e+02, 4.191845e+01
1.000000e+02, 7.611369e+01
1.000000e+02, 1.025016e+02
1.000000e+02, 1.522149e+02
1.000000e+02, 7.444685e+01
1.000000e+02, 2.299273e+02
1.000000e+02, 2.669048e+02
1.000000e+02, 2.935331e+02
1.000000e+02, 3.054589e+02
1.000000e+02, 9.884095e+00
1.000000e+02, 8.131785e+00
1.000000e+02, 1.970730e+01
1.000000e+02, 3.352891e+01
1.000000e+02, 4.056331e+01
1.000000e+02, 4.129590e+01
1.000000e+02, 6.087254e+01
1.000000e+02, 1.001528e+02
1.000000e+02, 1.020463e+02
1.000000e+02, 1.039935e+02
1.000000e+02, 1.119128e+02
1.000000e+02, 1.226233e+02
1.000000e+02, 1.329476e+02
1.000000e+02, 1.478903e+02
1.000000e+02, 6.364081e+01
1.000000e+02, 2.532486e+02
1.000000e+02, 2.505625e+02
1.000000e+02, 2.525796e+02
1.000000e+02, 2.562846e+02
1.000000e+02, 2.615909e+02
1.000000e+02, 2.672666e+02
1.000000e+02, 2.760465e+02
1.000000e+02, 2.870451e+02
1.000000e+02, 2.965591e+02
1.000000e+02, 3.085596e+02
1.000000e+02, 3.270538e+02
1.000000e+02, 3.450452e+02
1.000000e+02, 3.431664e-01
1.000000e+02, 1.092049e+01
1.000000e+02, 1.849207e+01
1.000000e+02, 2.470226e+01
1.000000e+02, 2.768265e+01
1.000000e+02, 2.819054e+01
1.000000e+02, 2.503022e+01
1.000000e+02, 3.582795e+02
1.000000e+02, 2.590423e+02
1.000000e+02, 2.125370e+02
1.000000e+02, 2.075024e+02
1.000000e+02, 2.060186e+02
1.000000e+02, 2.063807e+02
1.000000e+02, 2.087094e+02
1.000000e+02, 2.097072e+02
1.000000e+02, 2.109871e+02
1.000000e+02, 2.113230e+02
1.000000e+02, 2.104397e+02
1.000000e+02, 2.083618e+02
1.000000e+02, 1.993300e+02
1.000000e+02, 1.715532e+02
1.000000e+02, 7.654781e+01
1.000000e+02, 2.911793e+02
1.000000e+02, 2.654314e+02
1.000000e+02, 2.680279e+02
1.000000e+02, 2.409629e+02
1.000000e+02, 2.365404e+02
1.000000e+02, 2.293991e+02
1.000000e+02, 2.314928e+02
1.000000e+02, 2.291674e+02
1.000000e+02, 2.275297e+02
1.000000e+02, 2.264296e+02
1.000000e+02, 2.208765e+02
1.000000e+02, 2.152946e+02
1.000000e+02, 2.039023e+02
1.000000e+02, 1.915115e+02
1.000000e+02, 1.814187e+02
1.000000e+02, 1.704895e+02
1.000000e+02, 1.622059e+02
1.000000e+02, 1.558027e+02
1.000000e+02, 1.538264e+02
1.000000e+02, 1.525653e+02
1.000000e+02, 1.546572e+02
1.000000e+02, 1.589568e+02
1.000000e+02, 1.642471e+02
1.000000e+02, 1.717752e+02
1.000000e+02, 1.833155e+02
1.000000e+02, 1.929704e+02
1.000000e+02, 2.045885e+02
1.000000e+02, 2.174695e+02
1.000000e+02, 2.286166e+02
1.000000e+02, 2.378603e+02
1.000000e+02, 2.472341e+02
1.000000e+02, 2.546203e+02
1.000000e+02, 2.599715e+02
1.000000e+02, 2.650787e+02
1.000000e+02, 2.710178e+02
1.000000e+02, 2.758722e+02
1.000000e+02, 2.778230e+02
1.000000e+02, 2.816366e+02
1.000000e+02, 2.792098e+02
1.000000e+02, 2.686554e+02
1.000000e+02, 2.331239e+02
1.000000e+02, 1.993099e+02
1.000000e+02, 1.915876e+02
1.000000e+02, 1.864761e+02
1.000000e+02, 1.886402e+02
1.000000e+02, 1.919222e+02
1.000000e+02, 1.946578e+02
1.000000e+02, 1.984127e+02
1.000000e+02, 2.019599e+02
1.000000e+02, 2.053347e+02
1.000000e+02, 2.075981e+02
1.000000e+02, 2.169991e+02
1.000000e+02, 2.210291e+02
1.000000e+02, 2.408111e+02
1.000000e+02, 3.532818e+02
1.000000e+02, 1.843111e+01
1.000000e+02, 2.373243e+01
1.000000e+02, 2.666517e+01
1.000000e+02, 2.850820e+01
1.000000e+02, 3.185304e+01
1.000000e+02, 3.188985e+01
1.000000e+02, 3.499208e+01
1.000000e+02, 3.475291e+01
1.000000e+02, 3.338359e+01
1.000000e+02, 3.126426e+01
1.000000e+02, 2.913734e+01
1.000000e+02, 2.652036e+01
1.000000e+02, 1.714852e+01
1.000000e+02, 5.560009e-01
1.000000e+02, 3.285723e+02
1.000000e+02, 2.896161e+02
1.000000e+02, 2.695597e+02
1.000000e+02, 2.579394e+02
1.000000e+02, 2.522227e+02
1.000000e+02, 2.463447e+02
1.000000e+02, 2.416564e+02
1.000000e+02, 2.364189e+02
1.000000e+02, 2.303332e+02
1.000000e+02, 2.222789e+02
1.000000e+02, 2.037607e+02
1.000000e+02, 1.707505e+02
1.000000e+02, 1.272878e+02
1.000000e+02, 1.026880e+02
1.000000e+02, 8.570627e+01
1.000000e+02, 7.799044e+01
1.000000e+02, 7.163458e+01
1.000000e+02, 6.652638e+01
1.000000e+02, 6.148338e+01
1.000000e+02, 5.549301e+01
1.000000e+02, 4.488426e+01
1.000000e+02, 2.386915e+01
1.000000e+02, 3.276124e+02
1.000000e+02, 2.759220e+02
1.000000e+02, 2.547274e+02
1.000000e+02, 2.438466e+02
1.000000e+02, 2.380484e+02
1.000000e+02, 2.352091e+02
1.000000e+02, 2.304258e+02
1.000000e+02, 2.286131e+02
1.000000e+02, 2.246167e+02
1.000000e+02, 2.192583e+02
1.000000e+02, 2.058358e+02
1.000000e+02, 1.631511e+02
1.000000e+02, 6.486446e+01
1.000000e+02, 3.735127e+01
1.000000e+02, 2.603432e+01
1.000000e+02, 1.801483e+01
1.000000e+02, 1.119506e+01
1.000000e+02, 1.528740e+00
1.000000e+02, 3.453071e+02
1.000000e+02, 3.117324e+02
1.000000e+02, 2.509191e+02
1.000000e+02, 2.192560e+02
1.000000e+02, 2.054189e+02
1.000000e+02, 1.983589e+02
1.000000e+02, 1.956319e+02
1.000000e+02, 1.980891e+02
1.000000e+02, 2.094038e+02
1.000000e+02, 2.741987e+02
1.000000e+02, 3.149558e+02
1.000000e+02, 3.250965e+02
1.000000e+02, 3.311216e+02
1.000000e+02, 3.364234e+02
1.000000e+02, 3.397573e+02
1.000000e+02, 3.446433e+02
1.000000e+02, 3.520773e+02
1.000000e+02, 1.914136e+00
1.000000e+02, 2.261619e+01
1.000000e+02, 5.076537e+01
1.000000e+02, 7.955355e+01
1.000000e+02, 9.579948e+01
1.000000e+02, 1.081624e+02
1.000000e+02, 1.125873e+02
1.000000e+02, 1.171166e+02
1.000000e+02, 1.167356e+02
1.000000e+02, 1.147105e+02
1.000000e+02, 1.127142e+02
1.000000e+02, 1.105692e+02
1.000000e+02, 1.079123e+02
1.000000e+02, 1.018586e+02
1.000000e+02, 9.829658e+01
1.000000e+02, 9.571610e+01
1.000000e+02, 9.578033e+01
1.000000e+02, 1.014233e+02
1.000000e+02, 1.087750e+02
1.000000e+02, 1.257617e+02
1.000000e+02, 1.427155e+02
1.000000e+02, 1.618044e+02
1.000000e+02, 1.850708e+02
1.000000e+02, 2.120300e+02
1.000000e+02, 2.361693e+02
1.000000e+02, 2.541540e+02
1.000000e+02, 2.696973e+02
1.000000e+02, 2.828481e+02
1.000000e+02, 2.939165e+02
1.000000e+02, 3.035090e+02
1.000000e+02, 3.107833e+02
1.000000e+02, 3.185905e+02
1.000000e+02, 3.273953e+02
1.000000e+02, 3.300679e+02
1.000000e+02, 3.374516e+02
1.000000e+02, 2.287866e+02
1.000000e+02, 1.855329e+02
1.000000e+02, 2.112845e+02
1.000000e+02, 2.434665e+02
1.000000e+02, 2.684251e+02
1.000000e+02, 2.811685e+02
1.000000e+02, 2.881972e+02
1.000000e+02, 2.920311e+02
1.000000e+02, 2.973450e+02
1.000000e+02, 2.975605e+02
1.000000e+02, 2.983136e+02
1.000000e+02, 2.987431e+02
1.000000e+02, 2.981018e+02
1.000000e+02, 2.952069e+02
1.000000e+02, 2.899745e+02
1.000000e+02, 2.820491e+02
1.000000e+02, 2.703802e+02
1.000000e+02, 2.549410e+02
1.000000e+02, 2.405330e+02
1.000000e+02, 2.310370e+02
1.000000e+02, 2.250037e+02
1.000000e+02, 2.220294e+02
1.000000e+02, 2.205309e+02
1.000000e+02, 2.199704e+02
1.000000e+02, 2.204114e+02
1.000000e+02, 2.209920e+02
1.000000e+02, 2.221704e+02
1.000000e+02, 2.244405e+02
1.000000e+02, 2.273620e+02
1.000000e+02, 2.298047e+02
1.000000e+02, 2.298537e+02
1.000000e+02, 2.308127e+02
1.000000e+02, 2.288189e+02
1.000000e+02, 2.250989e+02
1.000000e+02, 3.545027e+02
1.000000e+02, 1.067700e+02
1.000000e+02, 7.456581e+01
1.000000e+02, 7.132442e+01
1.000000e+02, 7.170073e+01
1.000000e+02, 7.233474e+01
1.000000e+02, 7.363929e+01
1.000000e+02, 7.832782e+01
1.000000e+02, 9.035551e+01
1.000000e+02, 1.011932e+02
1.000000e+02, 9.491413e+01
1.000000e+02, 6.705571e+01
1.000000e+02, 4.585505e+01
1.000000e+02, 1.794502e+02
1.000000e+02, 2.679541e+02
1.000000e+02, 3.009539e+02
1.000000e+02, 3.374599e+02
1.000000e+02, 1.054427e+01
1.000000e+02, 2.031769e+01
1.000000e+02, 2.295457e+01
1.000000e+02, 2.270722e+01
1.000000e+02, 2.051027e+01
1.000000e+02, 1.780145e+01
1.000000e+02, 6.018718e+00
1.000000e+02, 1.573177e+02
1.000000e+02, 2.000991e+02
1.000000e+02, 1.935073e+02
1.000000e+02, 1.895634e+02
1.000000e+02, 1.863224e+02
1.000000e+02, 1.863657e+02
1.000000e+02, 1.838356e+02
1.000000e+02, 1.829947e+02
1.000000e+02, 1.806593e+02
1.000000e+02, 1.778087e+02
1.000000e+02, 1.752968e+02
1.000000e+02, 1.719938e+02
1.000000e+02, 1.661446e+02
1.000000e+02, 1.578575e+02
1.000000e+02, 1.476261e+02
1.000000e+02, 1.323228e+02
1.000000e+02, 1.151051e+02
1.000000e+02, 1.019393e+02
1.000000e+02, 9.527861e+01
1.000000e+02, 9.433177e+01
1.000000e+02, 9.457076e+01
1.000000e+02, 9.364723e+01
1.000000e+02, 9.278020e+01
1.000000e+02, 9.039545e+01
1.000000e+02, 8.630531e+01
1.000000e+02, 8.316698e+01
1.000000e+02, 7.597706e+01
1.000000e+02, 6.646864e+01
1.000000e+02, 5.763869e+01
1.000000e+02, 5.007529e+01
1.000000e+02, 4.444416e+01
1.000000e+02, 3.865377e+01
1.000000e+02, 3.402912e+01
1.000000e+02, 3.119995e+01
1.000000e+02, 2.975573e+01
1.000000e+02, 2.970718e+01
1.000000e+02, 1.883708e+02
1.000000e+02, 1.835442e+02
1.000000e+02, 1.822944e+02
1.000000e+02, 1.841764e+02
1.000000e+02, 1.868490e+02
1.000000e+02, 1.890290e+02
1.000000e+02, 1.903133e+02
1.000000e+02, 1.944606e+02
1.000000e+02, 1.997035e+02
1.000000e+02, 2.053845e+02
1.000000e+02, 2.137911e+02
1.000000e+02, 2.259297e+02
1.000000e+02, 2.397542e+02
1.000000e+02, 2.547239e+02
1.000000e+02, 2.689446e+02
1.000000e+02, 2.798496e+02
1.000000e+02, 2.902104e+02
1.000000e+02, 2.982259e+02
1.000000e+02, 3.056239e+02
1.000000e+02, 3.119142e+02
1.000000e+02, 3.182488e+02
1.000000e+02, 3.266493e+02
1.000000e+02, 3.389098e+02
1.000000e+02, 3.553205e+02
1.000000e+02, 1.466159e+01
1.000000e+02, 4.144235e+01
1.000000e+02, 5.743394e+01
1.000000e+02, 7.263219e+01
1.000000e+02, 7.959778e+01
1.000000e+02, 8.456685e+01
1.000000e+02, 8.746359e+01
1.000000e+02, 8.939967e+01
1.000000e+02, 9.204318e+01
1.000000e+02, 9.372121e+01
1.000000e+02, 1.026825e+02
1.000000e+02, 1.259380e+02
1.000000e+02, 1.602833e+02
1.000000e+02, 1.530637e+02
1.000000e+02, 1.289044e+02
1.000000e+02, 1.125840e+02
1.000000e+02, 1.017514e+02
1.000000e+02, 9.119472e+01
1.000000e+02, 8.597171e+01
1.000000e+02, 7.879429e+01
1.000000e+02, 7.593393e+01
1.000000e+02, 7.017117e+01
1.000000e+02, 6.560824e+01
1.000000e+02, 6.085754e+01
1.000000e+02, 5.833796e+01
1.000000e+02, 5.467546e+01
1.000000e+02, 5.327971e+01
1.000000e+02, 6.402429e+01
1.000000e+02, 9.786993e+01
1.000000e+02, 1.411671e+02
1.000000e+02, 1.579685e+02
1.000000e+02, 1.590984e+02
1.000000e+02, 1.602536e+02
1.000000e+02, 1.562186e+02
1.000000e+02, 1.525100e+02
1.000000e+02, 1.468405e+02
1.000000e+02, 1.411727e+02
1.000000e+02, 1.345322e+02
1.000000e+02, 1.229834e+02
1.000000e+02, 1.092886e+02
1.000000e+02, 8.561482e+01
1.000000e+02, 5.838282e+01
1.000000e+02, 3.372179e+01
1.000000e+02, 1.785391e+01
1.000000e+02, 5.397779e+00
1.000000e+02, 3.577789e+02
1.000000e+02, 3.524997e+02
1.000000e+02, 3.475884e+02
1.000000e+02, 3.440284e+02
1.000000e+02, 3.396557e+02
1.000000e+02, 3.338783e+02
1.000000e+02, 3.281816e+02
1.000000e+02, 2.566335e+02
1.000000e+02, 1.733174e+02
1.000000e+02, 1.640710e+02
1.000000e+02, 1.622277e+02
1.000000e+02, 1.576069e+02
1.000000e+02, 1.543433e+02
1.000000e+02, 1.531834e+02
1.000000e+02, 1.498949e+02
1.000000e+02, 1.481096e+02
1.000000e+02, 1.437368e+02
1.000000e+02, 1.395258e+02
1.000000e+02, 1.327179e+02
1.000000e+02, 1.265510e+02
1.000000e+02, 1.149932e+02
1.000000e+02, 9.869173e+01
1.000000e+02, 8.137090e+01
1.000000e+02, 5.978024e+01
1.000000e+02, 4.609637e+01
1.000000e+02, 3.663043e+01
1.000000e+02, 3.562905e+01
1.000000e+02, 4.446393e+01
1.000000e+02, 9.301898e+01
1.000000e+02, 1.903992e+02
1.000000e+02, 1.978662e+02
1.000000e+02, 2.018203e+02
1.000000e+02, 2.020700e+02
1.000000e+02, 2.027193e+02
1.000000e+02, 2.024786e+02
1.000000e+02, 2.033672e+02
1.000000e+02, 2.045553e+02
1.000000e+02, 2.034983e+02
1.000000e+02, 2.058739e+02
1.000000e+02, 2.078301e+02
1.000000e+02, 2.097080e+02
1.000000e+02, 2.158327e+02
1.000000e+02, 2.255171e+02
1.000000e+02, 3.044226e+02
1.000000e+02, 3.585287e+02
1.000000e+02, 1.124648e+01
1.000000e+02, 1.510832e+01
1.000000e+02, 1.701853e+01
1.000000e+02, 2.000264e+01
1.000000e+02, 2.065945e+01
1.000000e+02, 2.209672e+01
1.000000e+02, 2.297090e+01
1.000000e+02, 2.344027e+01
1.000000e+02, 2.408163e+01
1.000000e+02, 2.218799e+01
1.000000e+02, 2.082504e+01
1.000000e+02, 1.961082e+01
1.000000e+02, 1.408121e+01
1.000000e+02, 6.457260e+00
1.000000e+02, 3.538537e+02
1.000000e+02, 3.381280e+02
1.000000e+02, 3.196024e+02
1.000000e+02, 3.054075e+02
1.000000e+02, 2.908027e+02
1.000000e+02, 2.811917e+02
1.000000e+02, 2.735929e+02
1.000000e+02, 2.676963e+02
1.000000e+02, 2.616257e+02
1.000000e+02, 2.564471e+02
1.000000e+02, 2.491626e+02
1.000000e+02, 2.444123e+02
1.000000e+02, 2.379553e+02
1.000000e+02, 2.327886e+02
1.000000e+02, 2.260832e+02
1.000000e+02, 2.176978e+02
1.000000e+02, 2.093300e+02
1.000000e+02, 1.997349e+02
1.000000e+02, 1.863605e+02
1.000000e+02, 1.696608e+02
1.000000e+02, 1.413751e+02
1.000000e+02, 1.027809e+02
1.000000e+02, 7.314659e+01
1.000000e+02, 4.934796e+01
1.000000e+02, 3.236926e+01
1.000000e+02, 1.903446e+01
1.000000e+02, 1.002414e+01
1.000000e+02, 3.348718e+00
1.000000e+02, 3.598972e+02
1.000000e+02, 6.683718e+00
1.000000e+02, 3.980575e+01
1.000000e+02, 7.457545e+01
1.000000e+02, 8.993282e+01
1.000000e+02, 9.492965e+01
1.000000e+02, 9.598908e+01
1.000000e+02, 1.011544e+02
1.000000e+02, 1.077288e+02
1.000000e+02, 1.147062e+02
1.000000e+02, 1.246008e+02
1.000000e+02, 1.396590e+02
1.000000e+02, 1.572429e+02
1.000000e+02, 1.739597e+02
1.000000e+02, 1.895978e+02
1.000000e+02, 1.987972e+02
1.000000e+02, 2.061225e+02
1.000000e+02, 2.113900e+02
1.000000e+02, 2.143808e+02
1.000000e+02, 2.170688e+02
1.000000e+02, 2.169440e+02
1.000000e+02, 2.183647e+02
1.000000e+02, 2.145743e+02
1.000000e+02, 1.063293e+02
1.000000e+02, 5.518458e+01
1.000000e+02, 5.148325e+01
1.000000e+02, 5.408025e+01
1.000000e+02, 5.356695e+01
1.000000e+02, 5.713087e+01
1.000000e+02, 6.906240e+01
1.000000e+02, 1.041751e+02
1.000000e+02, 2.028226e+02
1.000000e+02, 2.239420e+02
1.000000e+02, 2.262861e+02
1.000000e+02, 2.301020e+02
1.000000e+02, 2.315702e+02
1.000000e+02, 2.257946e+02
1.000000e+02, 1.951941e+02
1.000000e+02, 9.741506e+01
1.000000e+02, 8.520652e+01
1.000000e+02, 7.887190e+01
1.000000e+02, 7.931542e+01
1.000000e+02, 7.909277e+01
1.000000e+02, 8.006437e+01
1.000000e+02, 8.360991e+01
1.000000e+02, 8.572977e+01
1.000000e+02, 1.043431e+02
1.000000e+02, 2.245284e+02
1.000000e+02, 2.490142e+02
1.000000e+02, 2.506347e+02
1.000000e+02, 2.536466e+02
1.000000e+02, 2.547875e+02
1.000000e+02, 2.564467e+02
1.000000e+02, 2.560143e+02
1.000000e+02, 2.558865e+02
1.000000e+02, 2.559914e+02
1.000000e+02, 1.606713e+02
1.000000e+02, 8.689360e+01
1.000000e+02, 8.716098e+01
1.000000e+02, 8.900403e+01
1.000000e+02, 9.172878e+01
1.000000e+02, 9.522213e+01
1.000000e+02, 9.983432e+01
1.000000e+02, 1.062848e+02
1.000000e+02, 1.147304e+02
1.000000e+02, 1.259692e+02
1.000000e+02, 1.356495e+02
1.000000e+02, 1.484447e+02
1.000000e+02, 1.581672e+02
1.000000e+02, 1.694968e+02
1.000000e+02, 1.766131e+02
1.000000e+02, 1.805155e+02
1.000000e+02, 1.807572e+02
1.000000e+02, 1.693395e+02
1.000000e+02, 9.813698e+01
1.000000e+02, 5.181621e+01
1.000000e+02, 4.291586e+01
1.000000e+02, 3.990822e+01
1.000000e+02, 3.935679e+01
1.000000e+02, 3.985663e+01
1.000000e+02, 4.187632e+01
1.000000e+02, 4.292854e+01
1.000000e+02, 4.786032e+01
1.000000e+02, 5.429660e+01
1.000000e+02, 6.597555e+01
1.000000e+02, 9.151364e+01
1.000000e+02, 1.279770e+02
1.000000e+02, 1.522086e+02
1.000000e+02, 1.603991e+02
1.000000e+02, 1.645902e+02
1.000000e+02, 1.575517e+02
1.000000e+02, 1.461474e+02
1.000000e+02, 1.214724e+02
1.000000e+02, 8.315342e+01
1.000000e+02, 5.128649e+01
1.000000e+02, 2.970955e+01
1.000000e+02, 1.709665e+01
1.000000e+02, 6.125748e+00
1.000000e+02, 3.574583e+02
1.000000e+02, 3.443075e+02
1.000000e+02, 3.304276e+02
1.000000e+02, 3.152380e+02
1.000000e+02, 3.006896e+02
1.000000e+02, 2.844828e+02
1.000000e+02, 2.741650e+02
1.000000e+02, 2.645292e+02
1.000000e+02, 2.585529e+02
1.000000e+02, 2.524915e+02
1.000000e+02, 2.482916e+02
1.000000e+02, 2.470530e+02
1.000000e+02, 2.483656e+02
1.000000e+02, 2.499846e+02
1.000000e+02, 2.564818e+02
1.000000e+02, 2.652444e+02
1.000000e+02, 2.769209e+02
1.000000e+02, 2.860067e+02
1.000000e+02, 2.952927e+02
1.000000e+02, 2.996874e+02
1.000000e+02, 3.022129e+02
1.000000e+02, 3.038046e+02
1.000000e+02, 3.049101e+02
1.000000e+02, 3.050040e+02
1.000000e+02, 3.053126e+02
1.000000e+02, 3.049039e+02
1.000000e+02, 3.094113e+02
1.000000e+02, 3.188281e+02
1.000000e+02, 4.147992e+01
1.000000e+02, 1.139582e+02
1.000000e+02, 1.255909e+02
1.000000e+02, 1.290820e+02
1.000000e+02, 1.355998e+02
1.000000e+02, 1.390610e+02
1.000000e+02, 1.501287e+02
1.000000e+02, 1.724881e+02
1.000000e+02, 2.323183e+02
1.000000e+02, 2.823625e+02
1.000000e+02, 3.041282e+02
1.000000e+02, 3.180970e+02
1.000000e+02, 3.304016e+02
1.000000e+02, 3.436780e+02
1.000000e+02, 3.577064e+02
1.000000e+02, 1.310095e+01
1.000000e+02, 2.927295e+01
1.000000e+02, 4.055829e+01
1.000000e+02, 5.046014e+01
1.000000e+02, 5.630184e+01
1.000000e+02, 6.193404e+01
1.000000e+02, 6.559386e+01
1.000000e+02, 6.683980e+01
1.000000e+02, 6.941103e+01
1.000000e+02, 7.053726e+01
1.000000e+02, 6.862170e+01
1.000000e+02, 6.630435e+01
1.000000e+02, 6.893172e+01
1.000000e+02, 6.816686e+01
1.000000e+02, 6.931082e+01
1.000000e+02, 7.081999e+01
1.000000e+02, 9.156207e+01
1.000000e+02, 1.671421e+02
1.000000e+02, 2.014758e+02
1.000000e+02, 2.019633e+02
1.000000e+02, 1.962895e+02
1.000000e+02, 1.824517e+02
1.000000e+02, 1.668223e+02
1.000000e+02, 1.528162e+02
1.000000e+02, 1.414710e+02
1.000000e+02, 1.338048e+02
1.000000e+02, 1.292040e+02
1.000000e+02, 1.261053e+02
1.000000e+02, 1.223935e+02
1.000000e+02, 1.237885e+02
1.000000e+02, 1.235592e+02
1.000000e+02, 1.217019e+02
1.000000e+02, 1.441802e+01
1.000000e+02, 3.034772e+02
1.000000e+02, 3.110588e+02
1.000000e+02, 3.255629e+02
1.000000e+02, 3.564162e+02
1.000000e+02, 4.588007e+01
1.000000e+02, 6.874876e+01
1.000000e+02, 7.821217e+01
1.000000e+02, 8.133207e+01
1.000000e+02, 8.227994e+01
1.000000e+02, 8.177612e+01
1.000000e+02, 7.783565e+01
1.000000e+02, 7.421029e+01
1.000000e+02, 6.941056e+01
1.000000e+02, 6.157797e+01
1.000000e+02, 5.251858e+01
1.000000e+02, 3.806447e+01
1.000000e+02, 2.191186e+01
1.000000e+02, 5.371928e+00
1.000000e+02, 3.516277e+02
1.000000e+02, 3.422901e+02
1.000000e+02, 3.361337e+02
1.000000e+02, 3.314991e+02
1.000000e+02, 3.375067e+02
1.000000e+02, 6.843860e+01
1.000000e+02, 1.369879e+02
1.000000e+02, 1.428334e+02
1.000000e+02, 1.431020e+02
1.000000e+02, 1.417707e+02
1.000000e+02, 1.393904e+02
1.000000e+02, 1.383547e+02
1.000000e+02, 1.367550e+02
1.000000e+02, 1.335715e+02
1.000000e+02, 1.313041e+02
1.000000e+02, 1.288568e+02
1.000000e+02, 1.266676e+02
1.000000e+02, 1.209776e+02
1.000000e+02, 1.125777e+02
1.000000e+02, 1.169029e+02
1.000000e+02, 1.507442e+02
1.000000e+02, 3.077582e+02
1.000000e+02, 2.640304e+02
1.000000e+02, 1.290852e+02
1.000000e+02, 1.385362e+02
1.000000e+02, 1.402715e+02
1.000000e+02, 1.397444e+02
1.000000e+02, 1.371690e+02
1.000000e+02, 1.321977e+02
1.000000e+02, 1.216257e+02
1.000000e+02, 9.078342e+01
1.000000e+02, 3.556269e+01
1.000000e+02, 7.495135e+00
1.000000e+02, 3.569544e+02
1.000000e+02, 3.517828e+02
1.000000e+02, 3.484369e+02
1.000000e+02, 3.469322e+02
1.000000e+02, 3.447957e+02
1.000000e+02, 3.444494e+02
1.000000e+02, 3.450865e+02
1.000000e+02, 3.436253e+02
1.000000e+02, 3.479286e+02
1.000000e+02, 1.080009e+02
1.000000e+02, 1.702925e+02
1.000000e+02, 1.695323e+02
1.000000e+02, 1.690129e+02
1.000000e+02, 1.688188e+02
1.000000e+02, 1.658110e+02
1.000000e+02, 1.650296e+02
1.000000e+02, 1.614810e+02
1.000000e+02, 1.577368e+02
1.000000e+02, 1.476997e+02
1.000000e+02, 6.890492e+01
1.000000e+02, 2.228148e+01
1.000000e+02, 1.223226e+01
1.000000e+02, 8.846524e+00
1.000000e+02, 4.031777e+00
1.000000e+02, 3.446913e+00
1.000000e+02, 4.107183e-01
##END=