##TITLE=auto
##------------Pulse PARAMETERS -----------
##Carrier  = 0.00 ppm
##SpecFreq = 470.60 MHz
##Regions: All: -172.00-172.00(200) 
##Targets: All: Iz->-Iz 
##Total_Duration = 750.00 us
##Iterations = 5000 
##Maximum_Amplitude        = 15600.00 Hz
##Equivalent_fullpower_90o = 16.03 us
###fidelity = 0.00240512 Hz (pulse: 0.00240512  miss: -nan)
##MINX= 1.000000E02
##MAXX= 1.000000E02
##MINY= 0.000000E00
##MAXY= 3.600000E02
##$SHAPE_EXMODE= Inversion
##$SHAPE_TOTROT= 180.000000
##$SHAPE_TYPE= Inversion
##$SHAPE_USER_DEF= 
##$SHAPE_REPHFAC= 
##$SHAPE_BWFAC= 1.0000E00
##$SHAPE_BWFAC50= 
##$SHAPE_INTEGFAC= 4.274E-02
##$SHAPE_MODE= 0
##NPOINTS= 1500
##XYPOINTS= (XY..XY)
1.000000e+02, 1.272704e+01
1.000000e+02, 1.716149e+01
1.000000e+02, 2.081794e+01
1.000000e+02, 2.260725e+02
1.000000e+02, 8.242673e+01
1.000000e+02, 1.002498e+02
1.000000e+02, 1.070279e+02
1.000000e+02, 1.143321e+02
1.000000e+02, 1.320581e+02
1.000000e+02, 1.509244e+02
1.000000e+02, 1.911060e+02
1.000000e+02, 2.515474e+02
1.000000e+02, 2.772847e+02
1.000000e+02, 2.926154e+02
1.000000e+02, 3.019360e+02
1.000000e+02, 3.065467e+02
1.000000e+02, 3.089762e+02
1.000000e+02, 3.130107e+02
1.000000e+02, 3.168839e+02
1.000000e+02, 3.208604e+02
1.000000e+02, 3.273529e+02
1.000000e+02, 3.324754e+02
1.000000e+02, 3.400060e+02
1.000000e+02, 3.491140e+02
1.000000e+02, 6.380894e-01
1.000000e+02, 1.474912e+01
1.000000e+02, 3.235784e+01
1.000000e+02, 5.523601e+01
1.000000e+02, 8.298206e+01
1.000000e+02, 1.140444e+02
1.000000e+02, 1.428524e+02
1.000000e+02, 1.632927e+02
1.000000e+02, 1.786841e+02
1.000000e+02, 1.906646e+02
1.000000e+02, 2.012050e+02
1.000000e+02, 2.096622e+02
1.000000e+02, 2.156594e+02
1.000000e+02, 2.196954e+02
1.000000e+02, 2.234185e+02
1.000000e+02, 2.254088e+02
1.000000e+02, 2.262782e+02
1.000000e+02, 2.262776e+02
1.000000e+02, 2.250474e+02
1.000000e+02, 2.222913e+02
1.000000e+02, 2.182579e+02
1.000000e+02, 2.129305e+02
1.000000e+02, 2.058583e+02
1.000000e+02, 1.976077e+02
1.000000e+02, 1.881198e+02
1.000000e+02, 1.780091e+02
1.000000e+02, 1.678778e+02
1.000000e+02, 1.579244e+02
1.000000e+02, 1.478965e+02
1.000000e+02, 1.373626e+02
1.000000e+02, 1.255944e+02
1.000000e+02, 1.128200e+02
1.000000e+02, 9.502248e+01
1.000000e+02, 6.805213e+01
1.000000e+02, 2.770469e+01
1.000000e+02, 3.406026e+02
1.000000e+02, 2.945143e+02
1.000000e+02, 2.548709e+02
1.000000e+02, 2.158165e+02
1.000000e+02, 1.733555e+02
1.000000e+02, 1.324532e+02
1.000000e+02, 1.028803e+02
1.000000e+02, 8.502014e+01
1.000000e+02, 7.479609e+01
1.000000e+02, 7.087717e+01
1.000000e+02, 6.781438e+01
1.000000e+02, 6.583122e+01
1.000000e+02, 6.599649e+01
1.000000e+02, 6.667247e+01
1.000000e+02, 6.712203e+01
1.000000e+02, 6.925886e+01
1.000000e+02, 7.139827e+01
1.000000e+02, 7.256777e+01
1.000000e+02, 7.444466e+01
1.000000e+02, 7.445096e+01
1.000000e+02, 7.164509e+01
1.000000e+02, 6.009922e+01
1.000000e+02, 1.619748e+01
1.000000e+02, 2.820685e+02
1.000000e+02, 2.536837e+02
1.000000e+02, 2.472963e+02
1.000000e+02, 2.466109e+02
1.000000e+02, 2.489312e+02
1.000000e+02, 2.564175e+02
1.000000e+02, 2.733532e+02
1.000000e+02, 2.988021e+02
1.000000e+02, 3.265491e+02
1.000000e+02, 3.447401e+02
1.000000e+02, 3.549255e+02
1.000000e+02, 2.822121e+00
1.000000e+02, 9.021952e+00
1.000000e+02, 1.270732e+01
1.000000e+02, 1.652751e+01
1.000000e+02, 2.046646e+01
1.000000e+02, 2.321484e+01
1.000000e+02, 2.655690e+01
1.000000e+02, 2.906788e+01
1.000000e+02, 3.187225e+01
1.000000e+02, 3.477920e+01
1.000000e+02, 3.798332e+01
1.000000e+02, 4.148978e+01
1.000000e+02, 4.540275e+01
1.000000e+02, 5.123222e+01
1.000000e+02, 5.835943e+01
1.000000e+02, 6.891239e+01
1.000000e+02, 8.565108e+01
1.000000e+02, 1.099172e+02
1.000000e+02, 1.404827e+02
1.000000e+02, 1.636750e+02
1.000000e+02, 1.799189e+02
1.000000e+02, 1.918237e+02
1.000000e+02, 2.099632e+02
1.000000e+02, 2.487289e+02
1.000000e+02, 3.331857e+02
1.000000e+02, 3.260248e+02
1.000000e+02, 3.297397e+02
1.000000e+02, 3.294094e+02
1.000000e+02, 3.279937e+02
1.000000e+02, 3.249846e+02
1.000000e+02, 3.208286e+02
1.000000e+02, 3.180467e+02
1.000000e+02, 3.147107e+02
1.000000e+02, 3.108242e+02
1.000000e+02, 3.067908e+02
1.000000e+02, 3.031242e+02
1.000000e+02, 3.000452e+02
1.000000e+02, 2.974128e+02
1.000000e+02, 2.950483e+02
1.000000e+02, 2.929973e+02
1.000000e+02, 2.910719e+02
1.000000e+02, 2.889689e+02
1.000000e+02, 2.873072e+02
1.000000e+02, 2.830140e+02
1.000000e+02, 2.690226e+02
1.000000e+02, 2.364634e+02
1.000000e+02, 1.770033e+02
1.000000e+02, 1.705872e+02
1.000000e+02, 1.632854e+02
1.000000e+02, 1.613680e+02
1.000000e+02, 1.594309e+02
1.000000e+02, 1.595273e+02
1.000000e+02, 1.600400e+02
1.000000e+02, 1.602942e+02
1.000000e+02, 1.607770e+02
1.000000e+02, 1.610825e+02
1.000000e+02, 1.615082e+02
1.000000e+02, 1.620519e+02
1.000000e+02, 1.629276e+02
1.000000e+02, 1.637383e+02
1.000000e+02, 1.644428e+02
1.000000e+02, 1.652964e+02
1.000000e+02, 1.663475e+02
1.000000e+02, 1.668781e+02
1.000000e+02, 1.673840e+02
1.000000e+02, 1.676608e+02
1.000000e+02, 1.686647e+02
1.000000e+02, 1.691700e+02
1.000000e+02, 1.697881e+02
1.000000e+02, 1.726317e+02
1.000000e+02, 1.740097e+02
1.000000e+02, 3.348803e+02
1.000000e+02, 1.011904e+01
1.000000e+02, 1.227997e+01
1.000000e+02, 1.166017e+01
1.000000e+02, 1.377999e+01
1.000000e+02, 1.554856e+01
1.000000e+02, 1.487493e+01
1.000000e+02, 1.191915e+01
1.000000e+02, 1.388934e+00
1.000000e+02, 3.289253e+02
1.000000e+02, 2.838357e+02
1.000000e+02, 2.626397e+02
1.000000e+02, 2.548048e+02
1.000000e+02, 2.545649e+02
1.000000e+02, 2.552315e+02
1.000000e+02, 2.588016e+02
1.000000e+02, 2.620247e+02
1.000000e+02, 2.665634e+02
1.000000e+02, 2.720468e+02
1.000000e+02, 2.777952e+02
1.000000e+02, 2.843372e+02
1.000000e+02, 2.914626e+02
1.000000e+02, 2.987940e+02
1.000000e+02, 3.059586e+02
1.000000e+02, 3.140131e+02
1.000000e+02, 3.220898e+02
1.000000e+02, 3.316597e+02
1.000000e+02, 3.437737e+02
1.000000e+02, 1.842534e+00
1.000000e+02, 3.346066e+01
1.000000e+02, 8.226627e+01
1.000000e+02, 1.122720e+02
1.000000e+02, 1.293329e+02
1.000000e+02, 1.393749e+02
1.000000e+02, 1.457241e+02
1.000000e+02, 1.513090e+02
1.000000e+02, 1.544373e+02
1.000000e+02, 1.576972e+02
1.000000e+02, 1.607842e+02
1.000000e+02, 1.626000e+02
1.000000e+02, 1.646560e+02
1.000000e+02, 1.667062e+02
1.000000e+02, 1.684381e+02
1.000000e+02, 1.701199e+02
1.000000e+02, 1.718554e+02
1.000000e+02, 1.733368e+02
1.000000e+02, 1.749435e+02
1.000000e+02, 1.770178e+02
1.000000e+02, 1.799654e+02
1.000000e+02, 1.843492e+02
1.000000e+02, 1.872204e+02
1.000000e+02, 1.838820e+02
1.000000e+02, 3.502205e+02
1.000000e+02, 3.472327e+02
1.000000e+02, 3.435882e+02
1.000000e+02, 3.453492e+02
1.000000e+02, 3.460248e+02
1.000000e+02, 3.472837e+02
1.000000e+02, 3.490720e+02
1.000000e+02, 3.512329e+02
1.000000e+02, 3.542847e+02
1.000000e+02, 3.576964e+02
1.000000e+02, 3.873944e+00
1.000000e+02, 1.104416e+01
1.000000e+02, 2.069638e+01
1.000000e+02, 3.312830e+01
1.000000e+02, 4.702198e+01
1.000000e+02, 6.138665e+01
1.000000e+02, 7.303237e+01
1.000000e+02, 8.146452e+01
1.000000e+02, 8.728053e+01
1.000000e+02, 9.129615e+01
1.000000e+02, 9.351818e+01
1.000000e+02, 9.413755e+01
1.000000e+02, 9.379214e+01
1.000000e+02, 9.263296e+01
1.000000e+02, 9.099000e+01
1.000000e+02, 8.851879e+01
1.000000e+02, 8.477409e+01
1.000000e+02, 8.015952e+01
1.000000e+02, 7.428013e+01
1.000000e+02, 6.324285e+01
1.000000e+02, 4.833422e+01
1.000000e+02, 1.929940e+01
1.000000e+02, 3.265408e+02
1.000000e+02, 2.924257e+02
1.000000e+02, 3.177936e+02
1.000000e+02, 2.613563e+02
1.000000e+02, 8.847821e+01
1.000000e+02, 7.914506e+01
1.000000e+02, 7.634198e+01
1.000000e+02, 7.539458e+01
1.000000e+02, 7.323280e+01
1.000000e+02, 6.962428e+01
1.000000e+02, 7.140485e+01
1.000000e+02, 6.943813e+01
1.000000e+02, 6.893679e+01
1.000000e+02, 6.919306e+01
1.000000e+02, 6.915360e+01
1.000000e+02, 6.904033e+01
1.000000e+02, 6.896376e+01
1.000000e+02, 6.934889e+01
1.000000e+02, 7.043385e+01
1.000000e+02, 7.272319e+01
1.000000e+02, 7.771827e+01
1.000000e+02, 8.695554e+01
1.000000e+02, 1.040812e+02
1.000000e+02, 1.300440e+02
1.000000e+02, 1.487062e+02
1.000000e+02, 1.580801e+02
1.000000e+02, 1.610475e+02
1.000000e+02, 1.664818e+02
1.000000e+02, 1.687273e+02
1.000000e+02, 1.723279e+02
1.000000e+02, 1.747139e+02
1.000000e+02, 1.794330e+02
1.000000e+02, 1.855250e+02
1.000000e+02, 1.938336e+02
1.000000e+02, 2.033905e+02
1.000000e+02, 2.148681e+02
1.000000e+02, 2.261959e+02
1.000000e+02, 2.368291e+02
1.000000e+02, 2.458413e+02
1.000000e+02, 2.530655e+02
1.000000e+02, 2.587121e+02
1.000000e+02, 2.629622e+02
1.000000e+02, 2.666971e+02
1.000000e+02, 2.693241e+02
1.000000e+02, 2.717121e+02
1.000000e+02, 2.735509e+02
1.000000e+02, 2.753171e+02
1.000000e+02, 2.758451e+02
1.000000e+02, 2.769873e+02
1.000000e+02, 2.779828e+02
1.000000e+02, 2.778890e+02
1.000000e+02, 2.781674e+02
1.000000e+02, 2.774425e+02
1.000000e+02, 2.758781e+02
1.000000e+02, 2.723696e+02
1.000000e+02, 2.660660e+02
1.000000e+02, 2.539851e+02
1.000000e+02, 2.325205e+02
1.000000e+02, 2.051975e+02
1.000000e+02, 1.844818e+02
1.000000e+02, 1.742834e+02
1.000000e+02, 1.706203e+02
1.000000e+02, 1.713976e+02
1.000000e+02, 1.755887e+02
1.000000e+02, 1.819641e+02
1.000000e+02, 1.898938e+02
1.000000e+02, 1.988288e+02
1.000000e+02, 2.077809e+02
1.000000e+02, 2.157305e+02
1.000000e+02, 2.234469e+02
1.000000e+02, 2.300319e+02
1.000000e+02, 2.347951e+02
1.000000e+02, 2.390943e+02
1.000000e+02, 2.425027e+02
1.000000e+02, 2.452325e+02
1.000000e+02, 2.471271e+02
1.000000e+02, 2.482641e+02
1.000000e+02, 2.485166e+02
1.000000e+02, 2.475360e+02
1.000000e+02, 2.440670e+02
1.000000e+02, 2.369280e+02
1.000000e+02, 2.215865e+02
1.000000e+02, 1.920014e+02
1.000000e+02, 1.562632e+02
1.000000e+02, 1.352024e+02
1.000000e+02, 1.224317e+02
1.000000e+02, 1.176817e+02
1.000000e+02, 1.141454e+02
1.000000e+02, 1.125947e+02
1.000000e+02, 1.114664e+02
1.000000e+02, 1.108997e+02
1.000000e+02, 1.089560e+02
1.000000e+02, 1.055489e+02
1.000000e+02, 9.723760e+01
1.000000e+02, 6.874820e+01
1.000000e+02, 1.413245e+00
1.000000e+02, 3.288802e+02
1.000000e+02, 3.208680e+02
1.000000e+02, 3.186249e+02
1.000000e+02, 3.201689e+02
1.000000e+02, 3.235277e+02
1.000000e+02, 3.270891e+02
1.000000e+02, 3.323960e+02
1.000000e+02, 3.394238e+02
1.000000e+02, 3.472385e+02
1.000000e+02, 3.565662e+02
1.000000e+02, 7.289870e+00
1.000000e+02, 1.950252e+01
1.000000e+02, 3.221539e+01
1.000000e+02, 4.515222e+01
1.000000e+02, 5.782347e+01
1.000000e+02, 6.971990e+01
1.000000e+02, 8.091245e+01
1.000000e+02, 9.154402e+01
1.000000e+02, 1.019198e+02
1.000000e+02, 1.124836e+02
1.000000e+02, 1.229451e+02
1.000000e+02, 1.341990e+02
1.000000e+02, 1.457453e+02
1.000000e+02, 1.579318e+02
1.000000e+02, 1.703899e+02
1.000000e+02, 1.826145e+02
1.000000e+02, 1.943400e+02
1.000000e+02, 2.052326e+02
1.000000e+02, 2.151640e+02
1.000000e+02, 2.258924e+02
1.000000e+02, 2.368922e+02
1.000000e+02, 2.500278e+02
1.000000e+02, 2.706998e+02
1.000000e+02, 3.082007e+02
1.000000e+02, 3.452010e+02
1.000000e+02, 6.504683e+00
1.000000e+02, 1.690529e+01
1.000000e+02, 2.253659e+01
1.000000e+02, 2.604665e+01
1.000000e+02, 2.677243e+01
1.000000e+02, 2.599204e+01
1.000000e+02, 2.071437e+01
1.000000e+02, 1.005369e+01
1.000000e+02, 3.494122e+02
1.000000e+02, 3.163858e+02
1.000000e+02, 2.897822e+02
1.000000e+02, 2.746104e+02
1.000000e+02, 2.677228e+02
1.000000e+02, 2.641602e+02
1.000000e+02, 2.634141e+02
1.000000e+02, 2.631664e+02
1.000000e+02, 2.647442e+02
1.000000e+02, 2.663293e+02
1.000000e+02, 2.693640e+02
1.000000e+02, 2.726561e+02
1.000000e+02, 2.773819e+02
1.000000e+02, 2.830110e+02
1.000000e+02, 2.908872e+02
1.000000e+02, 3.012690e+02
1.000000e+02, 3.135007e+02
1.000000e+02, 3.271142e+02
1.000000e+02, 3.417179e+02
1.000000e+02, 3.542962e+02
1.000000e+02, 4.894981e+00
1.000000e+02, 1.299030e+01
1.000000e+02, 1.907854e+01
1.000000e+02, 2.435850e+01
1.000000e+02, 2.844655e+01
1.000000e+02, 3.177782e+01
1.000000e+02, 3.476256e+01
1.000000e+02, 3.749709e+01
1.000000e+02, 4.011561e+01
1.000000e+02, 4.272072e+01
1.000000e+02, 4.656206e+01
1.000000e+02, 5.090729e+01
1.000000e+02, 5.789561e+01
1.000000e+02, 6.803164e+01
1.000000e+02, 8.347892e+01
1.000000e+02, 1.023261e+02
1.000000e+02, 1.191375e+02
1.000000e+02, 1.307721e+02
1.000000e+02, 1.355179e+02
1.000000e+02, 1.357039e+02
1.000000e+02, 1.314456e+02
1.000000e+02, 1.235307e+02
1.000000e+02, 1.130640e+02
1.000000e+02, 9.904408e+01
1.000000e+02, 8.347170e+01
1.000000e+02, 6.837033e+01
1.000000e+02, 5.426126e+01
1.000000e+02, 4.220870e+01
1.000000e+02, 3.223741e+01
1.000000e+02, 2.337567e+01
1.000000e+02, 1.599977e+01
1.000000e+02, 9.365639e+00
1.000000e+02, 3.336697e+00
1.000000e+02, 3.582941e+02
1.000000e+02, 3.532474e+02
1.000000e+02, 3.486804e+02
1.000000e+02, 3.443523e+02
1.000000e+02, 3.402552e+02
1.000000e+02, 3.360737e+02
1.000000e+02, 3.317903e+02
1.000000e+02, 3.264950e+02
1.000000e+02, 3.170816e+02
1.000000e+02, 2.711119e+02
1.000000e+02, 1.602235e+02
1.000000e+02, 1.474897e+02
1.000000e+02, 1.411640e+02
1.000000e+02, 1.372071e+02
1.000000e+02, 1.343869e+02
1.000000e+02, 1.321722e+02
1.000000e+02, 1.295989e+02
1.000000e+02, 1.279067e+02
1.000000e+02, 1.253276e+02
1.000000e+02, 1.229594e+02
1.000000e+02, 1.203441e+02
1.000000e+02, 1.160551e+02
1.000000e+02, 1.095779e+02
1.000000e+02, 9.259049e+01
1.000000e+02, 3.709465e+01
1.000000e+02, 3.437476e+02
1.000000e+02, 3.273894e+02
1.000000e+02, 3.209682e+02
1.000000e+02, 3.189220e+02
1.000000e+02, 3.172017e+02
1.000000e+02, 3.170926e+02
1.000000e+02, 3.174030e+02
1.000000e+02, 3.183752e+02
1.000000e+02, 3.200802e+02
1.000000e+02, 3.225162e+02
1.000000e+02, 3.261929e+02
1.000000e+02, 3.303902e+02
1.000000e+02, 3.356690e+02
1.000000e+02, 3.422709e+02
1.000000e+02, 3.506285e+02
1.000000e+02, 2.392857e-01
1.000000e+02, 1.088859e+01
1.000000e+02, 2.223059e+01
1.000000e+02, 3.329589e+01
1.000000e+02, 4.311011e+01
1.000000e+02, 5.249596e+01
1.000000e+02, 6.131176e+01
1.000000e+02, 6.978487e+01
1.000000e+02, 7.923312e+01
1.000000e+02, 9.082592e+01
1.000000e+02, 1.057690e+02
1.000000e+02, 1.257737e+02
1.000000e+02, 1.490610e+02
1.000000e+02, 1.707101e+02
1.000000e+02, 1.871282e+02
1.000000e+02, 1.980370e+02
1.000000e+02, 2.042475e+02
1.000000e+02, 2.077734e+02
1.000000e+02, 2.092681e+02
1.000000e+02, 2.087356e+02
1.000000e+02, 2.056601e+02
1.000000e+02, 1.995980e+02
1.000000e+02, 1.885536e+02
1.000000e+02, 1.678440e+02
1.000000e+02, 1.414452e+02
1.000000e+02, 1.165774e+02
1.000000e+02, 1.002557e+02
1.000000e+02, 8.968716e+01
1.000000e+02, 8.226632e+01
1.000000e+02, 7.548190e+01
1.000000e+02, 6.897855e+01
1.000000e+02, 4.520226e+01
1.000000e+02, 2.777937e+02
1.000000e+02, 2.684379e+02
1.000000e+02, 2.639874e+02
1.000000e+02, 2.604655e+02
1.000000e+02, 2.562866e+02
1.000000e+02, 2.530806e+02
1.000000e+02, 2.496753e+02
1.000000e+02, 2.464775e+02
1.000000e+02, 2.434105e+02
1.000000e+02, 2.399781e+02
1.000000e+02, 2.363829e+02
1.000000e+02, 2.320631e+02
1.000000e+02, 2.274080e+02
1.000000e+02, 2.224993e+02
1.000000e+02, 2.166904e+02
1.000000e+02, 2.103598e+02
1.000000e+02, 2.038572e+02
1.000000e+02, 1.966611e+02
1.000000e+02, 1.891148e+02
1.000000e+02, 1.813219e+02
1.000000e+02, 1.732314e+02
1.000000e+02, 1.655158e+02
1.000000e+02, 1.581702e+02
1.000000e+02, 1.521221e+02
1.000000e+02, 1.462692e+02
1.000000e+02, 1.408532e+02
1.000000e+02, 1.362452e+02
1.000000e+02, 1.322381e+02
1.000000e+02, 1.287575e+02
1.000000e+02, 1.260846e+02
1.000000e+02, 1.243647e+02
1.000000e+02, 1.241546e+02
1.000000e+02, 1.299000e+02
1.000000e+02, 1.517162e+02
1.000000e+02, 2.336203e+02
1.000000e+02, 2.547647e+02
1.000000e+02, 2.556993e+02
1.000000e+02, 2.522237e+02
1.000000e+02, 2.392526e+02
1.000000e+02, 2.182553e+02
1.000000e+02, 1.939727e+02
1.000000e+02, 1.741348e+02
1.000000e+02, 1.612770e+02
1.000000e+02, 1.518345e+02
1.000000e+02, 1.446791e+02
1.000000e+02, 1.394960e+02
1.000000e+02, 1.330941e+02
1.000000e+02, 1.289146e+02
1.000000e+02, 1.240522e+02
1.000000e+02, 1.191291e+02
1.000000e+02, 1.131359e+02
1.000000e+02, 1.053893e+02
1.000000e+02, 9.468818e+01
1.000000e+02, 8.009085e+01
1.000000e+02, 6.027403e+01
1.000000e+02, 3.916065e+01
1.000000e+02, 2.115837e+01
1.000000e+02, 7.554592e+00
1.000000e+02, 3.589239e+02
1.000000e+02, 3.524006e+02
1.000000e+02, 3.477685e+02
1.000000e+02, 3.437144e+02
1.000000e+02, 3.408796e+02
1.000000e+02, 3.383776e+02
1.000000e+02, 3.357044e+02
1.000000e+02, 3.330295e+02
1.000000e+02, 3.302047e+02
1.000000e+02, 3.267884e+02
1.000000e+02, 3.224091e+02
1.000000e+02, 3.160416e+02
1.000000e+02, 3.059008e+02
1.000000e+02, 2.902344e+02
1.000000e+02, 2.683748e+02
1.000000e+02, 2.442849e+02
1.000000e+02, 2.260218e+02
1.000000e+02, 2.138759e+02
1.000000e+02, 2.067702e+02
1.000000e+02, 2.030104e+02
1.000000e+02, 2.001028e+02
1.000000e+02, 1.987452e+02
1.000000e+02, 1.979175e+02
1.000000e+02, 1.979134e+02
1.000000e+02, 1.978954e+02
1.000000e+02, 1.983514e+02
1.000000e+02, 1.988459e+02
1.000000e+02, 1.991277e+02
1.000000e+02, 1.992839e+02
1.000000e+02, 1.983421e+02
1.000000e+02, 1.964131e+02
1.000000e+02, 1.927619e+02
1.000000e+02, 1.839899e+02
1.000000e+02, 1.665895e+02
1.000000e+02, 1.401746e+02
1.000000e+02, 1.156002e+02
1.000000e+02, 1.040146e+02
1.000000e+02, 9.944443e+01
1.000000e+02, 9.706234e+01
1.000000e+02, 9.747044e+01
1.000000e+02, 9.846015e+01
1.000000e+02, 1.008189e+02
1.000000e+02, 1.036181e+02
1.000000e+02, 1.069120e+02
1.000000e+02, 1.110628e+02
1.000000e+02, 1.170314e+02
1.000000e+02, 1.248841e+02
1.000000e+02, 1.369113e+02
1.000000e+02, 1.588170e+02
1.000000e+02, 2.000857e+02
1.000000e+02, 2.463363e+02
1.000000e+02, 2.728324e+02
1.000000e+02, 2.877101e+02
1.000000e+02, 2.962323e+02
1.000000e+02, 3.037019e+02
1.000000e+02, 3.102717e+02
1.000000e+02, 3.159917e+02
1.000000e+02, 3.218169e+02
1.000000e+02, 3.282995e+02
1.000000e+02, 3.349945e+02
1.000000e+02, 3.422610e+02
1.000000e+02, 3.500933e+02
1.000000e+02, 3.580452e+02
1.000000e+02, 6.506275e+00
1.000000e+02, 1.470390e+01
1.000000e+02, 2.246628e+01
1.000000e+02, 2.960708e+01
1.000000e+02, 3.596261e+01
1.000000e+02, 4.166193e+01
1.000000e+02, 4.671349e+01
1.000000e+02, 5.067945e+01
1.000000e+02, 5.423979e+01
1.000000e+02, 5.709607e+01
1.000000e+02, 5.920476e+01
1.000000e+02, 6.155484e+01
1.000000e+02, 6.265966e+01
1.000000e+02, 6.347624e+01
1.000000e+02, 6.409095e+01
1.000000e+02, 6.407232e+01
1.000000e+02, 6.387258e+01
1.000000e+02, 6.358387e+01
1.000000e+02, 6.149159e+01
1.000000e+02, 5.925334e+01
1.000000e+02, 5.451262e+01
1.000000e+02, 4.750165e+01
1.000000e+02, 3.705675e+01
1.000000e+02, 1.231173e+01
1.000000e+02, 3.435898e+02
1.000000e+02, 3.355001e+02
1.000000e+02, 3.442415e+02
1.000000e+02, 1.612355e+01
1.000000e+02, 7.982680e+01
1.000000e+02, 1.193882e+02
1.000000e+02, 1.336690e+02
1.000000e+02, 1.393079e+02
1.000000e+02, 1.431122e+02
1.000000e+02, 1.460840e+02
1.000000e+02, 1.485320e+02
1.000000e+02, 1.519005e+02
1.000000e+02, 1.560702e+02
1.000000e+02, 1.609163e+02
1.000000e+02, 1.669803e+02
1.000000e+02, 1.739911e+02
1.000000e+02, 1.810602e+02
1.000000e+02, 1.886368e+02
1.000000e+02, 1.955508e+02
1.000000e+02, 2.027211e+02
1.000000e+02, 2.082902e+02
1.000000e+02, 2.114098e+02
1.000000e+02, 2.132324e+02
1.000000e+02, 2.126213e+02
1.000000e+02, 2.091424e+02
1.000000e+02, 2.008330e+02
1.000000e+02, 1.864372e+02
1.000000e+02, 1.654935e+02
1.000000e+02, 1.458103e+02
1.000000e+02, 1.310880e+02
1.000000e+02, 1.219702e+02
1.000000e+02, 1.168051e+02
1.000000e+02, 1.125449e+02
1.000000e+02, 1.099839e+02
1.000000e+02, 1.081034e+02
1.000000e+02, 1.070636e+02
1.000000e+02, 1.062610e+02
1.000000e+02, 1.056951e+02
1.000000e+02, 1.054752e+02
1.000000e+02, 1.059377e+02
1.000000e+02, 1.063257e+02
1.000000e+02, 1.073769e+02
1.000000e+02, 1.081005e+02
1.000000e+02, 1.096388e+02
1.000000e+02, 1.115705e+02
1.000000e+02, 1.148151e+02
1.000000e+02, 1.187412e+02
1.000000e+02, 1.242476e+02
1.000000e+02, 1.320439e+02
1.000000e+02, 1.439632e+02
1.000000e+02, 1.620436e+02
1.000000e+02, 1.858298e+02
1.000000e+02, 2.116846e+02
1.000000e+02, 2.333193e+02
1.000000e+02, 2.503740e+02
1.000000e+02, 2.633279e+02
1.000000e+02, 2.735124e+02
1.000000e+02, 2.836418e+02
1.000000e+02, 2.939767e+02
1.000000e+02, 3.041149e+02
1.000000e+02, 3.147292e+02
1.000000e+02, 3.253471e+02
1.000000e+02, 3.360086e+02
1.000000e+02, 3.451038e+02
1.000000e+02, 3.536105e+02
1.000000e+02, 6.801514e-01
1.000000e+02, 5.679109e+00
1.000000e+02, 9.892559e+00
1.000000e+02, 1.222464e+01
1.000000e+02, 1.385992e+01
1.000000e+02, 1.378528e+01
1.000000e+02, 1.271766e+01
1.000000e+02, 1.030264e+01
1.000000e+02, 7.470586e+00
1.000000e+02, 3.039519e+00
1.000000e+02, 3.573003e+02
1.000000e+02, 3.506151e+02
1.000000e+02, 3.432632e+02
1.000000e+02, 3.353782e+02
1.000000e+02, 3.276820e+02
1.000000e+02, 3.203841e+02
1.000000e+02, 3.137687e+02
1.000000e+02, 3.079647e+02
1.000000e+02, 3.028568e+02
1.000000e+02, 2.983493e+02
1.000000e+02, 2.946435e+02
1.000000e+02, 2.913431e+02
1.000000e+02, 2.883600e+02
1.000000e+02, 2.858667e+02
1.000000e+02, 2.783818e+02
1.000000e+02, 3.544032e+02
1.000000e+02, 1.166502e+02
1.000000e+02, 1.179467e+02
1.000000e+02, 1.176509e+02
1.000000e+02, 1.165221e+02
1.000000e+02, 1.147617e+02
1.000000e+02, 1.123184e+02
1.000000e+02, 1.106632e+02
1.000000e+02, 1.078552e+02
1.000000e+02, 1.053613e+02
1.000000e+02, 1.024840e+02
1.000000e+02, 9.824715e+01
1.000000e+02, 9.308809e+01
1.000000e+02, 8.256015e+01
1.000000e+02, 5.784001e+01
1.000000e+02, 3.575081e+02
1.000000e+02, 3.296031e+02
1.000000e+02, 3.173785e+02
1.000000e+02, 3.121696e+02
1.000000e+02, 3.080949e+02
1.000000e+02, 3.047229e+02
1.000000e+02, 3.018232e+02
1.000000e+02, 2.997040e+02
1.000000e+02, 2.978889e+02
1.000000e+02, 2.958654e+02
1.000000e+02, 2.940412e+02
1.000000e+02, 2.936168e+02
1.000000e+02, 2.947980e+02
1.000000e+02, 3.018716e+02
1.000000e+02, 4.024892e+00
1.000000e+02, 8.343434e+01
1.000000e+02, 9.272670e+01
1.000000e+02, 9.440265e+01
1.000000e+02, 9.135669e+01
1.000000e+02, 8.911587e+01
1.000000e+02, 8.556061e+01
1.000000e+02, 8.131899e+01
1.000000e+02, 7.666986e+01
1.000000e+02, 7.152608e+01
1.000000e+02, 6.663072e+01
1.000000e+02, 6.116753e+01
1.000000e+02, 5.584498e+01
1.000000e+02, 5.078275e+01
1.000000e+02, 4.645117e+01
1.000000e+02, 4.319371e+01
1.000000e+02, 4.277832e+01
1.000000e+02, 4.849526e+01
1.000000e+02, 8.818037e+01
1.000000e+02, 1.608965e+02
1.000000e+02, 1.759657e+02
1.000000e+02, 1.779131e+02
1.000000e+02, 1.774731e+02
1.000000e+02, 1.762160e+02
1.000000e+02, 1.749032e+02
1.000000e+02, 1.727243e+02
1.000000e+02, 1.711224e+02
1.000000e+02, 1.694665e+02
1.000000e+02, 1.681355e+02
1.000000e+02, 1.668293e+02
1.000000e+02, 1.658610e+02
1.000000e+02, 1.649912e+02
1.000000e+02, 1.646182e+02
1.000000e+02, 1.647575e+02
1.000000e+02, 1.657896e+02
1.000000e+02, 1.682256e+02
1.000000e+02, 1.739598e+02
1.000000e+02, 1.878941e+02
1.000000e+02, 2.265228e+02
1.000000e+02, 2.767473e+02
1.000000e+02, 2.970068e+02
1.000000e+02, 3.035243e+02
1.000000e+02, 3.066155e+02
1.000000e+02, 3.065782e+02
1.000000e+02, 3.060162e+02
1.000000e+02, 3.041907e+02
1.000000e+02, 3.010688e+02
1.000000e+02, 2.967786e+02
1.000000e+02, 2.911622e+02
1.000000e+02, 2.832864e+02
1.000000e+02, 2.730473e+02
1.000000e+02, 2.602365e+02
1.000000e+02, 2.453924e+02
1.000000e+02, 2.315924e+02
1.000000e+02, 2.192837e+02
1.000000e+02, 2.098742e+02
1.000000e+02, 2.028307e+02
1.000000e+02, 1.980350e+02
1.000000e+02, 1.946687e+02
1.000000e+02, 1.924572e+02
1.000000e+02, 1.907141e+02
1.000000e+02, 1.893427e+02
1.000000e+02, 1.885853e+02
1.000000e+02, 1.872199e+02
1.000000e+02, 1.859744e+02
1.000000e+02, 1.842749e+02
1.000000e+02, 1.806288e+02
1.000000e+02, 1.746523e+02
1.000000e+02, 1.670944e+02
1.000000e+02, 1.571644e+02
1.000000e+02, 1.470362e+02
1.000000e+02, 1.383398e+02
1.000000e+02, 1.322842e+02
1.000000e+02, 1.286917e+02
1.000000e+02, 1.270637e+02
1.000000e+02, 1.270085e+02
1.000000e+02, 1.281586e+02
1.000000e+02, 1.306041e+02
1.000000e+02, 1.332869e+02
1.000000e+02, 1.374040e+02
1.000000e+02, 1.422940e+02
1.000000e+02, 1.478921e+02
1.000000e+02, 1.549108e+02
1.000000e+02, 1.634404e+02
1.000000e+02, 1.726533e+02
1.000000e+02, 1.821908e+02
1.000000e+02, 1.916152e+02
1.000000e+02, 1.999758e+02
1.000000e+02, 2.069399e+02
1.000000e+02, 2.118353e+02
1.000000e+02, 2.146836e+02
1.000000e+02, 2.159694e+02
1.000000e+02, 2.151182e+02
1.000000e+02, 2.121947e+02
1.000000e+02, 2.072322e+02
1.000000e+02, 2.006059e+02
1.000000e+02, 1.926764e+02
1.000000e+02, 1.844879e+02
1.000000e+02, 1.766441e+02
1.000000e+02, 1.699513e+02
1.000000e+02, 1.647179e+02
1.000000e+02, 1.609850e+02
1.000000e+02, 1.587409e+02
1.000000e+02, 1.578437e+02
1.000000e+02, 1.579993e+02
1.000000e+02, 1.598387e+02
1.000000e+02, 1.628757e+02
1.000000e+02, 1.680853e+02
1.000000e+02, 1.755251e+02
1.000000e+02, 1.862196e+02
1.000000e+02, 2.005466e+02
1.000000e+02, 2.177070e+02
1.000000e+02, 2.345352e+02
1.000000e+02, 2.486746e+02
1.000000e+02, 2.596749e+02
1.000000e+02, 2.682816e+02
1.000000e+02, 2.754648e+02
1.000000e+02, 2.815127e+02
1.000000e+02, 2.877278e+02
1.000000e+02, 2.953966e+02
1.000000e+02, 3.056340e+02
1.000000e+02, 3.248629e+02
1.000000e+02, 3.076798e+00
1.000000e+02, 4.527160e+01
1.000000e+02, 6.782934e+01
1.000000e+02, 7.893885e+01
1.000000e+02, 8.609058e+01
1.000000e+02, 9.052956e+01
1.000000e+02, 9.433913e+01
1.000000e+02, 9.761758e+01
1.000000e+02, 1.011119e+02
1.000000e+02, 1.038991e+02
1.000000e+02, 1.069032e+02
1.000000e+02, 1.108564e+02
1.000000e+02, 1.158480e+02
1.000000e+02, 1.226790e+02
1.000000e+02, 1.337423e+02
1.000000e+02, 1.530160e+02
1.000000e+02, 1.865755e+02
1.000000e+02, 2.207319e+02
1.000000e+02, 2.413661e+02
1.000000e+02, 2.526451e+02
1.000000e+02, 2.595728e+02
1.000000e+02, 2.640753e+02
1.000000e+02, 2.670930e+02
1.000000e+02, 2.693055e+02
1.000000e+02, 2.714959e+02
1.000000e+02, 2.733927e+02
1.000000e+02, 2.739798e+02
1.000000e+02, 2.746501e+02
1.000000e+02, 2.758383e+02
1.000000e+02, 2.763777e+02
1.000000e+02, 2.770437e+02
1.000000e+02, 2.768410e+02
1.000000e+02, 2.757368e+02
1.000000e+02, 2.750713e+02
1.000000e+02, 2.697085e+02
1.000000e+02, 2.546610e+02
1.000000e+02, 1.604761e+02
1.000000e+02, 1.315792e+02
1.000000e+02, 1.266831e+02
1.000000e+02, 1.258323e+02
1.000000e+02, 1.268103e+02
1.000000e+02, 1.299448e+02
1.000000e+02, 1.334804e+02
1.000000e+02, 1.377394e+02
1.000000e+02, 1.435188e+02
1.000000e+02, 1.510138e+02
1.000000e+02, 1.583264e+02
1.000000e+02, 1.664748e+02
1.000000e+02, 1.687867e+02
1.000000e+02, 1.261329e+02
1.000000e+02, 3.134074e+01
1.000000e+02, 3.448539e+01
1.000000e+02, 3.659384e+01
1.000000e+02, 4.106609e+01
1.000000e+02, 4.335539e+01
1.000000e+02, 4.562198e+01
1.000000e+02, 4.685198e+01
1.000000e+02, 4.738748e+01
1.000000e+02, 4.760683e+01
1.000000e+02, 4.734263e+01
1.000000e+02, 4.632290e+01
1.000000e+02, 4.499859e+01
1.000000e+02, 4.309169e+01
1.000000e+02, 4.057297e+01
1.000000e+02, 3.704589e+01
1.000000e+02, 3.302203e+01
1.000000e+02, 2.791592e+01
1.000000e+02, 2.175822e+01
1.000000e+02, 1.447904e+01
1.000000e+02, 6.147936e+00
1.000000e+02, 3.569742e+02
1.000000e+02, 3.474288e+02
1.000000e+02, 3.381431e+02
1.000000e+02, 3.289094e+02
1.000000e+02, 3.208221e+02
1.000000e+02, 3.129670e+02
1.000000e+02, 3.054340e+02
1.000000e+02, 2.977774e+02
1.000000e+02, 2.899350e+02
1.000000e+02, 2.799582e+02
1.000000e+02, 2.629421e+02
1.000000e+02, 2.248443e+02
1.000000e+02, 1.693499e+02
1.000000e+02, 1.422114e+02
1.000000e+02, 1.290967e+02
1.000000e+02, 1.214933e+02
1.000000e+02, 1.163428e+02
1.000000e+02, 1.127112e+02
1.000000e+02, 1.090432e+02
1.000000e+02, 1.056177e+02
1.000000e+02, 1.027477e+02
1.000000e+02, 9.941745e+01
1.000000e+02, 9.493533e+01
1.000000e+02, 8.558551e+01
1.000000e+02, 6.174396e+01
1.000000e+02, 3.338689e+02
1.000000e+02, 2.999287e+02
1.000000e+02, 2.904454e+02
1.000000e+02, 2.865351e+02
1.000000e+02, 2.832837e+02
1.000000e+02, 2.813595e+02
1.000000e+02, 2.794040e+02
1.000000e+02, 2.774596e+02
1.000000e+02, 2.761175e+02
1.000000e+02, 2.741969e+02
1.000000e+02, 2.719768e+02
1.000000e+02, 2.697461e+02
1.000000e+02, 2.672176e+02
1.000000e+02, 2.639628e+02
1.000000e+02, 2.593498e+02
1.000000e+02, 2.535653e+02
1.000000e+02, 2.455094e+02
1.000000e+02, 2.338579e+02
1.000000e+02, 2.187869e+02
1.000000e+02, 2.011327e+02
1.000000e+02, 1.841531e+02
1.000000e+02, 1.702982e+02
1.000000e+02, 1.605685e+02
1.000000e+02, 1.538050e+02
1.000000e+02, 1.495654e+02
1.000000e+02, 1.462509e+02
1.000000e+02, 1.448234e+02
1.000000e+02, 1.444203e+02
1.000000e+02, 1.445643e+02
1.000000e+02, 1.451733e+02
1.000000e+02, 1.466563e+02
1.000000e+02, 1.490422e+02
1.000000e+02, 1.517472e+02
1.000000e+02, 1.555735e+02
1.000000e+02, 1.618966e+02
1.000000e+02, 1.692630e+02
1.000000e+02, 1.792282e+02
1.000000e+02, 1.911481e+02
1.000000e+02, 2.043433e+02
1.000000e+02, 2.173442e+02
1.000000e+02, 2.278205e+02
1.000000e+02, 2.360092e+02
1.000000e+02, 2.412565e+02
1.000000e+02, 2.437827e+02
1.000000e+02, 2.450969e+02
1.000000e+02, 2.446560e+02
1.000000e+02, 2.429937e+02
1.000000e+02, 2.405024e+02
1.000000e+02, 2.369287e+02
1.000000e+02, 2.332219e+02
1.000000e+02, 2.291296e+02
1.000000e+02, 2.249680e+02
1.000000e+02, 2.210800e+02
1.000000e+02, 2.176386e+02
1.000000e+02, 2.146966e+02
1.000000e+02, 2.119586e+02
1.000000e+02, 2.100402e+02
1.000000e+02, 2.081869e+02
1.000000e+02, 2.065956e+02
1.000000e+02, 2.054653e+02
1.000000e+02, 2.045951e+02
1.000000e+02, 2.036861e+02
1.000000e+02, 2.028696e+02
1.000000e+02, 2.021449e+02
1.000000e+02, 2.013664e+02
1.000000e+02, 2.001739e+02
1.000000e+02, 1.970911e+02
1.000000e+02, 1.922181e+02
1.000000e+02, 1.712676e+02
1.000000e+02, 6.630556e+01
1.000000e+02, 3.518913e+01
1.000000e+02, 2.868558e+01
1.000000e+02, 2.533225e+01
1.000000e+02, 2.421865e+01
1.000000e+02, 2.459610e+01
1.000000e+02, 2.479729e+01
1.000000e+02, 2.445160e+01
1.000000e+02, 2.600055e+01
1.000000e+02, 2.702715e+01
1.000000e+02, 2.887469e+01
1.000000e+02, 3.119549e+01
1.000000e+02, 3.348573e+01
1.000000e+02, 3.664072e+01
1.000000e+02, 3.980413e+01
1.000000e+02, 4.312553e+01
1.000000e+02, 4.613956e+01
1.000000e+02, 4.934784e+01
1.000000e+02, 5.149894e+01
1.000000e+02, 5.320366e+01
1.000000e+02, 5.466389e+01
1.000000e+02, 5.537254e+01
1.000000e+02, 5.553954e+01
1.000000e+02, 5.503767e+01
1.000000e+02, 5.357178e+01
1.000000e+02, 5.141555e+01
1.000000e+02, 4.810966e+01
1.000000e+02, 4.392757e+01
1.000000e+02, 3.750594e+01
1.000000e+02, 2.899336e+01
1.000000e+02, 1.699202e+01
1.000000e+02, 8.762832e-01
1.000000e+02, 3.412026e+02
1.000000e+02, 3.201640e+02
1.000000e+02, 3.020139e+02
1.000000e+02, 2.871112e+02
1.000000e+02, 2.752116e+02
1.000000e+02, 2.645743e+02
1.000000e+02, 2.555028e+02
1.000000e+02, 2.461123e+02
1.000000e+02, 2.368728e+02
1.000000e+02, 2.267753e+02
1.000000e+02, 2.158056e+02
1.000000e+02, 2.040876e+02
1.000000e+02, 1.921878e+02
1.000000e+02, 1.802737e+02
1.000000e+02, 1.691581e+02
1.000000e+02, 1.592851e+02
1.000000e+02, 1.509061e+02
1.000000e+02, 1.439801e+02
1.000000e+02, 1.382728e+02
1.000000e+02, 1.337181e+02
1.000000e+02, 1.295549e+02
1.000000e+02, 1.263277e+02
1.000000e+02, 1.234856e+02
1.000000e+02, 1.211240e+02
1.000000e+02, 1.190873e+02
1.000000e+02, 1.171566e+02
1.000000e+02, 1.159477e+02
1.000000e+02, 1.148315e+02
1.000000e+02, 1.126926e+02
1.000000e+02, 1.156054e+02
1.000000e+02, 3.590006e+02
1.000000e+02, 2.647949e+02
1.000000e+02, 2.652638e+02
1.000000e+02, 2.651109e+02
1.000000e+02, 2.643564e+02
1.000000e+02, 2.632493e+02
1.000000e+02, 2.623315e+02
1.000000e+02, 2.616768e+02
1.000000e+02, 2.600181e+02
1.000000e+02, 2.594103e+02
1.000000e+02, 2.580591e+02
1.000000e+02, 2.573909e+02
1.000000e+02, 2.564000e+02
1.000000e+02, 2.554790e+02
1.000000e+02, 2.550845e+02
1.000000e+02, 2.551265e+02
1.000000e+02, 2.560875e+02
1.000000e+02, 2.587549e+02
1.000000e+02, 2.630050e+02
1.000000e+02, 2.768884e+02
1.000000e+02, 3.107269e+02
1.000000e+02, 3.485525e+02
1.000000e+02, 3.460687e+00
1.000000e+02, 1.012317e+01
1.000000e+02, 1.316380e+01
1.000000e+02, 1.609557e+01
1.000000e+02, 1.891129e+01
1.000000e+02, 2.185247e+01
1.000000e+02, 2.592951e+01
1.000000e+02, 3.179995e+01
1.000000e+02, 3.922661e+01
1.000000e+02, 4.947580e+01
1.000000e+02, 6.143532e+01
1.000000e+02, 7.374240e+01
1.000000e+02, 8.444765e+01
1.000000e+02, 9.304095e+01
1.000000e+02, 9.960723e+01
1.000000e+02, 1.047491e+02
1.000000e+02, 1.080671e+02
1.000000e+02, 1.107963e+02
1.000000e+02, 1.126409e+02
1.000000e+02, 1.142078e+02
1.000000e+02, 1.153236e+02
1.000000e+02, 1.165044e+02
1.000000e+02, 1.179501e+02
1.000000e+02, 1.195832e+02
1.000000e+02, 1.237918e+02
1.000000e+02, 1.367372e+02
1.000000e+02, 2.323313e+02
1.000000e+02, 2.658452e+02
1.000000e+02, 2.711348e+02
1.000000e+02, 2.725651e+02
1.000000e+02, 2.725071e+02
1.000000e+02, 2.720648e+02
1.000000e+02, 2.713163e+02
1.000000e+02, 2.697157e+02
1.000000e+02, 2.679076e+02
1.000000e+02, 2.660437e+02
1.000000e+02, 2.639566e+02
1.000000e+02, 2.618926e+02
1.000000e+02, 2.597122e+02
1.000000e+02, 2.578171e+02
1.000000e+02, 2.556979e+02
1.000000e+02, 2.544219e+02
1.000000e+02, 2.538710e+02
1.000000e+02, 2.542630e+02
1.000000e+02, 2.558847e+02
1.000000e+02, 2.595487e+02
1.000000e+02, 2.649101e+02
1.000000e+02, 2.724431e+02
1.000000e+02, 2.813261e+02
1.000000e+02, 2.903345e+02
1.000000e+02, 2.981075e+02
1.000000e+02, 3.039629e+02
1.000000e+02, 3.075028e+02
1.000000e+02, 3.096019e+02
1.000000e+02, 3.102247e+02
1.000000e+02, 3.094598e+02
1.000000e+02, 3.079172e+02
1.000000e+02, 3.052610e+02
1.000000e+02, 3.018961e+02
1.000000e+02, 2.975994e+02
1.000000e+02, 2.923760e+02
1.000000e+02, 2.866103e+02
1.000000e+02, 2.798703e+02
1.000000e+02, 2.720308e+02
1.000000e+02, 2.635951e+02
1.000000e+02, 2.551628e+02
1.000000e+02, 2.468140e+02
1.000000e+02, 2.393279e+02
1.000000e+02, 2.330479e+02
1.000000e+02, 2.274703e+02
1.000000e+02, 2.231078e+02
1.000000e+02, 2.198153e+02
1.000000e+02, 2.186585e+02
1.000000e+02, 2.212194e+02
1.000000e+02, 2.300974e+02
1.000000e+02, 2.582627e+02
1.000000e+02, 3.166432e+02
1.000000e+02, 3.539324e+02
1.000000e+02, 8.978733e+00
1.000000e+02, 1.594691e+01
1.000000e+02, 1.989011e+01
1.000000e+02, 2.174278e+01
1.000000e+02, 2.269924e+01
1.000000e+02, 2.318527e+01
1.000000e+02, 2.389222e+01
1.000000e+02, 2.370055e+01
1.000000e+02, 2.290256e+01
1.000000e+02, 2.704699e+02
1.000000e+02, 2.639152e+02
1.000000e+02, 2.664380e+02
1.000000e+02, 2.681643e+02
1.000000e+02, 2.701438e+02
1.000000e+02, 2.737951e+02
1.000000e+02, 2.778908e+02
1.000000e+02, 2.827164e+02
1.000000e+02, 2.891876e+02
1.000000e+02, 2.965057e+02
1.000000e+02, 3.051879e+02
1.000000e+02, 3.147325e+02
1.000000e+02, 3.245065e+02
1.000000e+02, 3.346065e+02
1.000000e+02, 3.451176e+02
1.000000e+02, 3.559855e+02
1.000000e+02, 1.516160e+01
1.000000e+02, 9.273937e+01
1.000000e+02, 1.979470e+02
1.000000e+02, 2.136272e+02
1.000000e+02, 2.206599e+02
1.000000e+02, 2.241409e+02
1.000000e+02, 2.263419e+02
1.000000e+02, 2.284023e+02
1.000000e+02, 2.285833e+02
1.000000e+02, 2.277787e+02
1.000000e+02, 2.279185e+02
1.000000e+02, 2.268131e+02
1.000000e+02, 2.254723e+02
1.000000e+02, 2.234669e+02
1.000000e+02, 2.211767e+02
1.000000e+02, 2.180179e+02
1.000000e+02, 2.143247e+02
1.000000e+02, 2.095359e+02
1.000000e+02, 2.031302e+02
1.000000e+02, 1.952909e+02
1.000000e+02, 1.844562e+02
1.000000e+02, 1.719364e+02
1.000000e+02, 1.573696e+02
1.000000e+02, 1.430819e+02
1.000000e+02, 1.310758e+02
1.000000e+02, 1.214311e+02
1.000000e+02, 1.138162e+02
1.000000e+02, 1.078421e+02
1.000000e+02, 1.027211e+02
1.000000e+02, 9.856614e+01
1.000000e+02, 9.483767e+01
1.000000e+02, 9.108414e+01
1.000000e+02, 8.717107e+01
1.000000e+02, 8.246216e+01
1.000000e+02, 7.929441e+01
1.000000e+02, 7.481827e+01
1.000000e+02, 6.782159e+01
1.000000e+02, 5.452484e+01
1.000000e+02, 9.204619e+01
1.000000e+02, 2.717122e+02
1.000000e+02, 2.824391e+02
1.000000e+02, 2.941572e+02
1.000000e+02, 2.979717e+02
1.000000e+02, 3.058654e+02
1.000000e+02, 3.136475e+02
1.000000e+02, 3.278656e+02
1.000000e+02, 2.481580e+00
1.000000e+02, 8.181332e+01
1.000000e+02, 1.327258e+02
1.000000e+02, 1.507986e+02
1.000000e+02, 1.593424e+02
1.000000e+02, 1.620464e+02
1.000000e+02, 1.644902e+02
1.000000e+02, 1.650378e+02
1.000000e+02, 1.660466e+02
1.000000e+02, 1.665218e+02
1.000000e+02, 1.670512e+02
1.000000e+02, 1.678151e+02
1.000000e+02, 1.698862e+02
1.000000e+02, 1.773402e+02
1.000000e+02, 2.420582e+02
1.000000e+02, 3.412352e+02
1.000000e+02, 3.569429e+02
1.000000e+02, 3.580195e+02
1.000000e+02, 3.576951e+02
1.000000e+02, 3.561938e+02
1.000000e+02, 3.539988e+02
1.000000e+02, 3.522783e+02
1.000000e+02, 3.496056e+02
1.000000e+02, 3.466698e+02
1.000000e+02, 3.435910e+02
1.000000e+02, 3.399571e+02
1.000000e+02, 3.356591e+02
1.000000e+02, 3.304715e+02
1.000000e+02, 3.246496e+02
1.000000e+02, 3.182495e+02
1.000000e+02, 3.112294e+02
1.000000e+02, 3.034417e+02
1.000000e+02, 2.933668e+02
1.000000e+02, 2.810481e+02
1.000000e+02, 2.680005e+02
1.000000e+02, 2.547643e+02
1.000000e+02, 2.385132e+02
1.000000e+02, 2.272526e+02
1.000000e+02, 2.207702e+02
1.000000e+02, 2.102516e+02
1.000000e+02, 2.153081e+02
1.000000e+02, 2.380734e+02
1.000000e+02, 3.057466e+02
1.000000e+02, 6.654714e+01
1.000000e+02, 1.017311e+02
1.000000e+02, 1.165713e+02
1.000000e+02, 1.244934e+02
1.000000e+02, 1.294459e+02
1.000000e+02, 1.338272e+02
1.000000e+02, 1.371318e+02
1.000000e+02, 1.384910e+02
1.000000e+02, 1.387874e+02
1.000000e+02, 1.397669e+02
1.000000e+02, 1.395844e+02
1.000000e+02, 1.402598e+02
1.000000e+02, 1.386559e+02
1.000000e+02, 1.380776e+02
1.000000e+02, 1.368342e+02
1.000000e+02, 1.354466e+02
1.000000e+02, 1.337026e+02
1.000000e+02, 1.323031e+02
1.000000e+02, 1.304119e+02
1.000000e+02, 1.286223e+02
1.000000e+02, 1.267589e+02
1.000000e+02, 1.247147e+02
1.000000e+02, 1.223829e+02
1.000000e+02, 1.200946e+02
1.000000e+02, 1.182741e+02
1.000000e+02, 1.157308e+02
1.000000e+02, 1.135136e+02
1.000000e+02, 1.114778e+02
1.000000e+02, 1.096324e+02
1.000000e+02, 1.080556e+02
1.000000e+02, 1.068978e+02
1.000000e+02, 1.063457e+02
1.000000e+02, 1.068609e+02
1.000000e+02, 1.093792e+02
1.000000e+02, 1.147411e+02
1.000000e+02, 1.247629e+02
1.000000e+02, 1.418631e+02
1.000000e+02, 1.646348e+02
1.000000e+02, 1.854811e+02
1.000000e+02, 1.975275e+02
1.000000e+02, 2.045915e+02
1.000000e+02, 2.086158e+02
1.000000e+02, 2.103078e+02
1.000000e+02, 2.110843e+02
1.000000e+02, 2.111679e+02
1.000000e+02, 2.110483e+02
1.000000e+02, 2.103623e+02
1.000000e+02, 2.099115e+02
1.000000e+02, 2.092819e+02
1.000000e+02, 2.083217e+02
1.000000e+02, 2.076846e+02
1.000000e+02, 2.065274e+02
1.000000e+02, 2.066136e+02
1.000000e+02, 2.055213e+02
1.000000e+02, 2.047895e+02
1.000000e+02, 2.041602e+02
1.000000e+02, 2.035587e+02
1.000000e+02, 2.035496e+02
1.000000e+02, 2.028462e+02
1.000000e+02, 2.028674e+02
1.000000e+02, 2.023485e+02
1.000000e+02, 2.022643e+02
1.000000e+02, 2.028543e+02
1.000000e+02, 2.030054e+02
1.000000e+02, 2.033114e+02
1.000000e+02, 2.042034e+02
1.000000e+02, 2.059450e+02
1.000000e+02, 2.100751e+02
1.000000e+02, 2.167139e+02
1.000000e+02, 2.238878e+02
1.000000e+02, 1.482227e+02
1.000000e+02, 5.544790e+01
1.000000e+02, 4.186437e+01
1.000000e+02, 8.115737e+01
1.000000e+02, 9.939653e+01
1.000000e+02, 1.139519e+02
1.000000e+02, 1.161613e+02
1.000000e+02, 1.118595e+02
1.000000e+02, 1.104337e+02
1.000000e+02, 1.082070e+02
1.000000e+02, 1.035375e+02
1.000000e+02, 9.817981e+01
1.000000e+02, 9.119448e+01
1.000000e+02, 8.327270e+01
1.000000e+02, 7.494665e+01
1.000000e+02, 6.451414e+01
1.000000e+02, 5.425095e+01
1.000000e+02, 4.397955e+01
1.000000e+02, 3.382175e+01
1.000000e+02, 2.435255e+01
1.000000e+02, 1.601658e+01
1.000000e+02, 8.077832e+00
1.000000e+02, 1.641993e+00
1.000000e+02, 3.555203e+02
1.000000e+02, 3.475962e+02
1.000000e+02, 3.395016e+02
1.000000e+02, 3.310437e+02
1.000000e+02, 2.885721e+02
1.000000e+02, 2.378684e+02
1.000000e+02, 2.264023e+02
1.000000e+02, 2.185908e+02
1.000000e+02, 2.099786e+02
1.000000e+02, 2.018562e+02
1.000000e+02, 1.967085e+02
1.000000e+02, 1.926130e+02
1.000000e+02, 1.886658e+02
1.000000e+02, 1.847158e+02
1.000000e+02, 1.827414e+02
1.000000e+02, 1.805834e+02
1.000000e+02, 1.781881e+02
1.000000e+02, 1.761859e+02
1.000000e+02, 1.747249e+02
1.000000e+02, 1.736054e+02
1.000000e+02, 1.728218e+02
1.000000e+02, 1.745838e+02
1.000000e+02, 1.839886e+02
1.000000e+02, 1.967395e+02
1.000000e+02, 3.732496e+01
1.000000e+02, 2.677965e+02
1.000000e+02, 1.211215e+02
1.000000e+02, 9.803429e+01
1.000000e+02, 1.455252e+02
1.000000e+02, 1.546917e+02
1.000000e+02, 1.581249e+02
1.000000e+02, 1.599947e+02
1.000000e+02, 1.627456e+02
1.000000e+02, 1.644786e+02
1.000000e+02, 1.649716e+02
1.000000e+02, 1.675434e+02
1.000000e+02, 1.700024e+02
1.000000e+02, 1.735863e+02
1.000000e+02, 1.777018e+02
1.000000e+02, 1.851248e+02
1.000000e+02, 1.956321e+02
1.000000e+02, 2.118994e+02
1.000000e+02, 2.430759e+02
1.000000e+02, 3.029468e+02
1.000000e+02, 7.296137e+00
1.000000e+02, 5.209944e+01
1.000000e+02, 8.494825e+01
1.000000e+02, 1.139317e+02
1.000000e+02, 1.398335e+02
1.000000e+02, 1.592627e+02
1.000000e+02, 1.733656e+02
1.000000e+02, 1.844598e+02
1.000000e+02, 1.947796e+02
1.000000e+02, 2.053860e+02
1.000000e+02, 1.972909e+02
1.000000e+02, 2.099993e+02
1.000000e+02, 9.026522e+01
1.000000e+02, 9.415525e+00
1.000000e+02, 1.474540e+01
1.000000e+02, 1.440288e+01
1.000000e+02, 3.620259e+00
1.000000e+02, 3.404245e+02
1.000000e+02, 3.011253e+02
1.000000e+02, 2.701317e+02
1.000000e+02, 2.507693e+02
1.000000e+02, 2.412594e+02
1.000000e+02, 2.340380e+02
1.000000e+02, 2.288157e+02
1.000000e+02, 2.253052e+02
##END=