##TITLE= Parameter file, TOPSPIN		Version 3.2
##JCAMPDX= 5.0
##DATATYPE= Parameter Values
##NPOINTS= 1	$$ modification sequence number
##ORIGIN= Bruker BioSpin GmbH
##OWNER= jz498
$$ 2020-09-09 11:08:25.753 +0100  jz498@auchentoshan
$$ C:/Bruker/TopSpin3.2/exp/stan/nmr/par/user/jrn-t1-vshort/clevels
$$ process C:\Bruker\TopSpin3.2\prog\mod\edparproc.exe
##$LEVELS= (0..255)
-2784.89400073492 -2687.32101284799 -2593.16664267601 -2502.31111375898
-2414.63884618697 -2330.03830956757 -2248.40188114497 -2169.62570888993
-2093.60957938668 -2020.25679034855 -1949.47402760025 -1881.17124637025
-1815.26155674225 -1751.66111312002 -1690.28900756506 -1631.06716687129
-1573.92025324589 -1518.77556846994 -1465.56296141697 -1414.21473881168
-1364.66557911541 -1316.85244942875 -1270.71452530557 -1226.19311337655
-1183.2315766836 -1141.77526263046 -1101.77143345749 -1063.1691991525 -1025.91945271214
-989.974807671416 -955.289537822078 -921.819519042969 921.819519042969
955.289537822078 989.974807671416 1025.91945271214 1063.1691991525 1101.77143345749
1141.77526263046 1183.2315766836 1226.19311337655 1270.71452530557 1316.85244942875
1364.66557911541 1414.21473881168 1465.56296141697 1518.77556846994 1573.92025324589
1631.06716687129 1690.28900756506 1751.66111312002 1815.26155674225 1881.17124637025
1949.47402760025 2020.25679034855 2093.60957938668 2169.62570888993 2248.40188114497
2330.03830956757 2414.63884618697 2502.31111375898 2593.16664267601 2687.32101284799
2784.89400073492 0 0 0 0 0 0 0 0 0 0 0 0 0 0 0 0 0 0 0 0 0 0 0 0 0 0 0
0 0 0 0 0 0 0 0 0 0 0 0 0 0 0 0 0 0 0 0 0 0 0 0 0 0 0 0 0 0 0 0 0 0 0 0
0 0 0 0 0 0 0 0 0 0 0 0 0 0 0 0 0 0 0 0 0 0 0 0 0 0 0 0 0 0 0 0 0 0 0 0
0 0 0 0 0 0 0 0 0 0 0 0 0 0 0 0 0 0 0 0 0 0 0 0 0 0 0 0 0 0 0 0 0 0 0 0
0 0 0 0 0 0 0 0 0 0 0 0 0 0 0 0 0 0 0 0 0 0 0 0 0 0 0 0 0 0 0 0 0 0 0 0
0 0 0 0 0 0 0 0 0 0 0 0 0 0 0 0 0 0 0 0 0
##$LEVSIGN= 0
##$MAXLEV= 32
##$METHOD= 0
##$NEGBASE= -921.819519042969
##$NEGINCR= 1.03630864620209
##$POSBASE= 921.819519042969
##$POSINCR= 1.03630864620209
##END=
