##TITLE= Parameter file, TOPSPIN		Version 3.2
##JCAMPDX= 5.0
##DATATYPE= Parameter Values
##NPOINTS= 1	$$ modification sequence number
##ORIGIN= Bruker BioSpin GmbH
##OWNER= nmrsu
$$ 2020-08-13 16:35:20.557 +0100  nmrsu@lagavulin
$$ C:/Bruker/TopSpin3.2/exp/stan/nmr/par/user/janus-hsqc.std/clevels
$$ process C:\Bruker\TopSpin3.2\prog\mod\edparproc.exe
##$LEVELS= (0..255)
-1358817.02906679 -1170981.74680679 -1009111.76561895 -869617.787200756
-749406.677814418 -645812.881266643 -556539.31297528 -479606.424510311
-413308.309168415 -356174.875267923 -306939.248396352 -264509.679789314
-227945.337938337 -196435.446631703 -169281.306836094 -145880.803772973
-125715.055650262 -108336.907998833 -93361.0184877106 -80455.3123590764
-69333.6190162558 -59749.3264886816 -51489.9130682052 -44372.234861485
-38238.4647648311 -32952.5928125023 -28397.4102973214 -24471.9107896256
-21089.0504248511 -18173.8177964613 -15661.5706561053 -13496.6025390625
13496.6025390625 15661.5706561053 18173.8177964613 21089.0504248511 24471.9107896256
28397.4102973214 32952.5928125023 38238.4647648311 44372.234861485 51489.9130682052
59749.3264886816 69333.6190162558 80455.3123590764 93361.0184877106 108336.907998833
125715.055650262 145880.803772973 169281.306836094 196435.446631703 227945.337938337
264509.679789314 306939.248396352 356174.875267923 413308.309168415 479606.424510311
556539.31297528 645812.881266643 749406.677814418 869617.787200756 1009111.76561895
1170981.74680679 1358817.02906679 0 0 0 0 0 0 0 0 0 0 0 0 0 0 0 0 0 0 0
0 0 0 0 0 0 0 0 0 0 0 0 0 0 0 0 0 0 0 0 0 0 0 0 0 0 0 0 0 0 0 0 0 0 0 0
0 0 0 0 0 0 0 0 0 0 0 0 0 0 0 0 0 0 0 0 0 0 0 0 0 0 0 0 0 0 0 0 0 0 0 0
0 0 0 0 0 0 0 0 0 0 0 0 0 0 0 0 0 0 0 0 0 0 0 0 0 0 0 0 0 0 0 0 0 0 0 0
0 0 0 0 0 0 0 0 0 0 0 0 0 0 0 0 0 0 0 0 0 0 0 0 0 0 0 0 0 0 0 0 0 0 0 0
0 0 0 0 0 0 0 0 0 0 0 0 0 0 0 0 0 0 0 0 0 0 0 0 0 0 0 0 0
##$LEVSIGN= 0
##$MAXLEV= 32
##$METHOD= 0
##$NEGBASE= -13496.6025390625
##$NEGINCR= 1.1604083776474
##$POSBASE= 13496.6025390625
##$POSINCR= 1.1604083776474
##END=
