##TITLE= Parameter file, TOPSPIN		Version 3.2
##JCAMPDX= 5.0
##DATATYPE= Parameter Values
##NPOINTS= 3	$$ modification sequence number
##ORIGIN= Bruker BioSpin GmbH
##OWNER= Administrator
$$ 2014-12-15 13:16:13.384 +0000  Administrator@glengrant
$$ C:\Bruker\TopSpin3.2\exp\stan\nmr\par\user/1h-7li-hoesy-1h-det.std/clevels
$$ process C:\Bruker\TopSpin3.2\prog\mod\edparproc.exe
##$LEVELS= (0..255)
1091.41638183594 1172.5318334208 1259.67588838318 1353.29660018236 1453.87532217972
1561.92918252981 1678.01374300832 1802.72585544772 1936.70673046663 2080.64523427118
2235.2814304788 2401.41038517484 2579.88625476584 2771.62667764724 2977.61749226541
3198.91780583208 3436.66543975199 3692.08277976171 3966.48306085817 4261.27711933106
4577.98064661487 4918.22198225641 5283.75048606559 5676.44553249506 6098.32617349355
6551.56151951484 7038.48189205633 7561.59080506863 8123.57783683858 8727.33245852703
9375.9588904611 10072.792062565 0 0 0 0 0 0 0 0 0 0 0 0 0 0 0 0 0 0 0 0
0 0 0 0 0 0 0 0 0 0 0 0 0 0 0 0 0 0 0 0 0 0 0 0 0 0 0 0 0 0 0 0 0 0 0 0
0 0 0 0 0 0 0 0 0 0 0 0 0 0 0 0 0 0 0 0 0 0 0 0 0 0 0 0 0 0 0 0 0 0 0 0
0 0 0 0 0 0 0 0 0 0 0 0 0 0 0 0 0 0 0 0 0 0 0 0 0 0 0 0 0 0 0 0 0 0 0 0
0 0 0 0 0 0 0 0 0 0 0 0 0 0 0 0 0 0 0 0 0 0 0 0 0 0 0 0 0 0 0 0 0 0 0 0
0 0 0 0 0 0 0 0 0 0 0 0 0 0 0 0 0 0 0 0 0 0 0 0 0 0 0 0 0 0 0 0 0 0 0 0
0 0 0 0 0 0 0 0 0 0 0 0 0 0 0 0 0 0 0 0 0 0 0 0
##$LEVSIGN= 1
##$MAXLEV= 32
##$METHOD= 0
##$NEGBASE= -1091.41638183594
##$NEGINCR= 1.07432126998901
##$POSBASE= 1091.41638183594
##$POSINCR= 1.07432126998901
##END=
