##TITLE= Parameter file, TOPSPIN		Version 3.2
##JCAMPDX= 5.0
##DATATYPE= Parameter Values
##NPOINTS= 1	$$ modification sequence number
##ORIGIN= Bruker BioSpin GmbH
##OWNER= raul garcia
$$ 2016-03-09 11:43:22.613 +0000  raul garcia@glengrant
$$ C:\Bruker\TopSpin3.2\exp\stan\nmr\par\user/7Li-1H-hosy-high-res/clevels
$$ process C:\Bruker\TopSpin3.2\prog\mod\edparproc.exe
##$LEVELS= (0..255)
112.398902893066 114.395674479572 116.427918803499 118.496266039628 120.601357557826
122.743846121924 124.92439609213 127.143683631044 129.402396913323 131.701236339079
134.040914751063 136.42215765571 138.845703448109 141.312303640972 143.822723097667
146.377740269397 148.978147436582 151.624750954542 154.318371503535 157.059844343242
159.850019571767 162.689762389248 165.579953366141 168.521488716277 171.515280574766
174.562257280839 177.663363665714 180.819561345582 184.031829019785 187.301162774306
190.628576390639 194.015101660152 0 0 0 0 0 0 0 0 0 0 0 0 0 0 0 0 0 0 0
0 0 0 0 0 0 0 0 0 0 0 0 0 0 0 0 0 0 0 0 0 0 0 0 0 0 0 0 0 0 0 0 0 0 0 0
0 0 0 0 0 0 0 0 0 0 0 0 0 0 0 0 0 0 0 0 0 0 0 0 0 0 0 0 0 0 0 0 0 0 0 0
0 0 0 0 0 0 0 0 0 0 0 0 0 0 0 0 0 0 0 0 0 0 0 0 0 0 0 0 0 0 0 0 0 0 0 0
0 0 0 0 0 0 0 0 0 0 0 0 0 0 0 0 0 0 0 0 0 0 0 0 0 0 0 0 0 0 0 0 0 0 0 0
0 0 0 0 0 0 0 0 0 0 0 0 0 0 0 0 0 0 0 0 0 0 0 0 0 0 0 0 0 0 0 0 0 0 0 0
0 0 0 0 0 0 0 0 0 0 0 0 0 0 0 0 0 0 0 0 0 0 0 0 0
##$LEVSIGN= 1
##$MAXLEV= 32
##$METHOD= 0
##$NEGBASE= -112.398902893066
##$NEGINCR= 1.01776504516602
##$POSBASE= 112.398902893066
##$POSINCR= 1.01776504516602
##END=
