##TITLE= Parameter file, TOPSPIN		Version 3.2
##JCAMPDX= 5.0
##DATATYPE= Parameter Values
##NPOINTS= 2	$$ modification sequence number
##ORIGIN= Bruker BioSpin GmbH
##OWNER= Andrew Peel
$$ 2018-07-17 16:31:28.311 +0100  Andrew Peel@glengrant
$$ C:\Bruker\TopSpin3.2\exp\stan\nmr\par\user/7li-noesy.ajp/clevels
$$ process C:\Bruker\TopSpin3.2\prog\mod\edparproc.exe
##$LEVELS= (0..255)
-27187.5089284879 -24276.2151258563 -21676.6685902338 -19355.4867896342
-17282.8618615543 -15432.1778300887 -13779.6688122151 -12304.1138240462
-10986.5642678496 -9810.10060031262 -8759.61505726398 -7821.61764467539
-6984.06290454115 -6236.19523102015 -5568.41075044033 -4972.13399147337
-4439.70776171819 -3964.29481652401 -3539.7900573161 -3160.74213190345
-2822.28342998519 -2520.06757488064 -2250.21360877214 -2009.25615470575
-1794.10091534637 -1601.98493701668 -1430.4411287438 -1277.26658067855
-1140.49427504295 -1018.367826327 -909.318926356667 -811.947204589844 811.947204589844
909.318926356667 1018.367826327 1140.49427504295 1277.26658067855 1430.4411287438
1601.98493701668 1794.10091534637 2009.25615470575 2250.21360877214 2520.06757488064
2822.28342998519 3160.74213190345 3539.7900573161 3964.29481652401 4439.70776171819
4972.13399147337 5568.41075044033 6236.19523102015 6984.06290454115 7821.61764467539
8759.61505726398 9810.10060031262 10986.5642678496 12304.1138240462 13779.6688122151
15432.1778300887 17282.8618615543 19355.4867896342 21676.6685902338 24276.2151258563
27187.5089284879 0 0 0 0 0 0 0 0 0 0 0 0 0 0 0 0 0 0 0 0 0 0 0 0 0 0 0
0 0 0 0 0 0 0 0 0 0 0 0 0 0 0 0 0 0 0 0 0 0 0 0 0 0 0 0 0 0 0 0 0 0 0 0
0 0 0 0 0 0 0 0 0 0 0 0 0 0 0 0 0 0 0 0 0 0 0 0 0 0 0 0 0 0 0 0 0 0 0 0
0 0 0 0 0 0 0 0 0 0 0 0 0 0 0 0 0 0 0 0 0 0 0 0 0 0 0 0 0 0 0 0 0 0 0 0
0 0 0 0 0 0 0 0 0 0 0 0 0 0 0 0 0 0 0 0 0 0 0 0 0 0 0 0 0 0 0 0 0 0 0 0
0 0 0 0 0 0 0 0 0 0 0 0 0 0 0 0 0 0 0 0 0
##$LEVSIGN= 0
##$MAXLEV= 32
##$METHOD= 0
##$NEGBASE= -811.947204589844
##$NEGINCR= 1.11992371082306
##$POSBASE= 811.947204589844
##$POSINCR= 1.11992371082306
##END=
