##TITLE= Parameter file, TopSpin 4.0.5
##JCAMPDX= 5.0
##DATATYPE= Parameter Values
##NPOINTS= 4	$$ modification sequence number
##ORIGIN= Bruker BioSpin GmbH
##OWNER= nmrsu
$$ 2019-03-05 09:49:08.695 -0000  Administrator@tobermory
$$ C:\Bruker\TopSpin4.0.5\exp\stan\nmr\par\user/janus-hsqc-quickest.std/clevels
$$ process C:\Bruker\TopSpin4.0.5\prog\mod\edparproc.exe
##$LEVELS= (0..255)
-3266118902.97271 -2825787483.28943 -2444820638.17317 -2115214958.01928
-1830046036.4126 -1583323001.14101 -1369862657.03809 -1185180596.6282 -1025396991.01011
-887155081.819512 -767550661.937163 -664071063.462649 -574542371.203787
-497083752.7346 -430067945.580763 -372087071.441279 -321923059.266337 -278522055.834859
-240972286.245257 -208484899.209187 -180377394.743335 -156059286.105645
-135019694.759747 -116816617.760728 -101067642.089829 -87441910.8634028
-75653172.6410262 -65453767.8115671 -56629425.7222895 -48994763.2482904
-42389390.2355289 -36674540 36674540 42389390.2355289 48994763.2482904
56629425.7222895 65453767.8115671 75653172.6410262 87441910.8634028 101067642.089829
116816617.760728 135019694.759747 156059286.105645 180377394.743335 208484899.209187
240972286.245257 278522055.834859 321923059.266337 372087071.441279 430067945.580763
497083752.7346 574542371.203787 664071063.462649 767550661.937163 887155081.819512
1025396991.01011 1185180596.6282 1369862657.03809 1583323001.14101 1830046036.4126
2115214958.01928 2444820638.17317 2825787483.28943 3266118902.97271 0 0
0 0 0 0 0 0 0 0 0 0 0 0 0 0 0 0 0 0 0 0 0 0 0 0 0 0 0 0 0 0 0 0 0 0 0 0
0 0 0 0 0 0 0 0 0 0 0 0 0 0 0 0 0 0 0 0 0 0 0 0 0 0 0 0 0 0 0 0 0 0 0 0
0 0 0 0 0 0 0 0 0 0 0 0 0 0 0 0 0 0 0 0 0 0 0 0 0 0 0 0 0 0 0 0 0 0 0 0
0 0 0 0 0 0 0 0 0 0 0 0 0 0 0 0 0 0 0 0 0 0 0 0 0 0 0 0 0 0 0 0 0 0 0 0
0 0 0 0 0 0 0 0 0 0 0 0 0 0 0 0 0 0 0 0 0 0 0 0 0 0 0 0 0 0 0 0 0 0 0 0
0 0 0 0 0 0 0 0 0 0
##$LEVSIGN= 0
##$MAXLEV= 32
##$METHOD= 0
##$NEGBASE= -36674540
##$NEGINCR= 1.15582609176636
##$POSBASE= 36674540
##$POSINCR= 1.15582609176636
##END=
